DEM_Pakistan.txt
ncols         169
nrows         134
xllcorner     60.9
yllcorner     23.7
cellsize      0.1
NODATA_value  -9999
[rows 0 to 36 of 134, columns 83 to 165 of 169]
-9999 -9999 -9999 -9999 -9999 -9999 -9999 -9999 -9999 -9999 -9999 -9999 -9999 -9999 -9999 -9999 -9999 -9999 -9999 -9999 -9999 -9999 -9999 -9999 -9999 -9999 -9999 -9999 -9999 -9999 -9999 -9999 -9999 -9999 -9999 -9999 -9999 -9999 -9999 -9999 -9999 -9999 -9999 -9999 -9999 -9999 -9999 -9999 -9999 -9999 -9999 -9999 -9999 5175 5206 4996 4904 -9999 -9999 -9999 -9999 -9999 -9999 -9999 -9999 -9999 -9999 -9999 -9999 -9999 -9999 -9999 -9999 -9999 -9999 -9999 -9999 -9999 -9999 -9999 -9999 -9999 -9999
-9999 -9999 -9999 -9999 -9999 -9999 -9999 -9999 -9999 -9999 -9999 -9999 -9999 -9999 -9999 -9999 -9999 -9999 -9999 -9999 -9999 -9999 -9999 -9999 -9999 -9999 -9999 -9999 -9999 -9999 -9999 -9999 -9999 -9999 -9999 -9999 -9999 -9999 -9999 -9999 -9999 -9999 -9999 -9999 -9999 -9999 -9999 -9999 -9999 -9999 -9999 5098 4757 5706 5165 4199 5398 4999 4865 5062 5280 5468 -9999 -9999 -9999 -9999 -9999 -9999 -9999 -9999 -9999 -9999 -9999 -9999 -9999 -9999 -9999 -9999 -9999 -9999 -9999 -9999 -9999
-9999 -9999 -9999 -9999 -9999 -9999 -9999 -9999 -9999 -9999 -9999 -9999 -9999 -9999 -9999 -9999 -9999 -9999 -9999 -9999 -9999 -9999 -9999 -9999 -9999 -9999 -9999 -9999 -9999 -9999 -9999 -9999 -9999 5502 6250 5907 5025 5036 5036 4763 5058 3766 3576 4404 4722 4541 3764 4461 4945 4714 4053 4497 4379 4994 4089 5098 5286 4827 3990 4032 4630 4949 4613 -9999 -9999 -9999 -9999 -9999 -9999 -9999 -9999 -9999 -9999 -9999 -9999 -9999 -9999 -9999 -9999 -9999 -9999 -9999 -9999
-9999 -9999 -9999 -9999 -9999 -9999 -9999 -9999 -9999 -9999 -9999 -9999 -9999 -9999 -9999 -9999 -9999 -9999 -9999 -9999 -9999 -9999 -9999 -9999 -9999 -9999 -9999 -9999 -9999 -9999 5778 5177 5234 4770 3464 3510 4365 3091 4935 5289 4985 4798 4705 4955 4561 4855 5099 4532 4650 5239 5217 4607 4835 4266 4937 4253 3119 4901 3333 5960 5011 5425 5164 5302 4432 4098 -9999 -9999 -9999 -9999 -9999 -9999 -9999 -9999 -9999 -9999 -9999 -9999 -9999 -9999 -9999 -9999 -9999
-9999 -9999 -9999 -9999 -9999 -9999 -9999 -9999 -9999 -9999 -9999 -9999 -9999 -9999 -9999 -9999 -9999 -9999 -9999 -9999 -9999 -9999 -9999 -9999 -9999 -9999 -9999 -9999 -9999 6121 5213 4514 4155 3811 4615 4653 4948 4943 4948 3821 4552 4521 3045 3891 4297 4884 3457 5039 2956 3710 4942 5911 4824 4844 5638 5000 2800 4595 5358 5455 4796 4197 4659 5179 4798 4925 4675 -9999 -9999 -9999 -9999 -9999 -9999 -9999 -9999 -9999 -9999 -9999 -9999 -9999 -9999 -9999 -9999
-9999 -9999 -9999 -9999 -9999 -9999 -9999 -9999 -9999 -9999 -9999 -9999 -9999 -9999 -9999 -9999 -9999 -9999 -9999 -9999 -9999 -9999 -9999 -9999 -9999 -9999 -9999 6438 4507 4861 3878 4619 3064 4280 4514 3234 3574 4883 5383 4665 3943 4075 3354 5248 4161 3770 3629 4427 2731 4639 5171 4983 6302 5034 3392 4036 4704 4541 3870 4270 5565 4973 5145 4779 5454 5711 5449 3402 -9999 -9999 -9999 -9999 -9999 -9999 -9999 -9999 -9999 -9999 -9999 -9999 -9999 -9999 -9999
-9999 -9999 -9999 -9999 -9999 -9999 -9999 -9999 -9999 -9999 -9999 -9999 -9999 -9999 -9999 -9999 -9999 -9999 -9999 -9999 -9999 -9999 -9999 -9999 4686 4690 6663 5838 5657 3518 4575 2890 2905 4280 3031 3496 5631 4678 4156 4933 3981 3142 3387 3679 4110 4328 2228 3966 4797 5168 3702 4440 6223 4112 5880 4893 3352 3687 4381 4490 3638 3603 4230 4537 5119 5669 5465 5467 -9999 -9999 -9999 -9999 -9999 -9999 -9999 -9999 -9999 -9999 -9999 -9999 -9999 -9999 -9999
-9999 -9999 -9999 -9999 -9999 -9999 -9999 -9999 -9999 -9999 -9999 -9999 -9999 -9999 -9999 -9999 -9999 -9999 -9999 -9999 -9999 -9999 -9999 -9999 3341 6420 4647 4401 3717 2853 3558 2558 3989 3241 3466 4687 4666 3963 4589 4315 4340 2331 4405 4674 3372 4280 2102 3935 5263 4124 3782 5165 4786 3774 3570 4024 2969 4850 5991 6468 5430 3746 3486 4908 5524 5053 5006 5055 -9999 -9999 -9999 -9999 -9999 -9999 -9999 -9999 -9999 -9999 -9999 -9999 -9999 -9999 -9999
-9999 -9999 -9999 -9999 -9999 -9999 -9999 -9999 -9999 -9999 -9999 -9999 -9999 -9999 -9999 -9999 -9999 -9999 -9999 -9999 -9999 -9999 4793 3706 4238 5238 6767 3937 3915 2223 2572 2676 3960 4101 4265 4278 4645 4001 4594 4546 4071 2298 3471 2461 3381 1926 3966 4209 4363 4863 2786 1765 2010 2260 3112 2483 4412 4401 5112 4416 5977 5863 5049 5844 4661 4497 4840 4913 5826 -9999 -9999 -9999 -9999 -9999 -9999 -9999 -9999 -9999 -9999 -9999 -9999 -9999 -9999
-9999 -9999 -9999 -9999 -9999 -9999 -9999 -9999 -9999 -9999 -9999 -9999 -9999 -9999 -9999 -9999 -9999 -9999 -9999 -9999 -9999 5127 4202 4362 3009 4687 3781 3227 2422 3288 4183 5032 3673 5010 3753 4286 3350 3627 4549 3439 3593 3931 4357 3464 4654 2562 1827 4191 3468 4410 3599 3492 6272 5790 4488 3355 3410 4423 3350 4178 5632 4953 5536 4660 5322 5126 4861 5456 -9999 -9999 -9999 -9999 -9999 -9999 -9999 -9999 -9999 -9999 -9999 -9999 -9999 -9999 -9999
-9999 -9999 -9999 -9999 -9999 -9999 -9999 -9999 -9999 -9999 -9999 -9999 -9999 -9999 -9999 -9999 -9999 -9999 -9999 -9999 4580 3930 4492 3500 4055 3000 3080 3332 2869 4421 4716 5058 3122 4461 3888 3797 5347 4684 3627 4766 4014 4095 4526 4712 4505 4320 2709 3711 2788 1627 2593 3573 3364 3336 3759 6062 5691 6244 5179 4505 5261 4729 4567 5479 5413 5682 4996 5392 5040 -9999 -9999 -9999 -9999 -9999 -9999 -9999 -9999 -9999 -9999 -9999 -9999 -9999 -9999
-9999 -9999 -9999 -9999 -9999 -9999 -9999 -9999 -9999 -9999 -9999 -9999 -9999 -9999 -9999 -9999 -9999 -9999 -9999 -9999 -9999 3775 3784 2980 4128 3019 2899 1668 3482 3309 4967 3502 4444 5106 4973 4600 5002 4723 4323 4529 4654 4346 4038 3839 4026 4568 3731 4015 4274 3752 2394 1462 3793 2647 4987 2637 4226 6078 5106 4023 4961 5041 4007 4443 4997 6818 4516 5191 5005 5974 -9999 -9999 -9999 -9999 -9999 -9999 -9999 -9999 -9999 -9999 -9999 -9999 -9999
-9999 -9999 -9999 -9999 -9999 -9999 -9999 -9999 -9999 -9999 -9999 -9999 -9999 -9999 -9999 -9999 -9999 -9999 -9999 -9999 -9999 -9999 4550 4566 3311 2241 2980 4268 4705 4899 4126 4831 4437 4314 4628 4141 4489 3864 4837 4761 4063 3321 3953 3813 3390 4474 4300 4361 3925 3160 4012 3526 2224 1678 2822 1795 5004 6173 5257 4974 3158 3687 4466 4854 5105 4053 5173 3805 5226 5633 5216 5681 5490 5291 -9999 -9999 -9999 -9999 -9999 -9999 -9999 -9999 -9999
-9999 -9999 -9999 -9999 -9999 -9999 -9999 -9999 -9999 -9999 -9999 -9999 -9999 -9999 -9999 -9999 -9999 -9999 -9999 -9999 -9999 -9999 -9999 4076 2629 2392 3095 3297 3338 3562 4461 4599 4177 4801 4245 4325 4764 3879 3323 4252 3993 3794 4096 3916 3218 3405 4038 2929 4126 4118 3695 3561 2811 1902 1515 1544 3519 4980 3059 4858 4760 3600 4413 4609 3398 5919 3757 4756 4901 4551 4807 4173 4380 4868 7080 -9999 -9999 -9999 -9999 -9999 -9999 -9999 -9999
-9999 -9999 -9999 -9999 -9999 -9999 -9999 -9999 -9999 -9999 -9999 -9999 -9999 -9999 -9999 -9999 -9999 -9999 -9999 -9999 -9999 -9999 -9999 4171 3230 2287 3169 3145 4118 3509 4686 4088 4575 4080 3791 4632 3792 2686 4178 3586 4145 3875 1795 2690 2685 3214 2537 2300 3366 3900 4388 3901 4081 3542 1601 4583 4360 2487 3007 4676 3970 4505 2737 3426 5263 4908 3693 3724 3208 4252 5945 4771 5184 6348 6629 6522 5751 -9999 -9999 -9999 -9999 -9999 -9999
-9999 -9999 -9999 -9999 -9999 -9999 -9999 -9999 -9999 -9999 -9999 -9999 -9999 -9999 -9999 -9999 -9999 -9999 -9999 -9999 -9999 -9999 -9999 -9999 3270 2203 2478 3039 4291 4237 3244 3396 4079 2933 3103 4067 2640 4762 3796 2468 3276 3197 1614 1518 1838 2284 1826 2004 2463 2078 3682 4164 4356 2597 1853 2388 4757 4699 3394 4158 4147 2133 5162 2494 3600 4367 5612 5021 5481 5378 5320 4645 5868 5593 5356 6099 5971 5059 5956 6145 5725 -9999 -9999
-9999 -9999 -9999 -9999 -9999 -9999 -9999 -9999 -9999 -9999 -9999 -9999 -9999 -9999 -9999 -9999 -9999 -9999 -9999 -9999 -9999 -9999 -9999 -9999 2652 1607 3475 3588 2229 2647 2580 3212 2958 3704 3419 4599 3464 1632 1742 2265 1737 2715 2246 3325 3116 3131 2101 1710 1851 1406 1924 1937 1354 3138 3539 3988 3048 4714 4763 5225 4772 3079 2317 4290 3362 3177 4043 5441 3862 4855 4653 3513 5291 4593 3900 5267 5531 5931 4744 6275 5684 5797 5435
-9999 -9999 -9999 -9999 -9999 -9999 -9999 -9999 -9999 -9999 -9999 -9999 -9999 -9999 -9999 -9999 -9999 -9999 -9999 -9999 -9999 -9999 -9999 -9999 2399 3169 3907 2415 1621 2243 4087 4074 3430 4159 3054 3768 3151 2972 3055 2691 2325 3827 4731 4330 4023 2891 3029 3513 2706 1769 2663 3372 2927 4639 4648 4736 2631 4228 4023 4989 5143 3822 4171 2196 2192 2416 3121 4328 4981 3451 5124 4220 5359 4776 3620 3791 5458 5615 5395 4537 5569 6272 5518
-9999 -9999 -9999 -9999 -9999 -9999 -9999 -9999 -9999 -9999 -9999 -9999 -9999 -9999 -9999 -9999 -9999 -9999 -9999 -9999 -9999 -9999 -9999 -9999 2729 3780 2116 2131 2614 3499 3273 3127 2979 2199 3330 4244 3213 3698 3544 1333 1705 3265 4011 3373 4308 3828 3494 3446 3468 3350 4282 3792 4519 4968 5464 3281 2968 4200 4391 4604 4433 4670 4487 3133 2949 4915 2686 2905 4496 3441 2963 3655 3099 5195 4125 5100 5036 5848 5625 4202 4528 5336 5772
-9999 -9999 -9999 -9999 -9999 -9999 -9999 -9999 -9999 -9999 -9999 -9999 -9999 -9999 -9999 -9999 -9999 -9999 -9999 -9999 -9999 -9999 -9999 -9999 2342 2330 1453 1554 1512 2031 3041 2916 3163 1955 2283 4019 3873 2677 1537 2517 2067 3434 3255 4463 3830 3207 3653 4471 3970 3795 4528 3762 5128 4460 4358 4008 4475 3492 4412 4223 4757 4841 4498 4432 4517 4344 4021 2330 3663 3529 4132 2708 2549 3486 4503 3559 3883 4507 5114 5553 4615 5831 -9999
-9999 -9999 -9999 -9999 -9999 -9999 -9999 -9999 -9999 -9999 -9999 -9999 -9999 -9999 -9999 -9999 -9999 -9999 -9999 -9999 -9999 -9999 -9999 2415 1959 2537 2609 1473 1396 1781 2067 1617 1527 1894 3047 1967 1648 954 2252 1861 3030 3868 3564 4648 3733 4332 4034 3401 4206 4201 4126 4573 3622 4789 4750 3579 2886 4176 3507 4513 4345 3977 3904 4144 4351 4618 4538 3501 2755 3344 4914 5434 4711 4898 4910 5094 5193 5076 5685 5239 -9999 -9999 -9999
-9999 -9999 -9999 -9999 -9999 -9999 -9999 -9999 -9999 -9999 -9999 -9999 -9999 -9999 -9999 -9999 -9999 -9999 -9999 -9999 -9999 -9999 2100 1938 1065 1344 1240 1596 1460 2024 2105 1246 1109 1499 1728 1163 1682 2657 2550 3597 3953 3932 3593 4335 3326 3262 3448 4290 3929 3648 3059 4469 3611 3837 3897 4343 3523 3292 3917 4319 4045 3903 3894 4593 4651 4820 5027 4310 3911 3675 2709 4707 5073 3678 3819 3773 5445 4402 -9999 -9999 -9999 -9999 -9999
-9999 -9999 -9999 -9999 -9999 -9999 -9999 -9999 -9999 -9999 -9999 -9999 -9999 -9999 -9999 -9999 -9999 -9999 -9999 -9999 -9999 2092 1561 917 841 1468 762 977 1805 2250 1047 1151 1067 1511 2252 1430 1966 935 1853 2180 3314 3824 3464 2567 3778 4233 4384 3779 3680 4003 3451 2525 4135 3651 4200 4187 4042 4143 4195 4435 4080 4072 4282 3730 4664 4130 4524 4947 4741 3349 4554 4994 4517 4779 4909 5308 -9999 -9999 -9999 -9999 -9999 -9999 -9999
-9999 -9999 -9999 -9999 -9999 -9999 -9999 -9999 -9999 -9999 -9999 -9999 -9999 -9999 -9999 -9999 -9999 -9999 -9999 -9999 1576 1142 1036 810 1173 749 821 1043 932 1101 1007 975 1709 2654 1634 1457 1011 695 2238 3024 2810 3875 3224 3326 2856 4334 4260 3211 2592 2310 3232 -9999 -9999 3195 2451 2514 3235 3345 3184 4312 3848 3538 4199 4844 4768 3705 4580 4896 4130 3030 3125 4189 4859 5056 5057 -9999 -9999 -9999 -9999 -9999 -9999 -9999 -9999
-9999 -9999 -9999 -9999 -9999 -9999 -9999 -9999 -9999 -9999 -9999 -9999 -9999 -9999 -9999 -9999 -9999 -9999 -9999 1099 1014 1434 1127 2155 1264 587 708 752 697 757 1074 1511 1488 1774 1850 827 1681 1529 1248 2235 1687 2679 1854 2151 3276 3081 4163 1568 -9999 -9999 -9999 -9999 -9999 -9999 -9999 -9999 3497 3240 3152 4265 4451 4477 4557 3326 3673 3842 3281 3986 4164 3009 3898 -9999 -9999 -9999 -9999 -9999 -9999 -9999 -9999 -9999 -9999 -9999 -9999
-9999 -9999 -9999 -9999 -9999 -9999 -9999 -9999 -9999 -9999 -9999 -9999 -9999 -9999 -9999 -9999 -9999 -9999 1470 1217 812 860 603 1299 1043 1091 1021 791 554 886 1317 903 737 1286 1121 1539 1053 2111 1832 1377 1168 1012 2909 2340 3890 2288 1303 3229 -9999 -9999 -9999 -9999 -9999 -9999 -9999 -9999 -9999 -9999 -9999 -9999 -9999 4407 4601 4874 4643 4592 5333 -9999 -9999 -9999 -9999 -9999 -9999 -9999 -9999 -9999 -9999 -9999 -9999 -9999 -9999 -9999 -9999
-9999 -9999 -9999 -9999 -9999 -9999 -9999 -9999 -9999 -9999 -9999 -9999 -9999 -9999 -9999 -9999 -9999 -9999 1139 885 1073 677 788 1335 789 591 442 441 425 488 1721 1016 970 687 1013 750 1289 970 1438 917 968 861 1359 835 1367 2944 1815 -9999 -9999 -9999 -9999 -9999 -9999 -9999 -9999 -9999 -9999 -9999 -9999 -9999 -9999 -9999 -9999 -9999 -9999 -9999 -9999 -9999 -9999 -9999 -9999 -9999 -9999 -9999 -9999 -9999 -9999 -9999 -9999 -9999 -9999 -9999 -9999
-9999 -9999 -9999 -9999 -9999 -9999 -9999 -9999 -9999 -9999 -9999 -9999 -9999 -9999 -9999 -9999 -9999 -9999 -9999 488 715 723 733 405 388 396 383 367 380 424 377 426 828 1158 1170 1738 434 1969 953 1079 1078 1571 1031 1420 2691 2188 2307 -9999 -9999 -9999 -9999 -9999 -9999 -9999 -9999 -9999 -9999 -9999 -9999 -9999 -9999 -9999 -9999 -9999 -9999 -9999 -9999 -9999 -9999 -9999 -9999 -9999 -9999 -9999 -9999 -9999 -9999 -9999 -9999 -9999 -9999 -9999 -9999
-9999 -9999 -9999 -9999 -9999 -9999 -9999 -9999 -9999 -9999 -9999 -9999 -9999 -9999 -9999 -9999 -9999 -9999 -9999 885 810 838 452 358 332 332 348 328 323 319 726 360 439 521 859 1272 617 781 985 1022 1304 2159 1593 1227 1571 2462 3051 3384 -9999 -9999 -9999 -9999 -9999 -9999 -9999 -9999 -9999 -9999 -9999 -9999 -9999 -9999 -9999 -9999 -9999 -9999 -9999 -9999 -9999 -9999 -9999 -9999 -9999 -9999 -9999 -9999 -9999 -9999 -9999 -9999 -9999 -9999 -9999
-9999 -9999 -9999 -9999 -9999 -9999 -9999 -9999 -9999 -9999 -9999 -9999 -9999 -9999 -9999 -9999 -9999 -9999 -9999 1220 796 590 339 317 306 304 309 303 299 299 318 350 340 477 439 631 486 778 858 1375 1193 1958 2017 1472 1802 1363 1143 2952 -9999 -9999 -9999 -9999 -9999 -9999 -9999 -9999 -9999 -9999 -9999 -9999 -9999 -9999 -9999 -9999 -9999 -9999 -9999 -9999 -9999 -9999 -9999 -9999 -9999 -9999 -9999 -9999 -9999 -9999 -9999 -9999 -9999 -9999 -9999
-9999 -9999 -9999 -9999 -9999 -9999 -9999 4093 -9999 -9999 -9999 -9999 -9999 -9999 -9999 -9999 -9999 -9999 1771 1470 868 669 355 315 302 297 313 290 297 364 396 322 312 325 405 761 763 496 841 843 1143 2202 2210 1822 1689 1707 2740 2646 2413 3063 3344 -9999 -9999 -9999 -9999 -9999 -9999 -9999 -9999 -9999 -9999 -9999 -9999 -9999 -9999 -9999 -9999 -9999 -9999 -9999 -9999 -9999 -9999 -9999 -9999 -9999 -9999 -9999 -9999 -9999 -9999 -9999 -9999
-9999 -9999 -9999 -9999 -9999 -9999 2796 2083 2066 2324 3226 3531 4018 3649 3264 2626 1803 1580 1626 1420 783 641 433 369 336 337 369 419 435 377 289 286 311 327 427 863 479 585 821 1085 1013 1784 1833 774 1430 1429 1672 2010 2841 2074 2232 -9999 -9999 -9999 -9999 -9999 -9999 -9999 -9999 -9999 -9999 -9999 -9999 -9999 -9999 -9999 -9999 -9999 -9999 -9999 -9999 -9999 -9999 -9999 -9999 -9999 -9999 -9999 -9999 -9999 -9999 -9999 -9999
-9999 -9999 -9999 -9999 -9999 -9999 -9999 1624 1554 1510 2158 2376 2417 2226 2541 1867 2394 1918 1861 1255 793 669 527 429 421 491 683 1148 527 575 487 355 336 403 399 438 511 1106 809 1079 1213 1151 1394 1030 1692 1606 1455 1508 1433 2127 -9999 -9999 -9999 -9999 -9999 -9999 -9999 -9999 -9999 -9999 -9999 -9999 -9999 -9999 -9999 -9999 -9999 -9999 -9999 -9999 -9999 -9999 -9999 -9999 -9999 -9999 -9999 -9999 -9999 -9999 -9999 -9999 -9999
-9999 -9999 -9999 -9999 -9999 -9999 -9999 1907 1913 1483 1266 1407 1873 1875 2283 2230 1904 1674 1819 1844 1853 877 788 552 531 804 614 606 375 646 272 330 356 395 442 470 581 907 766 604 691 920 1082 1329 831 1866 1387 968 -9999 -9999 -9999 -9999 -9999 -9999 -9999 -9999 -9999 -9999 -9999 -9999 -9999 -9999 -9999 -9999 -9999 -9999 -9999 -9999 -9999 -9999 -9999 -9999 -9999 -9999 -9999 -9999 -9999 -9999 -9999 -9999 -9999 -9999 -9999
-9999 -9999 -9999 -9999 -9999 -9999 -9999 -9999 -9999 1329 1183 1253 1513 1988 1777 1573 1402 1642 1337 827 819 1226 958 895 836 636 497 308 316 415 467 460 666 395 424 460 528 571 510 492 546 1034 820 778 918 1020 1101 855 -9999 -9999 -9999 -9999 -9999 -9999 -9999 -9999 -9999 -9999 -9999 -9999 -9999 -9999 -9999 -9999 -9999 -9999 -9999 -9999 -9999 -9999 -9999 -9999 -9999 -9999 -9999 -9999 -9999 -9999 -9999 -9999 -9999 -9999 -9999
-9999 -9999 -9999 -9999 -9999 -9999 -9999 -9999 -9999 -9999 1107 1029 1246 1263 1293 1358 1593 1644 862 755 848 515 478 453 703 497 352 256 315 356 395 409 478 491 515 465 530 524 487 439 536 581 726 590 758 722 664 1021 1198 1659 -9999 -9999 -9999 -9999 -9999 -9999 -9999 -9999 -9999 -9999 -9999 -9999 -9999 -9999 -9999 -9999 -9999 -9999 -9999 -9999 -9999 -9999 -9999 -9999 -9999 -9999 -9999 -9999 -9999 -9999 -9999 -9999 -9999
-9999 -9999 -9999 -9999 -9999 -9999 -9999 -9999 -9999 -9999 1216 992 851 1071 1255 908 976 907 834 792 586 477 433 432 617 345 287 312 337 375 402 421 444 442 512 728 457 469 428 548 573 559 608 582 412 940 526 602 934 1417 -9999 -9999 -9999 -9999 -9999 -9999 -9999 -9999 -9999 -9999 -9999 -9999 -9999 -9999 -9999 -9999 -9999 -9999 -9999 -9999 -9999 -9999 -9999 -9999 -9999 -9999 -9999 -9999 -9999 -9999 -9999 -9999 -9999
