DEM_Pakistan.txt
ncols         169
nrows         134
xllcorner     60.9
yllcorner     23.7
cellsize      0.1
NODATA_value  -9999
[rows 37 to 73 of 134, columns 83 to 165 of 169]
-9999 -9999 -9999 -9999 -9999 -9999 -9999 -9999 -9999 -9999 -9999 1353 894 723 858 1135 1171 1115 1227 670 607 621 477 427 366 303 352 332 303 440 425 409 423 488 461 355 378 371 437 511 527 456 456 358 529 548 894 676 780 1098 -9999 -9999 -9999 -9999 -9999 -9999 -9999 -9999 -9999 -9999 -9999 -9999 -9999 -9999 -9999 -9999 -9999 -9999 -9999 -9999 -9999 -9999 -9999 -9999 -9999 -9999 -9999 -9999 -9999 -9999 -9999 -9999 -9999
-9999 -9999 -9999 -9999 -9999 -9999 -9999 -9999 -9999 1167 1063 1061 747 754 758 1051 1003 855 897 719 567 591 490 653 467 383 427 511 396 331 310 371 448 474 360 371 418 455 438 555 500 431 404 421 457 375 556 1065 843 -9999 -9999 -9999 -9999 -9999 -9999 -9999 -9999 -9999 -9999 -9999 -9999 -9999 -9999 -9999 -9999 -9999 -9999 -9999 -9999 -9999 -9999 -9999 -9999 -9999 -9999 -9999 -9999 -9999 -9999 -9999 -9999 -9999 -9999
-9999 -9999 -9999 -9999 -9999 -9999 -9999 1524 1525 1501 1128 778 679 586 819 705 603 532 602 669 786 902 1012 673 566 216 347 326 331 352 370 390 300 345 340 382 408 450 522 562 496 450 433 457 335 414 341 569 726 938 -9999 -9999 -9999 -9999 -9999 -9999 -9999 -9999 -9999 -9999 -9999 -9999 -9999 -9999 -9999 -9999 -9999 -9999 -9999 -9999 -9999 -9999 -9999 -9999 -9999 -9999 -9999 -9999 -9999 -9999 -9999 -9999 -9999
-9999 -9999 -9999 2389 1909 1756 1562 1430 1007 902 745 606 552 452 408 388 370 420 506 654 1080 701 525 347 481 271 240 266 320 350 359 407 370 434 430 425 469 547 500 476 451 464 326 282 264 236 259 388 487 563 585 528 -9999 -9999 -9999 -9999 -9999 -9999 -9999 -9999 -9999 -9999 -9999 -9999 -9999 -9999 -9999 -9999 -9999 -9999 -9999 -9999 -9999 -9999 -9999 -9999 -9999 -9999 -9999 -9999 -9999 -9999 -9999
-9999 -9999 -9999 1902 1637 1409 1197 1119 968 792 681 674 511 384 342 307 339 405 499 743 339 275 253 211 422 326 296 343 361 374 415 462 450 400 535 510 525 501 440 480 377 365 283 260 237 221 266 281 313 431 550 340 -9999 -9999 -9999 -9999 -9999 -9999 -9999 -9999 -9999 -9999 -9999 -9999 -9999 -9999 -9999 -9999 -9999 -9999 -9999 -9999 -9999 -9999 -9999 -9999 -9999 -9999 -9999 -9999 -9999 -9999 -9999
-9999 -9999 1780 1743 1804 1747 1920 1734 1253 929 718 555 431 340 319 308 295 375 476 562 255 220 203 208 616 407 351 339 428 472 519 542 493 506 561 564 556 508 483 434 398 358 540 254 220 257 321 297 295 316 311 302 268 -9999 290 -9999 -9999 -9999 -9999 -9999 -9999 -9999 -9999 -9999 -9999 -9999 -9999 -9999 -9999 -9999 -9999 -9999 -9999 -9999 -9999 -9999 -9999 -9999 -9999 -9999 -9999 -9999 -9999
-9999 -9999 2460 2301 2602 3023 2283 1772 1407 1224 1071 736 410 332 311 287 277 310 381 327 223 202 200 211 584 648 362 394 373 497 670 603 602 639 856 716 735 759 753 658 515 301 288 222 302 249 249 259 268 268 268 269 252 250 263 -9999 -9999 -9999 -9999 -9999 -9999 -9999 -9999 -9999 -9999 -9999 -9999 -9999 -9999 -9999 -9999 -9999 -9999 -9999 -9999 -9999 -9999 -9999 -9999 -9999 -9999 -9999 -9999
-9999 -9999 3085 2458 2496 2456 1888 1972 1677 1346 1341 1019 527 337 304 274 272 249 273 319 210 198 198 205 238 263 380 514 560 671 860 795 810 805 729 339 534 665 403 207 207 207 210 212 224 225 231 241 243 244 241 249 241 247 254 -9999 -9999 -9999 -9999 -9999 -9999 -9999 -9999 -9999 -9999 -9999 -9999 -9999 -9999 -9999 -9999 -9999 -9999 -9999 -9999 -9999 -9999 -9999 -9999 -9999 -9999 -9999 -9999
-9999 2616 2573 2650 2365 2181 1867 1600 1290 1113 1055 806 471 445 329 293 313 328 311 345 265 197 197 207 222 235 749 1272 778 965 856 682 366 207 217 207 203 200 202 202 215 213 218 216 220 216 221 224 229 228 231 233 238 252 260 -9999 -9999 -9999 -9999 -9999 -9999 -9999 -9999 -9999 -9999 -9999 -9999 -9999 -9999 -9999 -9999 -9999 -9999 -9999 -9999 -9999 -9999 -9999 -9999 -9999 -9999 -9999 -9999
2175 2871 2121 2809 1809 2125 1788 1259 1105 737 1027 474 322 292 367 350 395 432 475 473 508 193 193 205 203 204 235 536 801 868 536 200 192 185 186 190 195 196 202 209 211 212 214 209 210 215 218 220 223 226 230 236 242 245 252 262 274 288 304 -9999 -9999 -9999 -9999 -9999 -9999 -9999 -9999 -9999 -9999 -9999 -9999 -9999 -9999 -9999 -9999 -9999 -9999 -9999 -9999 -9999 -9999 -9999 -9999
-9999 2390 1636 1510 1638 1883 1245 1147 1027 681 504 368 267 256 288 370 574 685 507 682 189 187 200 199 198 196 195 198 211 195 187 185 184 184 186 188 190 198 201 206 206 206 205 206 208 205 216 218 223 227 231 234 235 238 242 253 265 275 279 277 295 279 -9999 -9999 -9999 -9999 -9999 -9999 -9999 -9999 -9999 -9999 -9999 -9999 -9999 -9999 -9999 -9999 -9999 -9999 -9999 -9999 -9999
1654 1652 1515 1404 1213 1213 1135 1306 1310 701 500 280 255 235 239 273 296 381 581 214 183 193 197 193 197 194 191 190 189 186 186 178 181 181 185 192 192 194 196 202 202 199 204 204 206 211 213 218 221 225 228 231 229 233 238 244 251 256 257 260 269 262 -9999 -9999 -9999 -9999 -9999 -9999 -9999 -9999 -9999 -9999 -9999 -9999 -9999 -9999 -9999 -9999 -9999 -9999 -9999 -9999 -9999
1494 1716 1511 1262 968 1011 1093 1002 508 330 274 236 232 222 217 208 226 213 178 180 181 191 193 196 194 191 190 188 188 182 183 175 178 180 189 190 189 193 196 193 198 191 199 203 205 211 212 218 219 222 224 226 228 228 231 236 236 241 246 248 251 -9999 -9999 -9999 -9999 -9999 -9999 -9999 -9999 -9999 -9999 -9999 -9999 -9999 -9999 -9999 -9999 -9999 -9999 -9999 -9999 -9999 -9999
-9999 1105 1154 1296 856 760 727 835 566 305 287 237 226 216 204 200 190 176 177 175 189 191 190 190 191 194 188 188 188 184 181 171 173 180 186 189 190 193 191 193 190 194 198 200 206 208 211 212 215 220 220 221 221 222 224 229 233 237 238 245 -9999 -9999 -9999 -9999 -9999 -9999 -9999 -9999 -9999 -9999 -9999 -9999 -9999 -9999 -9999 -9999 -9999 -9999 -9999 -9999 -9999 -9999 -9999
-9999 1172 1006 1135 1111 1144 1474 1300 561 619 252 231 222 207 203 194 185 178 173 175 185 186 187 185 187 186 188 189 186 183 170 171 170 181 182 187 191 190 190 187 191 195 198 200 203 206 210 212 214 216 217 216 218 221 223 225 -9999 -9999 -9999 -9999 -9999 -9999 -9999 -9999 -9999 -9999 -9999 -9999 -9999 -9999 -9999 -9999 -9999 -9999 -9999 -9999 -9999 -9999 -9999 -9999 -9999 -9999 -9999
1307 1518 1132 1377 1489 1179 1807 1641 615 406 261 233 212 206 190 184 181 169 171 181 180 183 181 182 183 185 184 186 182 179 167 170 171 179 182 185 186 183 185 186 191 194 200 202 201 204 208 210 210 214 211 211 215 220 -9999 -9999 -9999 -9999 -9999 -9999 -9999 -9999 -9999 -9999 -9999 -9999 -9999 -9999 -9999 -9999 -9999 -9999 -9999 -9999 -9999 -9999 -9999 -9999 -9999 -9999 -9999 -9999 -9999
2356 1391 1203 1410 1112 1333 1816 1339 768 480 293 229 213 197 195 180 173 167 166 176 176 178 177 179 182 180 180 181 183 178 166 166 171 175 172 173 178 176 182 190 190 194 196 199 201 203 204 208 205 207 207 211 210 216 -9999 -9999 -9999 -9999 -9999 -9999 -9999 -9999 -9999 -9999 -9999 -9999 -9999 -9999 -9999 -9999 -9999 -9999 -9999 -9999 -9999 -9999 -9999 -9999 -9999 -9999 -9999 -9999 -9999
1948 1324 1357 1257 1528 1833 1580 2746 1108 835 494 247 211 189 181 173 159 166 164 176 172 175 174 174 175 178 176 175 178 160 162 165 168 169 169 174 176 177 188 186 192 190 197 200 200 201 205 203 204 203 205 209 210 216 -9999 -9999 -9999 -9999 -9999 -9999 -9999 -9999 -9999 -9999 -9999 -9999 -9999 -9999 -9999 -9999 -9999 -9999 -9999 -9999 -9999 -9999 -9999 -9999 -9999 -9999 -9999 -9999 -9999
1622 1519 1528 1342 1547 2158 1657 1768 1022 671 608 237 214 196 172 166 163 162 169 168 166 167 169 169 171 175 172 172 172 157 161 163 164 167 168 170 175 182 186 183 188 192 192 193 196 196 197 199 202 204 210 218 209 221 -9999 -9999 -9999 -9999 -9999 -9999 -9999 -9999 -9999 -9999 -9999 -9999 -9999 -9999 -9999 -9999 -9999 -9999 -9999 -9999 -9999 -9999 -9999 -9999 -9999 -9999 -9999 -9999 -9999
1757 1408 1351 1431 1901 1877 1736 2463 1016 749 640 271 222 192 174 155 158 161 166 165 163 163 165 165 168 169 169 167 172 155 156 158 162 164 166 170 180 182 182 189 187 190 193 197 193 195 194 196 201 196 207 216 216 214 218 -9999 -9999 -9999 -9999 -9999 -9999 -9999 -9999 -9999 -9999 -9999 -9999 -9999 -9999 -9999 -9999 -9999 -9999 -9999 -9999 -9999 -9999 -9999 -9999 -9999 -9999 -9999 -9999
1466 1344 1412 1572 1738 1863 1925 1394 1862 748 583 285 229 191 168 157 155 157 162 161 159 159 159 158 161 162 166 164 165 154 152 155 159 161 168 175 176 178 182 183 183 185 190 188 189 192 190 200 199 205 206 210 208 214 -9999 -9999 -9999 -9999 -9999 -9999 -9999 -9999 -9999 -9999 -9999 -9999 -9999 -9999 -9999 -9999 -9999 -9999 -9999 -9999 -9999 -9999 -9999 -9999 -9999 -9999 -9999 -9999 -9999
1419 1412 1629 2110 1753 1758 1523 2155 1712 828 633 361 225 193 167 154 155 155 158 159 156 156 158 157 156 159 163 160 153 152 150 154 158 160 168 173 171 178 178 178 184 186 189 186 188 190 191 198 202 202 205 209 208 208 -9999 -9999 -9999 -9999 -9999 -9999 -9999 -9999 -9999 -9999 -9999 -9999 -9999 -9999 -9999 -9999 -9999 -9999 -9999 -9999 -9999 -9999 -9999 -9999 -9999 -9999 -9999 -9999 -9999
1418 1509 1785 1776 1878 1841 1286 1891 1243 821 685 404 234 194 172 150 150 153 155 155 154 154 154 151 156 154 158 156 146 148 150 153 155 158 169 170 171 177 176 179 180 185 179 185 185 188 199 198 198 202 200 206 206 210 210 -9999 -9999 -9999 -9999 -9999 -9999 -9999 -9999 -9999 -9999 -9999 -9999 -9999 -9999 -9999 -9999 -9999 -9999 -9999 -9999 -9999 -9999 -9999 -9999 -9999 -9999 -9999 -9999
1481 1761 1971 1717 1845 1820 1250 1841 1957 1224 538 563 275 208 163 151 147 149 148 150 150 148 150 148 149 151 157 145 144 145 150 152 155 164 162 171 169 173 174 179 182 177 180 183 187 190 196 198 197 190 191 191 191 198 197 -9999 -9999 -9999 -9999 -9999 -9999 -9999 -9999 -9999 -9999 -9999 -9999 -9999 -9999 -9999 -9999 -9999 -9999 -9999 -9999 -9999 -9999 -9999 -9999 -9999 -9999 -9999 -9999
1595 1563 1838 1873 1846 1729 1285 1561 1708 885 687 556 294 201 163 146 144 148 145 149 147 146 146 145 150 152 140 144 141 146 147 151 157 161 163 165 166 172 171 173 175 176 180 181 181 189 189 182 186 189 193 194 192 -9999 -9999 -9999 -9999 -9999 -9999 -9999 -9999 -9999 -9999 -9999 -9999 -9999 -9999 -9999 -9999 -9999 -9999 -9999 -9999 -9999 -9999 -9999 -9999 -9999 -9999 -9999 -9999 -9999 -9999
1718 1767 1803 1699 2000 1442 1323 1322 1809 1214 742 723 339 197 150 143 145 145 142 146 145 144 140 142 145 145 141 138 140 144 145 153 156 158 162 162 169 168 173 168 174 175 184 182 183 179 181 181 186 188 189 190 -9999 -9999 -9999 -9999 -9999 -9999 -9999 -9999 -9999 -9999 -9999 -9999 -9999 -9999 -9999 -9999 -9999 -9999 -9999 -9999 -9999 -9999 -9999 -9999 -9999 -9999 -9999 -9999 -9999 -9999 -9999
1637 1608 1541 1848 1460 1486 1276 1432 1740 1639 694 541 509 202 165 141 141 142 143 141 143 144 140 137 142 138 136 138 140 139 143 151 149 150 155 161 162 167 167 170 174 178 180 173 173 176 178 181 184 187 186 -9999 -9999 -9999 -9999 -9999 -9999 -9999 -9999 -9999 -9999 -9999 -9999 -9999 -9999 -9999 -9999 -9999 -9999 -9999 -9999 -9999 -9999 -9999 -9999 -9999 -9999 -9999 -9999 -9999 -9999 -9999 -9999
1453 1697 1472 1514 1365 1218 1150 1078 1005 1041 636 530 680 195 163 138 139 140 138 140 137 137 138 140 137 132 135 137 136 139 143 145 148 153 157 157 161 166 167 171 172 166 169 175 173 174 176 180 182 182 -9999 -9999 -9999 -9999 -9999 -9999 -9999 -9999 -9999 -9999 -9999 -9999 -9999 -9999 -9999 -9999 -9999 -9999 -9999 -9999 -9999 -9999 -9999 -9999 -9999 -9999 -9999 -9999 -9999 -9999 -9999 -9999 -9999
1437 1379 1453 1355 1373 1252 1130 1103 1650 1060 607 531 473 220 167 135 135 135 134 137 136 134 135 134 126 134 135 139 137 141 146 148 152 154 162 164 164 169 165 161 161 165 167 169 171 175 178 180 178 -9999 -9999 -9999 -9999 -9999 -9999 -9999 -9999 -9999 -9999 -9999 -9999 -9999 -9999 -9999 -9999 -9999 -9999 -9999 -9999 -9999 -9999 -9999 -9999 -9999 -9999 -9999 -9999 -9999 -9999 -9999 -9999 -9999 -9999
1426 1369 1626 1459 1349 1410 1224 1200 1076 1512 715 586 525 246 160 129 129 129 130 134 131 131 131 127 130 130 135 137 136 142 145 148 152 154 157 158 160 158 156 159 162 164 165 169 172 175 176 176 -9999 -9999 -9999 -9999 -9999 -9999 -9999 -9999 -9999 -9999 -9999 -9999 -9999 -9999 -9999 -9999 -9999 -9999 -9999 -9999 -9999 -9999 -9999 -9999 -9999 -9999 -9999 -9999 -9999 -9999 -9999 -9999 -9999 -9999 -9999
1192 1266 1266 1335 1373 1408 1343 1378 1068 1899 735 592 446 181 137 128 128 127 126 129 126 122 124 127 128 132 129 134 141 142 143 145 149 151 147 149 152 154 157 159 160 162 168 167 167 168 171 -9999 -9999 -9999 -9999 -9999 -9999 -9999 -9999 -9999 -9999 -9999 -9999 -9999 -9999 -9999 -9999 -9999 -9999 -9999 -9999 -9999 -9999 -9999 -9999 -9999 -9999 -9999 -9999 -9999 -9999 -9999 -9999 -9999 -9999 -9999 -9999
1218 1340 1318 1262 1401 1534 1316 1385 1554 1295 685 695 339 171 128 125 126 128 123 125 128 121 123 123 131 129 128 135 135 142 141 142 143 143 148 148 149 153 154 158 159 162 161 165 168 170 173 175 -9999 -9999 -9999 -9999 -9999 -9999 -9999 -9999 -9999 -9999 -9999 -9999 -9999 -9999 -9999 -9999 -9999 -9999 -9999 -9999 -9999 -9999 -9999 -9999 -9999 -9999 -9999 -9999 -9999 -9999 -9999 -9999 -9999 -9999 -9999
1416 1239 1148 1640 1556 1659 1254 1139 1449 923 515 396 264 141 121 123 122 124 121 124 118 119 123 124 125 127 130 131 134 133 135 139 140 142 145 147 150 150 152 156 156 158 160 165 166 169 172 181 -9999 -9999 -9999 -9999 -9999 -9999 -9999 -9999 -9999 -9999 -9999 -9999 -9999 -9999 -9999 -9999 -9999 -9999 -9999 -9999 -9999 -9999 -9999 -9999 -9999 -9999 -9999 -9999 -9999 -9999 -9999 -9999 -9999 -9999 -9999
1058 1191 1279 1774 1554 1365 1225 1104 1661 692 496 359 185 145 123 117 117 122 118 118 118 118 118 122 123 123 126 128 129 135 137 140 141 141 144 144 147 148 150 153 157 158 160 170 173 176 -9999 -9999 -9999 -9999 -9999 -9999 -9999 -9999 -9999 -9999 -9999 -9999 -9999 -9999 -9999 -9999 -9999 -9999 -9999 -9999 -9999 -9999 -9999 -9999 -9999 -9999 -9999 -9999 -9999 -9999 -9999 -9999 -9999 -9999 -9999 -9999 -9999
1532 1215 1392 1459 1169 1387 1249 1537 1397 563 330 241 168 117 116 115 116 119 113 115 116 115 118 118 120 122 123 127 130 133 135 137 140 141 142 144 146 147 151 152 156 161 166 -9999 -9999 -9999 -9999 -9999 -9999 -9999 -9999 -9999 -9999 -9999 -9999 -9999 -9999 -9999 -9999 -9999 -9999 -9999 -9999 -9999 -9999 -9999 -9999 -9999 -9999 -9999 -9999 -9999 -9999 -9999 -9999 -9999 -9999 -9999 -9999 -9999 -9999 -9999 -9999
1601 1659 1069 1047 1401 1024 1025 1415 889 366 241 169 127 112 112 114 113 111 111 113 113 112 116 118 118 121 123 130 130 131 133 133 134 137 141 142 144 150 157 160 160 163 -9999 -9999 -9999 -9999 -9999 -9999 -9999 -9999 -9999 -9999 -9999 -9999 -9999 -9999 -9999 -9999 -9999 -9999 -9999 -9999 -9999 -9999 -9999 -9999 -9999 -9999 -9999 -9999 -9999 -9999 -9999 -9999 -9999 -9999 -9999 -9999 -9999 -9999 -9999 -9999 -9999
1015 980 978 1064 931 934 1174 1254 396 236 188 155 125 110 109 112 111 112 108 111 110 112 113 117 120 120 121 125 127 129 128 132 135 138 139 141 152 154 153 158 159 164 -9999 -9999 -9999 -9999 -9999 -9999 -9999 -9999 -9999 -9999 -9999 -9999 -9999 -9999 -9999 -9999 -9999 -9999 -9999 -9999 -9999 -9999 -9999 -9999 -9999 -9999 -9999 -9999 -9999 -9999 -9999 -9999 -9999 -9999 -9999 -9999 -9999 -9999 -9999 -9999 -9999
