DEM_Pakistan.txt
ncols         169
nrows         134
xllcorner     60.9
yllcorner     23.7
cellsize      0.1
NODATA_value  -9999
[rows 74 to 110 of 134, columns 0 to 82 of 169]
-9999 1265 1172 740 610 542 499 468 -9999 -9999 -9999 -9999 -9999 -9999 -9999 -9999 -9999 -9999 -9999 -9999 -9999 -9999 -9999 -9999 -9999 -9999 -9999 -9999 -9999 -9999 -9999 -9999 -9999 -9999 -9999 -9999 -9999 -9999 -9999 -9999 -9999 -9999 -9999 -9999 -9999 919 928 908 916 920 935 1262 1293 1446 1573 1616 1928 1864 1730 2329 1958 1785 1747 1055 618 395 403 292 187 140 149 275 403 383 707 848 944 852 805 1206 1035 933 920
-9999 -9999 1822 1417 809 626 543 548 551 576 604 -9999 -9999 -9999 -9999 -9999 -9999 -9999 -9999 -9999 -9999 -9999 -9999 -9999 -9999 -9999 -9999 -9999 -9999 -9999 -9999 -9999 -9999 -9999 -9999 1763 1509 1395 958 842 844 867 857 894 901 903 895 903 909 909 934 1021 1308 1628 1593 1683 1733 2150 1991 1989 2074 1830 1865 966 857 520 285 200 140 134 136 143 157 241 851 744 1015 1288 1046 916 918 871 1001
-9999 -9999 -9999 1529 1208 887 675 597 602 645 774 708 717 722 -9999 -9999 -9999 -9999 -9999 -9999 976 1039 1135 1260 1343 1444 1522 1577 1569 1520 1506 -9999 1644 1663 1476 1311 1420 983 861 841 845 853 859 869 875 884 891 895 894 934 904 1135 1558 1787 1658 2115 1725 2003 2118 2279 2204 1808 1957 1775 1505 423 212 151 139 125 127 135 163 239 437 330 502 829 947 767 849 802 830
-9999 -9999 -9999 -9999 1933 1407 908 724 669 715 865 800 826 814 835 867 1000 1083 1081 1051 1003 1012 1088 1209 1327 2233 1349 1569 1669 1725 1846 1805 1567 1468 1421 1114 1021 883 841 841 844 850 860 866 872 881 885 921 922 878 1235 1243 1714 1795 1826 1777 1746 1776 1908 1923 1621 1587 1695 1455 1311 353 249 148 119 116 120 116 134 199 270 394 433 714 731 723 875 866 885
-9999 -9999 -9999 -9999 1498 1406 1117 890 770 924 870 960 914 888 930 1009 1180 1332 1332 1219 1054 952 1011 1078 1260 1418 1176 1284 1408 1403 1324 1523 1467 1211 1182 1082 945 870 839 842 842 848 855 861 869 912 859 842 857 956 1214 1647 1772 1695 1925 1859 2167 2108 2456 2078 2820 1567 1500 1566 1374 379 189 116 106 108 109 112 120 138 192 863 972 1214 999 862 796 803 871
-9999 -9999 -9999 -9999 -9999 1383 1107 1018 1040 897 892 983 968 987 1112 1244 1191 1335 1688 1597 1072 909 913 966 1070 1075 1138 1134 1189 1247 1224 1213 1333 1164 1061 986 909 859 841 841 850 863 882 835 825 820 828 898 1823 1224 1464 1536 1570 1680 2153 1855 1891 2082 2264 2314 2016 2156 1770 2025 639 437 140 108 98 103 101 112 117 122 273 451 381 367 461 592 850 1071 1006
-9999 -9999 -9999 -9999 -9999 -9999 1047 887 921 900 954 891 864 891 1075 962 989 1098 1267 1374 1006 856 837 879 901 948 959 978 1016 1084 1015 1015 1013 984 981 943 1002 867 926 858 838 809 810 827 816 824 1315 1194 1101 1220 1267 1524 1823 2087 2000 1852 2037 2098 2627 2276 1539 1633 1373 1208 634 135 95 95 96 100 95 108 109 121 152 238 310 488 419 389 402 426 589
-9999 -9999 -9999 -9999 -9999 -9999 791 838 845 813 801 788 826 786 814 830 843 873 913 852 791 749 757 780 810 864 867 886 921 928 959 951 946 933 897 889 853 825 821 820 828 820 864 909 1326 1226 1047 997 1057 1169 1616 1824 1947 2057 1868 2049 2086 2328 2772 2281 1476 1033 1355 1250 703 98 83 87 90 93 92 97 100 112 133 180 234 618 966 681 694 964 612
-9999 -9999 -9999 -9999 -9999 -9999 -9999 794 918 772 741 724 741 723 727 731 746 718 709 686 660 672 686 698 742 769 797 820 830 843 853 870 891 836 848 842 849 836 841 887 1856 1247 1920 1278 1152 962 1068 929 1028 1245 1867 1788 1834 2016 1923 1948 2080 2582 2143 1963 2258 1369 701 496 478 96 82 84 82 86 84 86 90 101 110 126 186 226 305 365 349 329 377
-9999 -9999 -9999 -9999 -9999 -9999 -9999 -9999 859 847 742 684 682 674 700 691 657 654 639 616 596 602 615 631 665 699 720 718 739 745 754 790 821 849 879 899 911 1006 1748 1343 1255 1439 1181 1395 861 850 981 867 999 1291 1594 1870 2115 1916 1869 1979 2224 2272 2128 1897 1585 1574 1304 1091 130 95 80 76 77 78 79 79 79 83 93 108 137 188 230 246 247 247 250
-9999 -9999 -9999 -9999 -9999 -9999 -9999 -9999 -9999 765 865 754 687 643 655 647 611 570 632 577 557 543 569 588 608 630 642 653 658 687 750 954 935 1015 1200 1238 1258 1366 1311 1176 1182 1254 1142 733 753 766 742 829 970 1335 1634 1859 1879 1862 1843 2200 2432 2196 1809 2309 1562 1288 1109 520 106 88 75 74 69 74 73 71 70 70 75 67 87 121 168 201 213 155 229
-9999 -9999 -9999 -9999 -9999 -9999 -9999 -9999 -9999 -9999 693 716 702 650 618 628 593 551 598 548 509 512 537 544 552 573 609 600 624 669 829 922 1242 1322 1293 1126 1170 1100 991 1049 1049 711 692 697 720 697 725 817 1037 1580 1922 1859 1812 1775 1999 2342 2619 2087 1551 1590 1928 1020 1041 661 106 90 69 74 66 72 69 65 65 65 64 61 56 71 110 108 92 108 120
-9999 -9999 -9999 -9999 -9999 -9999 -9999 -9999 -9999 -9999 -9999 -9999 -9999 624 601 602 592 575 560 495 496 496 522 509 517 540 554 562 614 679 910 1072 1030 879 899 819 754 812 755 650 655 663 677 688 696 707 749 847 1058 1557 1849 1840 1871 1761 2050 2642 1600 1466 1487 1491 1438 1345 721 366 160 92 77 64 61 63 63 64 65 60 58 57 55 58 62 69 70 73 68
-9999 -9999 -9999 -9999 -9999 -9999 -9999 -9999 -9999 -9999 -9999 -9999 -9999 -9999 -9999 -9999 600 579 526 496 494 495 496 509 535 522 532 544 543 586 594 658 623 641 601 620 639 614 625 634 645 657 669 673 676 707 732 882 1237 1612 1817 1653 1650 1759 1723 1588 1489 1532 1663 1426 1953 1276 631 271 642 76 65 59 60 60 62 58 57 57 54 57 56 55 60 63 63 64 68
-9999 -9999 -9999 -9999 -9999 -9999 -9999 -9999 -9999 -9999 -9999 -9999 -9999 -9999 -9999 -9999 -9999 529 506 496 497 497 499 504 510 531 541 528 534 539 551 564 574 581 593 598 608 615 624 635 645 652 665 689 712 733 824 1133 1272 1663 1639 1600 1658 1974 1765 1856 1600 1584 2143 1849 1277 1426 897 1090 203 66 56 56 55 55 55 54 56 55 56 54 60 60 62 64 63 65 68
-9999 -9999 -9999 -9999 -9999 -9999 -9999 -9999 -9999 -9999 -9999 -9999 -9999 -9999 -9999 -9999 -9999 -9999 -9999 498 497 499 501 504 531 556 549 558 558 547 550 558 564 591 593 596 630 613 624 631 646 661 670 722 773 784 1221 1410 1246 1589 1748 1577 1650 1737 1649 1736 1476 1372 1161 1093 1547 1447 728 1430 307 83 62 52 51 52 53 52 50 53 56 58 62 63 62 64 63 67 67
-9999 -9999 -9999 -9999 -9999 -9999 -9999 -9999 -9999 -9999 -9999 -9999 -9999 -9999 -9999 -9999 -9999 -9999 501 498 497 498 503 511 515 534 549 561 563 559 564 561 566 578 587 600 607 614 622 619 658 679 709 733 807 924 1122 1641 1352 1505 1927 1611 1563 1714 1564 1476 1436 1411 1469 1031 1244 1314 620 1357 474 182 56 48 51 49 48 50 51 53 53 61 62 62 65 64 66 66 71
-9999 -9999 -9999 -9999 -9999 -9999 -9999 -9999 -9999 -9999 -9999 -9999 -9999 -9999 -9999 -9999 -9999 -9999 -9999 534 510 502 501 510 519 526 554 556 571 568 565 571 565 580 585 596 597 618 634 648 674 709 709 801 984 1278 1324 1552 1413 1441 1624 1569 1819 1548 1696 1486 1379 1688 1915 1858 851 1232 1156 996 588 560 49 49 47 47 46 49 50 53 54 56 64 67 66 66 69 69 67
-9999 -9999 -9999 -9999 -9999 -9999 -9999 -9999 -9999 -9999 -9999 -9999 -9999 -9999 -9999 -9999 -9999 -9999 -9999 601 572 544 522 510 524 539 551 538 570 571 571 566 573 589 580 594 594 618 655 653 675 720 776 1110 1325 1471 1636 1523 1478 1463 1604 1445 1449 1658 1819 1431 1596 1361 1934 1258 1220 1153 1318 919 450 1003 53 47 47 47 47 50 51 53 52 55 60 58 65 65 66 64 65
-9999 -9999 -9999 -9999 -9999 -9999 -9999 -9999 -9999 -9999 -9999 -9999 -9999 -9999 -9999 -9999 -9999 -9999 -9999 688 657 614 570 553 560 548 550 563 556 576 581 589 582 585 598 590 609 622 662 739 918 893 995 1233 1443 1678 1563 1474 1488 1432 1519 1327 1284 1268 1377 1351 1480 1217 1150 1370 1033 980 846 1284 943 354 65 45 45 46 47 50 51 51 54 58 59 60 58 65 57 63 63
-9999 -9999 -9999 -9999 -9999 -9999 -9999 -9999 -9999 -9999 -9999 -9999 -9999 -9999 -9999 -9999 -9999 -9999 -9999 772 736 701 679 642 617 611 605 592 585 585 582 586 600 599 609 646 688 817 766 795 947 1196 1453 1586 1668 1630 1649 1472 1468 1412 1301 1258 1180 1179 1371 1969 1382 1179 1114 1550 1622 1407 1413 1297 394 133 58 46 45 47 47 48 51 55 54 58 59 60 60 65 62 60 60
-9999 -9999 -9999 -9999 -9999 -9999 -9999 -9999 -9999 -9999 -9999 -9999 -9999 -9999 -9999 -9999 -9999 -9999 -9999 854 840 821 798 737 701 742 657 684 668 663 658 659 662 698 767 1078 976 896 929 1196 1599 1489 1466 1471 1520 1732 1435 1458 1265 1374 1277 1780 1231 1323 1433 1372 1779 1196 1157 1172 1340 1057 1149 1192 283 176 91 44 44 46 48 49 50 54 56 56 56 56 59 57 110 57 58
-9999 -9999 -9999 -9999 -9999 -9999 -9999 -9999 -9999 -9999 -9999 -9999 -9999 -9999 -9999 -9999 -9999 -9999 -9999 972 977 950 944 906 818 774 710 684 777 740 885 781 779 775 875 943 1017 1177 1523 1449 1532 1370 1386 1468 1800 1400 1451 1559 1211 1443 1324 1526 1114 1146 1304 1676 1358 1210 1179 916 1356 985 1079 1092 244 130 76 42 46 45 46 49 51 50 53 52 53 55 55 63 73 58 58
-9999 -9999 -9999 -9999 -9999 -9999 -9999 -9999 -9999 -9999 -9999 -9999 -9999 -9999 -9999 -9999 -9999 -9999 -9999 1137 1178 1106 1151 1109 1174 964 731 704 750 875 878 1007 1007 964 1003 1238 1451 1444 1372 1337 1305 1346 1467 1772 1352 1345 1571 1396 1148 1420 1248 1107 1042 1240 1247 1264 1936 1202 1038 836 799 743 1389 708 191 117 51 44 43 46 44 47 49 42 52 51 53 51 60 119 69 53 55
-9999 -9999 -9999 -9999 -9999 -9999 -9999 -9999 -9999 -9999 -9999 -9999 -9999 -9999 -9999 -9999 -9999 -9999 -9999 1418 1484 1772 1958 1163 856 857 1034 1255 1299 1108 999 1028 1088 1270 1420 1327 1271 1243 1264 1275 1340 1452 1392 1258 1274 1397 1929 1305 1191 1406 1024 1019 1070 1178 1340 1433 1385 1156 1017 1078 771 643 1824 580 152 120 55 43 42 44 44 47 45 49 50 51 53 49 78 110 65 54 60
-9999 -9999 -9999 -9999 -9999 -9999 -9999 -9999 -9999 -9999 -9999 -9999 -9999 -9999 -9999 -9999 -9999 -9999 -9999 -9999 -9999 -9999 -9999 -9999 848 832 923 937 924 982 1067 1213 1274 1319 1212 1223 1186 1227 1292 1378 1495 1211 1154 1154 1185 1426 1134 1144 1490 1025 1050 1188 1275 1478 1310 1119 1344 1060 1220 1245 817 759 1279 714 120 69 47 40 41 42 44 50 49 49 47 50 52 49 70 94 65 65 75
-9999 -9999 -9999 -9999 -9999 -9999 -9999 -9999 -9999 -9999 -9999 -9999 -9999 -9999 -9999 -9999 -9999 -9999 -9999 -9999 -9999 -9999 -9999 921 926 841 860 887 951 1049 1038 1048 1071 1069 1081 1140 1201 1280 1393 1262 1144 1092 1099 1092 1225 1208 985 1282 1906 914 981 1256 1008 1260 1051 1126 1082 1073 995 950 1130 480 1210 445 107 60 44 41 42 43 44 46 47 49 48 50 47 44 71 80 50 45 58
-9999 -9999 -9999 -9999 -9999 -9999 -9999 -9999 -9999 -9999 -9999 -9999 -9999 -9999 -9999 -9999 -9999 -9999 -9999 -9999 -9999 -9999 -9999 944 919 871 839 847 855 882 914 945 1006 1070 1125 1206 1347 1239 1152 1123 1130 1154 1154 1062 1396 905 1075 1550 899 800 1055 1051 1049 1151 1034 1189 830 1341 939 999 954 631 549 532 92 54 48 41 42 44 39 44 45 45 46 49 44 68 68 44 49 46 44
-9999 -9999 -9999 -9999 -9999 -9999 -9999 -9999 -9999 -9999 -9999 -9999 -9999 -9999 -9999 -9999 -9999 -9999 -9999 -9999 -9999 -9999 -9999 1115 976 886 846 848 860 874 906 1004 1144 1294 1132 1156 1186 1168 1167 1194 1239 1294 1156 1267 1305 943 1427 1464 674 897 1307 902 952 1235 899 781 992 1035 1107 1063 787 742 1649 401 108 69 52 41 42 41 43 43 45 44 46 44 53 41 44 42 43 52 50
-9999 -9999 -9999 -9999 -9999 -9999 -9999 -9999 -9999 -9999 -9999 -9999 -9999 -9999 -9999 -9999 -9999 -9999 -9999 -9999 -9999 -9999 -9999 1055 1064 979 918 924 859 876 891 915 964 1069 1156 1215 1205 1269 1263 1317 1083 1011 1249 1635 779 936 879 653 685 1409 1231 985 944 1154 881 669 1242 1136 1045 1051 666 571 1414 339 73 58 45 40 39 42 43 42 43 40 42 56 45 43 41 47 40 69 49
-9999 -9999 -9999 -9999 -9999 -9999 -9999 -9999 -9999 -9999 -9999 -9999 -9999 -9999 -9999 -9999 -9999 -9999 780 818 848 913 926 904 889 879 864 864 865 874 902 960 1153 1221 1318 1276 1119 1181 1060 933 864 770 979 737 747 677 650 681 601 975 819 807 720 1061 625 491 652 936 970 760 858 479 1168 188 57 45 42 38 40 40 39 41 43 39 41 40 50 41 48 47 39 69 43
-9999 -9999 -9999 -9999 -9999 -9999 -9999 -9999 -9999 -9999 -9999 -9999 -9999 -9999 716 676 715 795 896 1036 1002 1046 1109 983 1039 1046 957 919 941 1016 991 979 1001 916 922 924 1026 972 1257 1047 1113 1301 632 629 552 776 606 505 514 536 578 629 1164 613 390 367 820 780 1070 662 662 465 869 332 64 44 37 34 39 38 37 41 39 38 38 38 42 52 53 34 43 58 46
-9999 -9999 -9999 -9999 -9999 -9999 -9999 -9999 -9999 -9999 -9999 -9999 -9999 558 686 1269 1093 1095 808 878 871 849 777 795 928 869 713 780 873 757 776 774 844 809 794 814 909 1053 1102 1096 792 650 548 521 649 492 537 394 423 393 467 850 603 461 246 415 634 1063 983 628 438 1131 369 734 94 61 38 32 34 35 37 39 36 37 35 33 32 43 40 33 47 52 30
-9999 -9999 -9999 -9999 -9999 -9999 -9999 -9999 -9999 -9999 -9999 -9999 524 369 508 587 670 673 618 607 574 589 545 556 528 497 579 652 678 654 651 786 749 749 831 1212 1259 1163 850 674 587 539 586 495 461 571 384 366 335 372 681 601 481 159 178 283 514 1004 791 686 420 356 347 631 137 720 95 40 37 65 31 34 34 36 34 31 30 29 27 30 31 61 46
-9999 -9999 -9999 -9999 -9999 -9999 -9999 -9999 -9999 520 510 381 378 352 448 460 572 614 617 571 542 532 558 534 523 430 528 662 655 631 630 642 653 760 1008 845 653 596 559 599 561 659 733 513 439 366 376 409 298 303 440 476 356 93 89 335 387 939 997 669 535 331 302 427 633 613 278 270 66 356 34 32 32 34 31 31 30 28 27 29 25 25 42
-9999 -9999 -9999 -9999 -9999 -9999 -9999 -9999 -9999 242 235 215 211 222 221 238 402 477 620 603 549 576 794 700 816 575 929 967 1022 744 675 708 796 699 613 557 530 532 541 669 700 710 617 401 345 349 556 294 223 706 409 392 461 74 66 128 245 462 827 614 774 673 290 276 456 336 144 837 270 223 73 24 32 33 31 29 28 27 24 23 22 25 24
-9999 -9999 -9999 -9999 -9999 -9999 -9999 -9999 -9999 374 348 397 394 355 398 206 168 105 79 91 164 157 212 295 308 299 400 524 629 586 562 619 568 559 542 537 581 573 613 535 526 392 302 256 282 321 631 823 243 388 323 620 570 111 57 50 91 299 681 629 354 311 648 252 326 355 193 731 178 409 102 51 41 31 30 28 27 26 23 24 18 19 17
