Data/APCP/20200108.f096.apcp.gfs.pakistan.txt
ncols        169
nrows        134
xllcorner    60.900000000000
yllcorner    23.700000000000
cellsize     0.100000000000
NODATA_value  -9999
[rows 42 to 83 of 134, columns 0 to 95 of 169]
9.75 9.75 10.4375 10.4375 10.4375 5.25 5.25 6.25 6.25 6.25 10.4375 10.4375 5.4375 5.4375 5.4375 4.4375 4.4375 11 11 11 11.25 11.25 3.625 3.625 3.625 2.5 2.5 6.3125 6.3125 6.3125 17.6875 17.6875 20 20 20 17.0625 17.0625 13 13 13 9.5625 9.5625 12.125 12.125 12.125 10.9375 10.9375 10.125 10.125 10.125 7.875 7.875 4 4 4 4.4375 4.4375 6.625 6.625 6.625 8.625 8.625 8.3125 8.3125 8.3125 6.6875 6.6875 6.375 6.375 6.375 6.0625 6.0625 5.75 5.75 5.75 4.625 4.625 3.875 3.875 3.875 4.125 4.125 4.1875 4.1875 4.1875 4.3125 4.3125 3.5625 3.5625 3.5625 1.25 1.25 0.1875 0.1875 0.1875 0
9.75 9.75 10.4375 10.4375 10.4375 5.25 5.25 6.25 6.25 6.25 10.4375 10.4375 5.4375 5.4375 5.4375 4.4375 4.4375 11 11 11 11.25 11.25 3.625 3.625 3.625 2.5 2.5 6.3125 6.3125 6.3125 17.6875 17.6875 20 20 20 17.0625 17.0625 13 13 13 9.5625 9.5625 12.125 12.125 12.125 10.9375 10.9375 10.125 10.125 10.125 7.875 7.875 4 4 4 4.4375 4.4375 6.625 6.625 6.625 8.625 8.625 8.3125 8.3125 8.3125 6.6875 6.6875 6.375 6.375 6.375 6.0625 6.0625 5.75 5.75 5.75 4.625 4.625 3.875 3.875 3.875 4.125 4.125 4.1875 4.1875 4.1875 4.3125 4.3125 3.5625 3.5625 3.5625 1.25 1.25 0.1875 0.1875 0.1875 0
9.75 9.75 10.4375 10.4375 10.4375 5.25 5.25 6.25 6.25 6.25 10.4375 10.4375 5.4375 5.4375 5.4375 4.4375 4.4375 11 11 11 11.25 11.25 3.625 3.625 3.625 2.5 2.5 6.3125 6.3125 6.3125 17.6875 17.6875 20 20 20 17.0625 17.0625 13 13 13 9.5625 9.5625 12.125 12.125 12.125 10.9375 10.9375 10.125 10.125 10.125 7.875 7.875 4 4 4 4.4375 4.4375 6.625 6.625 6.625 8.625 8.625 8.3125 8.3125 8.3125 6.6875 6.6875 6.375 6.375 6.375 6.0625 6.0625 5.75 5.75 5.75 4.625 4.625 3.875 3.875 3.875 4.125 4.125 4.1875 4.1875 4.1875 4.3125 4.3125 3.5625 3.5625 3.5625 1.25 1.25 0.1875 0.1875 0.1875 0
6.375 6.375 5.5 5.5 5.5 2.1875 2.1875 3.9375 3.9375 3.9375 5 5 3.0625 3.0625 3.0625 8.75 8.75 15.5625 15.5625 15.5625 8.0625 8.0625 2.0625 2.0625 2.0625 2.3125 2.3125 7.75 7.75 7.75 17.375 17.375 16.25 16.25 16.25 14.375 14.375 13.1875 13.1875 13.1875 13.9375 13.9375 12.8125 12.8125 12.8125 10.0625 10.0625 7.625 7.625 7.625 4.375 4.375 4.375 4.375 4.375 9.3125 9.3125 10.0625 10.0625 10.0625 9.1875 9.1875 8.875 8.875 8.875 7.3125 7.3125 8 8 8 7.5625 7.5625 6.5 6.5 6.5 4.9375 4.9375 5.3125 5.3125 5.3125 5.0625 5.0625 4.5625 4.5625 4.5625 4.375 4.375 3.75 3.75 3.75 1.5625 1.5625 0.375 0.375 0.375 0.0625
6.375 6.375 5.5 5.5 5.5 2.1875 2.1875 3.9375 3.9375 3.9375 5 5 3.0625 3.0625 3.0625 8.75 8.75 15.5625 15.5625 15.5625 8.0625 8.0625 2.0625 2.0625 2.0625 2.3125 2.3125 7.75 7.75 7.75 17.375 17.375 16.25 16.25 16.25 14.375 14.375 13.1875 13.1875 13.1875 13.9375 13.9375 12.8125 12.8125 12.8125 10.0625 10.0625 7.625 7.625 7.625 4.375 4.375 4.375 4.375 4.375 9.3125 9.3125 10.0625 10.0625 10.0625 9.1875 9.1875 8.875 8.875 8.875 7.3125 7.3125 8 8 8 7.5625 7.5625 6.5 6.5 6.5 4.9375 4.9375 5.3125 5.3125 5.3125 5.0625 5.0625 4.5625 4.5625 4.5625 4.375 4.375 3.75 3.75 3.75 1.5625 1.5625 0.375 0.375 0.375 0.0625
3.1875 3.1875 2.625 2.625 2.625 1.625 1.625 2.5625 2.5625 2.5625 2.625 2.625 2.75 2.75 2.75 7.625 7.625 9.8125 9.8125 9.8125 3.125 3.125 0.875 0.875 0.875 1.625 1.625 7.25 7.25 7.25 10.375 10.375 11.9375 11.9375 11.9375 12.9375 12.9375 11.625 11.625 11.625 13.875 13.875 12.6875 12.6875 12.6875 12 12 8.9375 8.9375 8.9375 6.6875 6.6875 7 7 7 10.625 10.625 10.9375 10.9375 10.9375 10 10 8.1875 8.1875 8.1875 7.4375 7.4375 7.8125 7.8125 7.8125 7.4375 7.4375 6.5625 6.5625 6.5625 6.125 6.125 7 7 7 7.125 7.125 6.3125 6.3125 6.3125 4.9375 4.9375 3.75 3.75 3.75 3.1875 3.1875 1.25 1.25 1.25 0.5
3.1875 3.1875 2.625 2.625 2.625 1.625 1.625 2.5625 2.5625 2.5625 2.625 2.625 2.75 2.75 2.75 7.625 7.625 9.8125 9.8125 9.8125 3.125 3.125 0.875 0.875 0.875 1.625 1.625 7.25 7.25 7.25 10.375 10.375 11.9375 11.9375 11.9375 12.9375 12.9375 11.625 11.625 11.625 13.875 13.875 12.6875 12.6875 12.6875 12 12 8.9375 8.9375 8.9375 6.6875 6.6875 7 7 7 10.625 10.625 10.9375 10.9375 10.9375 10 10 8.1875 8.1875 8.1875 7.4375 7.4375 7.8125 7.8125 7.8125 7.4375 7.4375 6.5625 6.5625 6.5625 6.125 6.125 7 7 7 7.125 7.125 6.3125 6.3125 6.3125 4.9375 4.9375 3.75 3.75 3.75 3.1875 3.1875 1.25 1.25 1.25 0.5
3.1875 3.1875 2.625 2.625 2.625 1.625 1.625 2.5625 2.5625 2.5625 2.625 2.625 2.75 2.75 2.75 7.625 7.625 9.8125 9.8125 9.8125 3.125 3.125 0.875 0.875 0.875 1.625 1.625 7.25 7.25 7.25 10.375 10.375 11.9375 11.9375 11.9375 12.9375 12.9375 11.625 11.625 11.625 13.875 13.875 12.6875 12.6875 12.6875 12 12 8.9375 8.9375 8.9375 6.6875 6.6875 7 7 7 10.625 10.625 10.9375 10.9375 10.9375 10 10 8.1875 8.1875 8.1875 7.4375 7.4375 7.8125 7.8125 7.8125 7.4375 7.4375 6.5625 6.5625 6.5625 6.125 6.125 7 7 7 7.125 7.125 6.3125 6.3125 6.3125 4.9375 4.9375 3.75 3.75 3.75 3.1875 3.1875 1.25 1.25 1.25 0.5
0.9375 0.9375 2.1875 2.1875 2.1875 1.625 1.625 2.125 2.125 2.125 2.6875 2.6875 2.9375 2.9375 2.9375 3.75 3.75 3.8125 3.8125 3.8125 1.0625 1.0625 0.5 0.5 0.5 2.8125 2.8125 6.875 6.875 6.875 8.0625 8.0625 11.625 11.625 11.625 10.3125 10.3125 9.9375 9.9375 9.9375 13.375 13.375 15.8125 15.8125 15.8125 16.9375 16.9375 13.3125 13.3125 13.3125 10.875 10.875 11 11 11 14 14 15.125 15.125 15.125 12.6875 12.6875 11.6875 11.6875 11.6875 11.125 11.125 8.875 8.875 8.875 8.25 8.25 7.5 7.5 7.5 7.1875 7.1875 7.3125 7.3125 7.3125 8.6875 8.6875 8.5 8.5 8.5 8 8 7.6875 7.6875 7.6875 7.4375 7.4375 3.4375 3.4375 3.4375 2.0625
0.9375 0.9375 2.1875 2.1875 2.1875 1.625 1.625 2.125 2.125 2.125 2.6875 2.6875 2.9375 2.9375 2.9375 3.75 3.75 3.8125 3.8125 3.8125 1.0625 1.0625 0.5 0.5 0.5 2.8125 2.8125 6.875 6.875 6.875 8.0625 8.0625 11.625 11.625 11.625 10.3125 10.3125 9.9375 9.9375 9.9375 13.375 13.375 15.8125 15.8125 15.8125 16.9375 16.9375 13.3125 13.3125 13.3125 10.875 10.875 11 11 11 14 14 15.125 15.125 15.125 12.6875 12.6875 11.6875 11.6875 11.6875 11.125 11.125 8.875 8.875 8.875 8.25 8.25 7.5 7.5 7.5 7.1875 7.1875 7.3125 7.3125 7.3125 8.6875 8.6875 8.5 8.5 8.5 8 8 7.6875 7.6875 7.6875 7.4375 7.4375 3.4375 3.4375 3.4375 2.0625
0.125 0.125 1.5625 1.5625 1.5625 2.0625 2.0625 2.3125 2.3125 2.3125 2.75 2.75 3.3125 3.3125 3.3125 2.5625 2.5625 1.75 1.75 1.75 0.6875 0.6875 0.625 0.625 0.625 3.6875 3.6875 5.75 5.75 5.75 10.1875 10.1875 11 11 11 9.4375 9.4375 8.9375 8.9375 8.9375 8.5 8.5 10 10 10 12.25 12.25 13.625 13.625 13.625 14.5625 14.5625 15.75 15.75 15.75 17.5 17.5 18.9375 18.9375 18.9375 17.75 17.75 16.875 16.875 16.875 14 14 11 11 11 9.1875 9.1875 8 8 8 8 8 8.0625 8.0625 8.0625 9.0625 9.0625 9.625 9.625 9.625 9.5 9.5 9.375 9.375 9.375 10.5 10.5 6.25 6.25 6.25 3.75
0.125 0.125 1.5625 1.5625 1.5625 2.0625 2.0625 2.3125 2.3125 2.3125 2.75 2.75 3.3125 3.3125 3.3125 2.5625 2.5625 1.75 1.75 1.75 0.6875 0.6875 0.625 0.625 0.625 3.6875 3.6875 5.75 5.75 5.75 10.1875 10.1875 11 11 11 9.4375 9.4375 8.9375 8.9375 8.9375 8.5 8.5 10 10 10 12.25 12.25 13.625 13.625 13.625 14.5625 14.5625 15.75 15.75 15.75 17.5 17.5 18.9375 18.9375 18.9375 17.75 17.75 16.875 16.875 16.875 14 14 11 11 11 9.1875 9.1875 8 8 8 8 8 8.0625 8.0625 8.0625 9.0625 9.0625 9.625 9.625 9.625 9.5 9.5 9.375 9.375 9.375 10.5 10.5 6.25 6.25 6.25 3.75
0.125 0.125 1.5625 1.5625 1.5625 2.0625 2.0625 2.3125 2.3125 2.3125 2.75 2.75 3.3125 3.3125 3.3125 2.5625 2.5625 1.75 1.75 1.75 0.6875 0.6875 0.625 0.625 0.625 3.6875 3.6875 5.75 5.75 5.75 10.1875 10.1875 11 11 11 9.4375 9.4375 8.9375 8.9375 8.9375 8.5 8.5 10 10 10 12.25 12.25 13.625 13.625 13.625 14.5625 14.5625 15.75 15.75 15.75 17.5 17.5 18.9375 18.9375 18.9375 17.75 17.75 16.875 16.875 16.875 14 14 11 11 11 9.1875 9.1875 8 8 8 8 8 8.0625 8.0625 8.0625 9.0625 9.0625 9.625 9.625 9.625 9.5 9.5 9.375 9.375 9.375 10.5 10.5 6.25 6.25 6.25 3.75
0.0625 0.0625 1.25 1.25 1.25 1.625 1.625 1.9375 1.9375 1.9375 3.375 3.375 4.0625 4.0625 4.0625 2.9375 2.9375 1.4375 1.4375 1.4375 0.5625 0.5625 1.3125 1.3125 1.3125 3.1875 3.1875 7 7 7 10.25 10.25 8.9375 8.9375 8.9375 7.5 7.5 5.75 5.75 5.75 5.125 5.125 8.25 8.25 8.25 11.75 11.75 12.625 12.625 12.625 12.8125 12.8125 13.5625 13.5625 13.5625 16 16 19.375 19.375 19.375 20.0625 20.0625 18.6875 18.6875 18.6875 14.6875 14.6875 12.0625 12.0625 12.0625 10.5 10.5 8.75 8.75 8.75 7.875 7.875 7.9375 7.9375 7.9375 8.375 8.375 8.5 8.5 8.5 8.0625 8.0625 8.25 8.25 8.25 7.6875 7.6875 4.8125 4.8125 4.8125 1.875
0.0625 0.0625 1.25 1.25 1.25 1.625 1.625 1.9375 1.9375 1.9375 3.375 3.375 4.0625 4.0625 4.0625 2.9375 2.9375 1.4375 1.4375 1.4375 0.5625 0.5625 1.3125 1.3125 1.3125 3.1875 3.1875 7 7 7 10.25 10.25 8.9375 8.9375 8.9375 7.5 7.5 5.75 5.75 5.75 5.125 5.125 8.25 8.25 8.25 11.75 11.75 12.625 12.625 12.625 12.8125 12.8125 13.5625 13.5625 13.5625 16 16 19.375 19.375 19.375 20.0625 20.0625 18.6875 18.6875 18.6875 14.6875 14.6875 12.0625 12.0625 12.0625 10.5 10.5 8.75 8.75 8.75 7.875 7.875 7.9375 7.9375 7.9375 8.375 8.375 8.5 8.5 8.5 8.0625 8.0625 8.25 8.25 8.25 7.6875 7.6875 4.8125 4.8125 4.8125 1.875
0.25 0.25 1.375 1.375 1.375 1.625 1.625 2.375 2.375 2.375 2.1875 2.1875 2.4375 2.4375 2.4375 2.5625 2.5625 1.375 1.375 1.375 0.625 0.625 1.5 1.5 1.5 3.875 3.875 7.9375 7.9375 7.9375 8.8125 8.8125 5.75 5.75 5.75 3.8125 3.8125 3.9375 3.9375 3.9375 6.25 6.25 9 9 9 10.375 10.375 11.3125 11.3125 11.3125 11.875 11.875 12.4375 12.4375 12.4375 14.3125 14.3125 18.25 18.25 18.25 18.0625 18.0625 16.375 16.375 16.375 14.375 14.375 13.3125 13.3125 13.3125 11.4375 11.4375 9.375 9.375 9.375 9.625 9.625 9.875 9.875 9.875 10.125 10.125 9.5 9.5 9.5 7.9375 7.9375 6.125 6.125 6.125 4.625 4.625 2.125 2.125 2.125 0.5625
0.25 0.25 1.375 1.375 1.375 1.625 1.625 2.375 2.375 2.375 2.1875 2.1875 2.4375 2.4375 2.4375 2.5625 2.5625 1.375 1.375 1.375 0.625 0.625 1.5 1.5 1.5 3.875 3.875 7.9375 7.9375 7.9375 8.8125 8.8125 5.75 5.75 5.75 3.8125 3.8125 3.9375 3.9375 3.9375 6.25 6.25 9 9 9 10.375 10.375 11.3125 11.3125 11.3125 11.875 11.875 12.4375 12.4375 12.4375 14.3125 14.3125 18.25 18.25 18.25 18.0625 18.0625 16.375 16.375 16.375 14.375 14.375 13.3125 13.3125 13.3125 11.4375 11.4375 9.375 9.375 9.375 9.625 9.625 9.875 9.875 9.875 10.125 10.125 9.5 9.5 9.5 7.9375 7.9375 6.125 6.125 6.125 4.625 4.625 2.125 2.125 2.125 0.5625
0.25 0.25 1.375 1.375 1.375 1.625 1.625 2.375 2.375 2.375 2.1875 2.1875 2.4375 2.4375 2.4375 2.5625 2.5625 1.375 1.375 1.375 0.625 0.625 1.5 1.5 1.5 3.875 3.875 7.9375 7.9375 7.9375 8.8125 8.8125 5.75 5.75 5.75 3.8125 3.8125 3.9375 3.9375 3.9375 6.25 6.25 9 9 9 10.375 10.375 11.3125 11.3125 11.3125 11.875 11.875 12.4375 12.4375 12.4375 14.3125 14.3125 18.25 18.25 18.25 18.0625 18.0625 16.375 16.375 16.375 14.375 14.375 13.3125 13.3125 13.3125 11.4375 11.4375 9.375 9.375 9.375 9.625 9.625 9.875 9.875 9.875 10.125 10.125 9.5 9.5 9.5 7.9375 7.9375 6.125 6.125 6.125 4.625 4.625 2.125 2.125 2.125 0.5625
0.4375 0.4375 1.3125 1.3125 1.3125 2 2 1.8125 1.8125 1.8125 1.5 1.5 1.375 1.375 1.375 1.25 1.25 0.5625 0.5625 0.5625 0.5 0.5 2.1875 2.1875 2.1875 4.9375 4.9375 7.875 7.875 7.875 9.0625 9.0625 3.25 3.25 3.25 1.875 1.875 3.875 3.875 3.875 5.5625 5.5625 6.75 6.75 6.75 8.1875 8.1875 9.5625 9.5625 9.5625 10.625 10.625 11.0625 11.0625 11.0625 13.5 13.5 17.625 17.625 17.625 18 18 18.5 18.5 18.5 17.625 17.625 17.875 17.875 17.875 15 15 12.1875 12.1875 12.1875 10.875 10.875 9.4375 9.4375 9.4375 9.1875 9.1875 7.25 7.25 7.25 4.5 4.5 3.375 3.375 3.375 2.6875 2.6875 1.5 1.5 1.5 0.5625
0.4375 0.4375 1.3125 1.3125 1.3125 2 2 1.8125 1.8125 1.8125 1.5 1.5 1.375 1.375 1.375 1.25 1.25 0.5625 0.5625 0.5625 0.5 0.5 2.1875 2.1875 2.1875 4.9375 4.9375 7.875 7.875 7.875 9.0625 9.0625 3.25 3.25 3.25 1.875 1.875 3.875 3.875 3.875 5.5625 5.5625 6.75 6.75 6.75 8.1875 8.1875 9.5625 9.5625 9.5625 10.625 10.625 11.0625 11.0625 11.0625 13.5 13.5 17.625 17.625 17.625 18 18 18.5 18.5 18.5 17.625 17.625 17.875 17.875 17.875 15 15 12.1875 12.1875 12.1875 10.875 10.875 9.4375 9.4375 9.4375 9.1875 9.1875 7.25 7.25 7.25 4.5 4.5 3.375 3.375 3.375 2.6875 2.6875 1.5 1.5 1.5 0.5625
0.1875 0.1875 0.5 0.5 0.5 0.6875 0.6875 1 1 1 1.125 1.125 1.5 1.5 1.5 0.9375 0.9375 0.3125 0.3125 0.3125 0.9375 0.9375 3.75 3.75 3.75 8.125 8.125 7.9375 7.9375 7.9375 4.0625 4.0625 1.9375 1.9375 1.9375 2.75 2.75 4 4 4 4.5 4.5 5.875 5.875 5.875 7.0625 7.0625 7.75 7.75 7.75 8.625 8.625 9.9375 9.9375 9.9375 16.75 16.75 20.5625 20.5625 20.5625 20.6875 20.6875 19.75 19.75 19.75 18.0625 18.0625 16.375 16.375 16.375 10.875 10.875 7.8125 7.8125 7.8125 6.3125 6.3125 4.5625 4.5625 4.5625 3.1875 3.1875 2.0625 2.0625 2.0625 1.625 1.625 1.3125 1.3125 1.3125 0.875 0.875 0.4375 0.4375 0.4375 0.0625
0.1875 0.1875 0.5 0.5 0.5 0.6875 0.6875 1 1 1 1.125 1.125 1.5 1.5 1.5 0.9375 0.9375 0.3125 0.3125 0.3125 0.9375 0.9375 3.75 3.75 3.75 8.125 8.125 7.9375 7.9375 7.9375 4.0625 4.0625 1.9375 1.9375 1.9375 2.75 2.75 4 4 4 4.5 4.5 5.875 5.875 5.875 7.0625 7.0625 7.75 7.75 7.75 8.625 8.625 9.9375 9.9375 9.9375 16.75 16.75 20.5625 20.5625 20.5625 20.6875 20.6875 19.75 19.75 19.75 18.0625 18.0625 16.375 16.375 16.375 10.875 10.875 7.8125 7.8125 7.8125 6.3125 6.3125 4.5625 4.5625 4.5625 3.1875 3.1875 2.0625 2.0625 2.0625 1.625 1.625 1.3125 1.3125 1.3125 0.875 0.875 0.4375 0.4375 0.4375 0.0625
0.1875 0.1875 0.5 0.5 0.5 0.6875 0.6875 1 1 1 1.125 1.125 1.5 1.5 1.5 0.9375 0.9375 0.3125 0.3125 0.3125 0.9375 0.9375 3.75 3.75 3.75 8.125 8.125 7.9375 7.9375 7.9375 4.0625 4.0625 1.9375 1.9375 1.9375 2.75 2.75 4 4 4 4.5 4.5 5.875 5.875 5.875 7.0625 7.0625 7.75 7.75 7.75 8.625 8.625 9.9375 9.9375 9.9375 16.75 16.75 20.5625 20.5625 20.5625 20.6875 20.6875 19.75 19.75 19.75 18.0625 18.0625 16.375 16.375 16.375 10.875 10.875 7.8125 7.8125 7.8125 6.3125 6.3125 4.5625 4.5625 4.5625 3.1875 3.1875 2.0625 2.0625 2.0625 1.625 1.625 1.3125 1.3125 1.3125 0.875 0.875 0.4375 0.4375 0.4375 0.0625
0.125 0.125 0.25 0.25 0.25 0.25 0.25 0.4375 0.4375 0.4375 0.3125 0.3125 0.8125 0.8125 0.8125 0.625 0.625 0.5 0.5 0.5 2.375 2.375 7.4375 7.4375 7.4375 7.1875 7.1875 1.9375 1.9375 1.9375 0.9375 0.9375 1.75 1.75 1.75 3.0625 3.0625 3.9375 3.9375 3.9375 5 5 6.1875 6.1875 6.1875 7.8125 7.8125 9.375 9.375 9.375 9.375 9.375 10.5625 10.5625 10.5625 15.1875 15.1875 16.9375 16.9375 16.9375 17.0625 17.0625 16.0625 16.0625 16.0625 15.25 15.25 14.25 14.25 14.25 12.375 12.375 9.3125 9.3125 9.3125 4.5625 4.5625 1.5 1.5 1.5 0.6875 0.6875 0.375 0.375 0.375 0.3125 0.3125 0.1875 0.1875 0.1875 0.125 0.125 0.0625 0.0625 0.0625 0
0.125 0.125 0.25 0.25 0.25 0.25 0.25 0.4375 0.4375 0.4375 0.3125 0.3125 0.8125 0.8125 0.8125 0.625 0.625 0.5 0.5 0.5 2.375 2.375 7.4375 7.4375 7.4375 7.1875 7.1875 1.9375 1.9375 1.9375 0.9375 0.9375 1.75 1.75 1.75 3.0625 3.0625 3.9375 3.9375 3.9375 5 5 6.1875 6.1875 6.1875 7.8125 7.8125 9.375 9.375 9.375 9.375 9.375 10.5625 10.5625 10.5625 15.1875 15.1875 16.9375 16.9375 16.9375 17.0625 17.0625 16.0625 16.0625 16.0625 15.25 15.25 14.25 14.25 14.25 12.375 12.375 9.3125 9.3125 9.3125 4.5625 4.5625 1.5 1.5 1.5 0.6875 0.6875 0.375 0.375 0.375 0.3125 0.3125 0.1875 0.1875 0.1875 0.125 0.125 0.0625 0.0625 0.0625 0
0 0 0 0 0 0.0625 0.0625 0.125 0.125 0.125 0.125 0.125 0.75 0.75 0.75 1.0625 1.0625 1.3125 1.3125 1.3125 2.6875 2.6875 3.75 3.75 3.75 1.5625 1.5625 0.375 0.375 0.375 0.375 0.375 1.75 1.75 1.75 4 4 5 5 5 4.9375 4.9375 5.6875 5.6875 5.6875 7.25 7.25 8.5 8.5 8.5 9 9 11 11 11 13.3125 13.3125 14.375 14.375 14.375 15.0625 15.0625 17.875 17.875 17.875 18.0625 18.0625 14.9375 14.9375 14.9375 11.8125 11.8125 6 6 6 1.625 1.625 0.375 0.375 0.375 0.1875 0.1875 0.0625 0.0625 0.0625 0.125 0.125 0.1875 0.1875 0.1875 0.125 0.125 0.0625 0.0625 0.0625 0
0 0 0 0 0 0.0625 0.0625 0.125 0.125 0.125 0.125 0.125 0.75 0.75 0.75 1.0625 1.0625 1.3125 1.3125 1.3125 2.6875 2.6875 3.75 3.75 3.75 1.5625 1.5625 0.375 0.375 0.375 0.375 0.375 1.75 1.75 1.75 4 4 5 5 5 4.9375 4.9375 5.6875 5.6875 5.6875 7.25 7.25 8.5 8.5 8.5 9 9 11 11 11 13.3125 13.3125 14.375 14.375 14.375 15.0625 15.0625 17.875 17.875 17.875 18.0625 18.0625 14.9375 14.9375 14.9375 11.8125 11.8125 6 6 6 1.625 1.625 0.375 0.375 0.375 0.1875 0.1875 0.0625 0.0625 0.0625 0.125 0.125 0.1875 0.1875 0.1875 0.125 0.125 0.0625 0.0625 0.0625 0
0 0 0 0 0 0.0625 0.0625 0.125 0.125 0.125 0.125 0.125 0.75 0.75 0.75 1.0625 1.0625 1.3125 1.3125 1.3125 2.6875 2.6875 3.75 3.75 3.75 1.5625 1.5625 0.375 0.375 0.375 0.375 0.375 1.75 1.75 1.75 4 4 5 5 5 4.9375 4.9375 5.6875 5.6875 5.6875 7.25 7.25 8.5 8.5 8.5 9 9 11 11 11 13.3125 13.3125 14.375 14.375 14.375 15.0625 15.0625 17.875 17.875 17.875 18.0625 18.0625 14.9375 14.9375 14.9375 11.8125 11.8125 6 6 6 1.625 1.625 0.375 0.375 0.375 0.1875 0.1875 0.0625 0.0625 0.0625 0.125 0.125 0.1875 0.1875 0.1875 0.125 0.125 0.0625 0.0625 0.0625 0
0 0 0 0 0 0 0 0.0625 0.0625 0.0625 0.375 0.375 2.0625 2.0625 2.0625 2.3125 2.3125 2.25 2.25 2.25 2.375 2.375 1.625 1.625 1.625 0.8125 0.8125 0.5 0.5 0.5 0.5625 0.5625 1.9375 1.9375 1.9375 3.875 3.875 3.625 3.625 3.625 3.3125 3.3125 4 4 4 5.0625 5.0625 6.8125 6.8125 6.8125 10.125 10.125 14.125 14.125 14.125 13.25 13.25 13.75 13.75 13.75 17 17 17 17 17 11.25 11.25 4.875 4.875 4.875 1.6875 1.6875 0.6875 0.6875 0.6875 0.375 0.375 0.3125 0.3125 0.3125 0.25 0.25 0.1875 0.1875 0.1875 0.1875 0.1875 0.125 0.125 0.125 0.0625 0.0625 0 0 0 0
0 0 0 0 0 0 0 0.0625 0.0625 0.0625 0.375 0.375 2.0625 2.0625 2.0625 2.3125 2.3125 2.25 2.25 2.25 2.375 2.375 1.625 1.625 1.625 0.8125 0.8125 0.5 0.5 0.5 0.5625 0.5625 1.9375 1.9375 1.9375 3.875 3.875 3.625 3.625 3.625 3.3125 3.3125 4 4 4 5.0625 5.0625 6.8125 6.8125 6.8125 10.125 10.125 14.125 14.125 14.125 13.25 13.25 13.75 13.75 13.75 17 17 17 17 17 11.25 11.25 4.875 4.875 4.875 1.6875 1.6875 0.6875 0.6875 0.6875 0.375 0.375 0.3125 0.3125 0.3125 0.25 0.25 0.1875 0.1875 0.1875 0.1875 0.1875 0.125 0.125 0.125 0.0625 0.0625 0 0 0 0
0.0625 0.0625 0 0 0 0 0 0.25 0.25 0.25 0.5 0.5 1.3125 1.3125 1.3125 1.5 1.5 1.3125 1.3125 1.3125 2.3125 2.3125 1.3125 1.3125 1.3125 1.125 1.125 1.625 1.625 1.625 3.75 3.75 4.4375 4.4375 4.4375 3.875 3.875 4.5 4.5 4.5 4.625 4.625 4.5 4.5 4.5 5.625 5.625 7.3125 7.3125 7.3125 10.8125 10.8125 14 14 14 13.3125 13.3125 13.4375 13.4375 13.4375 14.5625 14.5625 9.9375 9.9375 9.9375 3.6875 3.6875 1 1 1 0.125 0.125 0.0625 0.0625 0.0625 0.1875 0.1875 0.1875 0.1875 0.1875 0.125 0.125 0.0625 0.0625 0.0625 0 0 0 0 0 0 0 0 0 0 0
0.0625 0.0625 0 0 0 0 0 0.25 0.25 0.25 0.5 0.5 1.3125 1.3125 1.3125 1.5 1.5 1.3125 1.3125 1.3125 2.3125 2.3125 1.3125 1.3125 1.3125 1.125 1.125 1.625 1.625 1.625 3.75 3.75 4.4375 4.4375 4.4375 3.875 3.875 4.5 4.5 4.5 4.625 4.625 4.5 4.5 4.5 5.625 5.625 7.3125 7.3125 7.3125 10.8125 10.8125 14 14 14 13.3125 13.3125 13.4375 13.4375 13.4375 14.5625 14.5625 9.9375 9.9375 9.9375 3.6875 3.6875 1 1 1 0.125 0.125 0.0625 0.0625 0.0625 0.1875 0.1875 0.1875 0.1875 0.1875 0.125 0.125 0.0625 0.0625 0.0625 0 0 0 0 0 0 0 0 0 0 0
0.0625 0.0625 0 0 0 0 0 0.25 0.25 0.25 0.5 0.5 1.3125 1.3125 1.3125 1.5 1.5 1.3125 1.3125 1.3125 2.3125 2.3125 1.3125 1.3125 1.3125 1.125 1.125 1.625 1.625 1.625 3.75 3.75 4.4375 4.4375 4.4375 3.875 3.875 4.5 4.5 4.5 4.625 4.625 4.5 4.5 4.5 5.625 5.625 7.3125 7.3125 7.3125 10.8125 10.8125 14 14 14 13.3125 13.3125 13.4375 13.4375 13.4375 14.5625 14.5625 9.9375 9.9375 9.9375 3.6875 3.6875 1 1 1 0.125 0.125 0.0625 0.0625 0.0625 0.1875 0.1875 0.1875 0.1875 0.1875 0.125 0.125 0.0625 0.0625 0.0625 0 0 0 0 0 0 0 0 0 0 0
0.0625 0.0625 0 0 0 0.125 0.125 0.8125 0.8125 0.8125 0.8125 0.8125 0.8125 0.8125 0.8125 1.125 1.125 1.4375 1.4375 1.4375 1.5 1.5 2 2 2 3.5 3.5 7.625 7.625 7.625 11.8125 11.8125 12.9375 12.9375 12.9375 12.0625 12.0625 10.25 10.25 10.25 8.8125 8.8125 7.9375 7.9375 7.9375 7.75 7.75 7.25 7.25 7.25 7.25 7.25 10 10 10 10.875 10.875 11.0625 11.0625 11.0625 12.5 12.5 7.8125 7.8125 7.8125 2.125 2.125 0.1875 0.1875 0.1875 0 0 0 0 0 0 0 0.0625 0.0625 0.0625 0 0 0 0 0 0 0 0 0 0 0 0 0 0 0 0
0.0625 0.0625 0 0 0 0.125 0.125 0.8125 0.8125 0.8125 0.8125 0.8125 0.8125 0.8125 0.8125 1.125 1.125 1.4375 1.4375 1.4375 1.5 1.5 2 2 2 3.5 3.5 7.625 7.625 7.625 11.8125 11.8125 12.9375 12.9375 12.9375 12.0625 12.0625 10.25 10.25 10.25 8.8125 8.8125 7.9375 7.9375 7.9375 7.75 7.75 7.25 7.25 7.25 7.25 7.25 10 10 10 10.875 10.875 11.0625 11.0625 11.0625 12.5 12.5 7.8125 7.8125 7.8125 2.125 2.125 0.1875 0.1875 0.1875 0 0 0 0 0 0 0 0.0625 0.0625 0.0625 0 0 0 0 0 0 0 0 0 0 0 0 0 0 0 0
0.125 0.125 0.125 0.125 0.125 1 1 2 2 2 1.4375 1.4375 1.0625 1.0625 1.0625 0.6875 0.6875 1.0625 1.0625 1.0625 2.125 2.125 3.5625 3.5625 3.5625 6.6875 6.6875 11.9375 11.9375 11.9375 16 16 16 16 16 13.5 13.5 12.875 12.875 12.875 14.0625 14.0625 11.5 11.5 11.5 7.8125 7.8125 5.3125 5.3125 5.3125 4.625 4.625 6.5625 6.5625 6.5625 8 8 9.875 9.875 9.875 12 12 7 7 7 1 1 0 0 0 0 0 0 0 0 0 0 0 0 0 0 0 0 0 0 0 0 0 0 0 0 0 0 0 0 0
0.125 0.125 0.125 0.125 0.125 1 1 2 2 2 1.4375 1.4375 1.0625 1.0625 1.0625 0.6875 0.6875 1.0625 1.0625 1.0625 2.125 2.125 3.5625 3.5625 3.5625 6.6875 6.6875 11.9375 11.9375 11.9375 16 16 16 16 16 13.5 13.5 12.875 12.875 12.875 14.0625 14.0625 11.5 11.5 11.5 7.8125 7.8125 5.3125 5.3125 5.3125 4.625 4.625 6.5625 6.5625 6.5625 8 8 9.875 9.875 9.875 12 12 7 7 7 1 1 0 0 0 0 0 0 0 0 0 0 0 0 0 0 0 0 0 0 0 0 0 0 0 0 0 0 0 0 0
0.125 0.125 0.125 0.125 0.125 1 1 2 2 2 1.4375 1.4375 1.0625 1.0625 1.0625 0.6875 0.6875 1.0625 1.0625 1.0625 2.125 2.125 3.5625 3.5625 3.5625 6.6875 6.6875 11.9375 11.9375 11.9375 16 16 16 16 16 13.5 13.5 12.875 12.875 12.875 14.0625 14.0625 11.5 11.5 11.5 7.8125 7.8125 5.3125 5.3125 5.3125 4.625 4.625 6.5625 6.5625 6.5625 8 8 9.875 9.875 9.875 12 12 7 7 7 1 1 0 0 0 0 0 0 0 0 0 0 0 0 0 0 0 0 0 0 0 0 0 0 0 0 0 0 0 0 0
0.25 0.25 0.375 0.375 0.375 1.4375 1.4375 1.3125 1.3125 1.3125 1 1 0.625 0.625 0.625 0.875 0.875 2 2 2 2.75 2.75 3.8125 3.8125 3.8125 8.0625 8.0625 14.5 14.5 14.5 16.9375 16.9375 13.125 13.125 13.125 11.875 11.875 14.1875 14.1875 14.1875 16.1875 16.1875 13.75 13.75 13.75 8.9375 8.9375 5.3125 5.3125 5.3125 4.875 4.875 6.75 6.75 6.75 8.8125 8.8125 14.4375 14.4375 14.4375 13.625 13.625 4.6875 4.6875 4.6875 0.25 0.25 0.0625 0.0625 0.0625 0.0625 0.0625 0 0 0 0 0 0 0 0 0 0 0 0 0 0 0 0 0 0 0 0 0 0 0 0
0.25 0.25 0.375 0.375 0.375 1.4375 1.4375 1.3125 1.3125 1.3125 1 1 0.625 0.625 0.625 0.875 0.875 2 2 2 2.75 2.75 3.8125 3.8125 3.8125 8.0625 8.0625 14.5 14.5 14.5 16.9375 16.9375 13.125 13.125 13.125 11.875 11.875 14.1875 14.1875 14.1875 16.1875 16.1875 13.75 13.75 13.75 8.9375 8.9375 5.3125 5.3125 5.3125 4.875 4.875 6.75 6.75 6.75 8.8125 8.8125 14.4375 14.4375 14.4375 13.625 13.625 4.6875 4.6875 4.6875 0.25 0.25 0.0625 0.0625 0.0625 0.0625 0.0625 0 0 0 0 0 0 0 0 0 0 0 0 0 0 0 0 0 0 0 0 0 0 0 0
0.8125 0.8125 0.9375 0.9375 0.9375 0.8125 0.8125 0.3125 0.3125 0.3125 0.375 0.375 0.4375 0.4375 0.4375 0.75 0.75 1.875 1.875 1.875 2.5 2.5 4.625 4.625 4.625 10.8125 10.8125 14.4375 14.4375 14.4375 12.3125 12.3125 11.375 11.375 11.375 12 12 12.5625 12.5625 12.5625 13.75 13.75 13 13 13 8.4375 8.4375 6.5 6.5 6.5 10.125 10.125 12.875 12.875 12.875 16.75 16.75 18.3125 18.3125 18.3125 9 9 2.0625 2.0625 2.0625 0.125 0.125 0 0 0 0 0 0 0 0 0 0 0 0 0 0 0 0 0 0 0 0 0 0 0 0 0 0 0 0 0
0.8125 0.8125 0.9375 0.9375 0.9375 0.8125 0.8125 0.3125 0.3125 0.3125 0.375 0.375 0.4375 0.4375 0.4375 0.75 0.75 1.875 1.875 1.875 2.5 2.5 4.625 4.625 4.625 10.8125 10.8125 14.4375 14.4375 14.4375 12.3125 12.3125 11.375 11.375 11.375 12 12 12.5625 12.5625 12.5625 13.75 13.75 13 13 13 8.4375 8.4375 6.5 6.5 6.5 10.125 10.125 12.875 12.875 12.875 16.75 16.75 18.3125 18.3125 18.3125 9 9 2.0625 2.0625 2.0625 0.125 0.125 0 0 0 0 0 0 0 0 0 0 0 0 0 0 0 0 0 0 0 0 0 0 0 0 0 0 0 0 0
