Data/APCP/20200108.L5.apcp.gfs.pakistan.txt
ncols    	169
nrows    	134
xllcorner	60.9
yllcorner	23.7
cellsize 	0.1
NODATA_value  -9999
[rows 0 to 27 of 134, columns 63 to 125 of 169]
0.015625 0.015625 0.000000 0.000000 0.031250 0.031250 0.031250 0.078125 0.078125 0.070312 0.070312 0.070312 0.125000 0.125000 0.453125 0.453125 0.453125 0.703125 0.703125 0.539062 0.539062 0.539062 0.585938 0.585938 0.773438 0.773438 0.773438 0.445312 0.445312 0.750000 0.750000 0.750000 0.835938 0.835938 0.789062 0.789062 0.789062 0.750000 0.750000 0.640625 0.640625 0.640625 0.750000 0.750000 0.976562 0.976562 0.976562 1.023438 1.023438 0.625000 0.625000 0.625000 0.601562 0.601562 0.984375 0.984375 0.984375 1.117188 1.117188 1.132812 1.132812 1.132812 1.476562
0.015625 0.015625 0.000000 0.000000 0.031250 0.031250 0.031250 0.078125 0.078125 0.070312 0.070312 0.070312 0.125000 0.125000 0.453125 0.453125 0.453125 0.703125 0.703125 0.539062 0.539062 0.539062 0.585938 0.585938 0.773438 0.773438 0.773438 0.445312 0.445312 0.750000 0.750000 0.750000 0.835938 0.835938 0.789062 0.789062 0.789062 0.750000 0.750000 0.640625 0.640625 0.640625 0.750000 0.750000 0.976562 0.976562 0.976562 1.023438 1.023438 0.625000 0.625000 0.625000 0.601562 0.601562 0.984375 0.984375 0.984375 1.117188 1.117188 1.132812 1.132812 1.132812 1.476562
0.039062 0.039062 0.078125 0.078125 0.085938 0.085938 0.085938 0.140625 0.140625 0.210938 0.210938 0.210938 0.507812 0.507812 0.804688 0.804688 0.804688 0.781250 0.781250 0.554688 0.554688 0.554688 0.523438 0.523438 0.679688 0.679688 0.679688 0.562500 0.562500 0.781250 0.781250 0.781250 0.765625 0.765625 0.812500 0.812500 0.812500 0.898438 0.898438 0.687500 0.687500 0.687500 0.718750 0.718750 1.109375 1.109375 1.109375 1.140625 1.140625 1.117188 1.117188 1.117188 1.015625 1.015625 0.875000 0.875000 0.875000 1.015625 1.015625 0.929688 0.929688 0.929688 1.734375
0.039062 0.039062 0.078125 0.078125 0.085938 0.085938 0.085938 0.140625 0.140625 0.210938 0.210938 0.210938 0.507812 0.507812 0.804688 0.804688 0.804688 0.781250 0.781250 0.554688 0.554688 0.554688 0.523438 0.523438 0.679688 0.679688 0.679688 0.562500 0.562500 0.781250 0.781250 0.781250 0.765625 0.765625 0.812500 0.812500 0.812500 0.898438 0.898438 0.687500 0.687500 0.687500 0.718750 0.718750 1.109375 1.109375 1.109375 1.140625 1.140625 1.117188 1.117188 1.117188 1.015625 1.015625 0.875000 0.875000 0.875000 1.015625 1.015625 0.929688 0.929688 0.929688 1.734375
0.039062 0.039062 0.078125 0.078125 0.085938 0.085938 0.085938 0.140625 0.140625 0.210938 0.210938 0.210938 0.507812 0.507812 0.804688 0.804688 0.804688 0.781250 0.781250 0.554688 0.554688 0.554688 0.523438 0.523438 0.679688 0.679688 0.679688 0.562500 0.562500 0.781250 0.781250 0.781250 0.765625 0.765625 0.812500 0.812500 0.812500 0.898438 0.898438 0.687500 0.687500 0.687500 0.718750 0.718750 1.109375 1.109375 1.109375 1.140625 1.140625 1.117188 1.117188 1.117188 1.015625 1.015625 0.875000 0.875000 0.875000 1.015625 1.015625 0.929688 0.929688 0.929688 1.734375
0.195312 0.195312 0.445312 0.445312 0.359375 0.359375 0.359375 0.515625 0.515625 0.640625 0.640625 0.640625 0.625000 0.625000 0.648438 0.648438 0.648438 0.585938 0.585938 0.515625 0.515625 0.515625 0.679688 0.679688 0.882812 0.882812 0.882812 0.640625 0.640625 0.695312 0.695312 0.695312 0.734375 0.734375 0.828125 0.828125 0.828125 1.156250 1.156250 0.976562 0.976562 0.976562 1.070312 1.070312 1.093750 1.093750 1.093750 0.765625 0.765625 0.585938 0.585938 0.585938 0.992188 0.992188 0.843750 0.843750 0.843750 0.906250 0.906250 1.265625 1.265625 1.265625 1.726562
0.195312 0.195312 0.445312 0.445312 0.359375 0.359375 0.359375 0.515625 0.515625 0.640625 0.640625 0.640625 0.625000 0.625000 0.648438 0.648438 0.648438 0.585938 0.585938 0.515625 0.515625 0.515625 0.679688 0.679688 0.882812 0.882812 0.882812 0.640625 0.640625 0.695312 0.695312 0.695312 0.734375 0.734375 0.828125 0.828125 0.828125 1.156250 1.156250 0.976562 0.976562 0.976562 1.070312 1.070312 1.093750 1.093750 1.093750 0.765625 0.765625 0.585938 0.585938 0.585938 0.992188 0.992188 0.843750 0.843750 0.843750 0.906250 0.906250 1.265625 1.265625 1.265625 1.726562
0.164062 0.164062 0.218750 0.218750 0.171875 0.171875 0.171875 0.281250 0.281250 0.453125 0.453125 0.453125 0.515625 0.515625 0.375000 0.375000 0.375000 0.382812 0.382812 0.476562 0.476562 0.476562 0.507812 0.507812 0.726562 0.726562 0.726562 0.687500 0.687500 0.703125 0.703125 0.703125 0.726562 0.726562 0.867188 0.867188 0.867188 1.148438 1.148438 1.468750 1.468750 1.468750 1.679688 1.679688 0.960938 0.960938 0.960938 0.828125 0.828125 1.171875 1.171875 1.171875 1.414062 1.414062 1.031250 1.031250 1.031250 1.078125 1.078125 1.726562 1.726562 1.726562 1.312500
0.164062 0.164062 0.218750 0.218750 0.171875 0.171875 0.171875 0.281250 0.281250 0.453125 0.453125 0.453125 0.515625 0.515625 0.375000 0.375000 0.375000 0.382812 0.382812 0.476562 0.476562 0.476562 0.507812 0.507812 0.726562 0.726562 0.726562 0.687500 0.687500 0.703125 0.703125 0.703125 0.726562 0.726562 0.867188 0.867188 0.867188 1.148438 1.148438 1.468750 1.468750 1.468750 1.679688 1.679688 0.960938 0.960938 0.960938 0.828125 0.828125 1.171875 1.171875 1.171875 1.414062 1.414062 1.031250 1.031250 1.031250 1.078125 1.078125 1.726562 1.726562 1.726562 1.312500
0.164062 0.164062 0.218750 0.218750 0.171875 0.171875 0.171875 0.281250 0.281250 0.453125 0.453125 0.453125 0.515625 0.515625 0.375000 0.375000 0.375000 0.382812 0.382812 0.476562 0.476562 0.476562 0.507812 0.507812 0.726562 0.726562 0.726562 0.687500 0.687500 0.703125 0.703125 0.703125 0.726562 0.726562 0.867188 0.867188 0.867188 1.148438 1.148438 1.468750 1.468750 1.468750 1.679688 1.679688 0.960938 0.960938 0.960938 0.828125 0.828125 1.171875 1.171875 1.171875 1.414062 1.414062 1.031250 1.031250 1.031250 1.078125 1.078125 1.726562 1.726562 1.726562 1.312500
0.093750 0.093750 0.132812 0.132812 0.250000 0.250000 0.250000 0.343750 0.343750 0.375000 0.375000 0.375000 0.492188 0.492188 0.453125 0.453125 0.453125 0.664062 0.664062 0.710938 0.710938 0.710938 0.500000 0.500000 0.726562 0.726562 0.726562 0.734375 0.734375 0.781250 0.781250 0.781250 0.851562 0.851562 1.164062 1.164062 1.164062 1.289062 1.289062 1.851562 1.851562 1.851562 2.304688 2.304688 1.671875 1.671875 1.671875 1.828125 1.828125 1.992188 1.992188 1.992188 1.796875 1.796875 1.750000 1.750000 1.750000 1.968750 1.968750 2.187500 2.187500 2.187500 1.531250
0.093750 0.093750 0.132812 0.132812 0.250000 0.250000 0.250000 0.343750 0.343750 0.375000 0.375000 0.375000 0.492188 0.492188 0.453125 0.453125 0.453125 0.664062 0.664062 0.710938 0.710938 0.710938 0.500000 0.500000 0.726562 0.726562 0.726562 0.734375 0.734375 0.781250 0.781250 0.781250 0.851562 0.851562 1.164062 1.164062 1.164062 1.289062 1.289062 1.851562 1.851562 1.851562 2.304688 2.304688 1.671875 1.671875 1.671875 1.828125 1.828125 1.992188 1.992188 1.992188 1.796875 1.796875 1.750000 1.750000 1.750000 1.968750 1.968750 2.187500 2.187500 2.187500 1.531250
0.117188 0.117188 0.148438 0.148438 0.195312 0.195312 0.195312 0.226562 0.226562 0.273438 0.273438 0.273438 0.375000 0.375000 0.632812 0.632812 0.632812 0.617188 0.617188 0.648438 0.648438 0.648438 0.789062 0.789062 0.640625 0.640625 0.640625 0.664062 0.664062 1.031250 1.031250 1.031250 1.117188 1.117188 1.367188 1.367188 1.367188 1.617188 1.617188 2.132812 2.132812 2.132812 2.257812 2.257812 2.414062 2.414062 2.414062 2.804688 2.804688 3.218750 3.218750 3.218750 3.140625 3.140625 3.070312 3.070312 3.070312 2.937500 2.937500 2.859375 2.859375 2.859375 2.671875
0.117188 0.117188 0.148438 0.148438 0.195312 0.195312 0.195312 0.226562 0.226562 0.273438 0.273438 0.273438 0.375000 0.375000 0.632812 0.632812 0.632812 0.617188 0.617188 0.648438 0.648438 0.648438 0.789062 0.789062 0.640625 0.640625 0.640625 0.664062 0.664062 1.031250 1.031250 1.031250 1.117188 1.117188 1.367188 1.367188 1.367188 1.617188 1.617188 2.132812 2.132812 2.132812 2.257812 2.257812 2.414062 2.414062 2.414062 2.804688 2.804688 3.218750 3.218750 3.218750 3.140625 3.140625 3.070312 3.070312 3.070312 2.937500 2.937500 2.859375 2.859375 2.859375 2.671875
0.117188 0.117188 0.148438 0.148438 0.195312 0.195312 0.195312 0.226562 0.226562 0.273438 0.273438 0.273438 0.375000 0.375000 0.632812 0.632812 0.632812 0.617188 0.617188 0.648438 0.648438 0.648438 0.789062 0.789062 0.640625 0.640625 0.640625 0.664062 0.664062 1.031250 1.031250 1.031250 1.117188 1.117188 1.367188 1.367188 1.367188 1.617188 1.617188 2.132812 2.132812 2.132812 2.257812 2.257812 2.414062 2.414062 2.414062 2.804688 2.804688 3.218750 3.218750 3.218750 3.140625 3.140625 3.070312 3.070312 3.070312 2.937500 2.937500 2.859375 2.859375 2.859375 2.671875
0.078125 0.078125 0.164062 0.164062 0.187500 0.187500 0.187500 0.179688 0.179688 0.148438 0.148438 0.148438 0.304688 0.304688 0.609375 0.609375 0.609375 0.593750 0.593750 0.546875 0.546875 0.546875 0.585938 0.585938 0.578125 0.578125 0.578125 0.820312 0.820312 1.039062 1.039062 1.039062 1.312500 1.312500 1.601562 1.601562 1.601562 2.140625 2.140625 2.234375 2.234375 2.234375 2.054688 2.054688 2.945312 2.945312 2.945312 3.960938 3.960938 4.625000 4.625000 4.625000 3.640625 3.640625 2.718750 2.718750 2.718750 2.578125 2.578125 3.570312 3.570312 3.570312 3.968750
0.078125 0.078125 0.164062 0.164062 0.187500 0.187500 0.187500 0.179688 0.179688 0.148438 0.148438 0.148438 0.304688 0.304688 0.609375 0.609375 0.609375 0.593750 0.593750 0.546875 0.546875 0.546875 0.585938 0.585938 0.578125 0.578125 0.578125 0.820312 0.820312 1.039062 1.039062 1.039062 1.312500 1.312500 1.601562 1.601562 1.601562 2.140625 2.140625 2.234375 2.234375 2.234375 2.054688 2.054688 2.945312 2.945312 2.945312 3.960938 3.960938 4.625000 4.625000 4.625000 3.640625 3.640625 2.718750 2.718750 2.718750 2.578125 2.578125 3.570312 3.570312 3.570312 3.968750
0.085938 0.085938 0.203125 0.203125 0.226562 0.226562 0.226562 0.210938 0.210938 0.296875 0.296875 0.296875 0.351562 0.351562 0.304688 0.304688 0.304688 0.304688 0.304688 0.164062 0.164062 0.164062 0.500000 0.500000 1.046875 1.046875 1.046875 1.179688 1.179688 0.882812 0.882812 0.882812 1.468750 1.468750 1.539062 1.539062 1.539062 2.125000 2.125000 2.164062 2.164062 2.164062 2.835938 2.835938 3.882812 3.882812 3.882812 5.476562 5.476562 7.281250 7.281250 7.281250 5.140625 5.140625 4.335938 4.335938 4.335938 4.203125 4.203125 5.554688 5.554688 5.554688 5.148438
0.085938 0.085938 0.203125 0.203125 0.226562 0.226562 0.226562 0.210938 0.210938 0.296875 0.296875 0.296875 0.351562 0.351562 0.304688 0.304688 0.304688 0.304688 0.304688 0.164062 0.164062 0.164062 0.500000 0.500000 1.046875 1.046875 1.046875 1.179688 1.179688 0.882812 0.882812 0.882812 1.468750 1.468750 1.539062 1.539062 1.539062 2.125000 2.125000 2.164062 2.164062 2.164062 2.835938 2.835938 3.882812 3.882812 3.882812 5.476562 5.476562 7.281250 7.281250 7.281250 5.140625 5.140625 4.335938 4.335938 4.335938 4.203125 4.203125 5.554688 5.554688 5.554688 5.148438
0.085938 0.085938 0.203125 0.203125 0.226562 0.226562 0.226562 0.210938 0.210938 0.296875 0.296875 0.296875 0.351562 0.351562 0.304688 0.304688 0.304688 0.304688 0.304688 0.164062 0.164062 0.164062 0.500000 0.500000 1.046875 1.046875 1.046875 1.179688 1.179688 0.882812 0.882812 0.882812 1.468750 1.468750 1.539062 1.539062 1.539062 2.125000 2.125000 2.164062 2.164062 2.164062 2.835938 2.835938 3.882812 3.882812 3.882812 5.476562 5.476562 7.281250 7.281250 7.281250 5.140625 5.140625 4.335938 4.335938 4.335938 4.203125 4.203125 5.554688 5.554688 5.554688 5.148438
0.062500 0.062500 0.125000 0.125000 0.156250 0.156250 0.156250 0.250000 0.250000 0.226562 0.226562 0.226562 0.070312 0.070312 0.023438 0.023438 0.023438 0.031250 0.031250 0.125000 0.125000 0.125000 0.515625 0.515625 1.148438 1.148438 1.148438 1.382812 1.382812 1.250000 1.250000 1.250000 1.398438 1.398438 1.109375 1.109375 1.109375 0.968750 0.968750 1.359375 1.359375 1.359375 2.648438 2.648438 3.984375 3.984375 3.984375 6.164062 6.164062 8.382812 8.382812 8.382812 6.476562 6.476562 6.703125 6.703125 6.703125 7.257812 7.257812 5.429688 5.429688 5.429688 5.109375
0.062500 0.062500 0.125000 0.125000 0.156250 0.156250 0.156250 0.250000 0.250000 0.226562 0.226562 0.226562 0.070312 0.070312 0.023438 0.023438 0.023438 0.031250 0.031250 0.125000 0.125000 0.125000 0.515625 0.515625 1.148438 1.148438 1.148438 1.382812 1.382812 1.250000 1.250000 1.250000 1.398438 1.398438 1.109375 1.109375 1.109375 0.968750 0.968750 1.359375 1.359375 1.359375 2.648438 2.648438 3.984375 3.984375 3.984375 6.164062 6.164062 8.382812 8.382812 8.382812 6.476562 6.476562 6.703125 6.703125 6.703125 7.257812 7.257812 5.429688 5.429688 5.429688 5.109375
0.117188 0.117188 0.078125 0.078125 0.085938 0.085938 0.085938 0.203125 0.203125 0.132812 0.132812 0.132812 0.117188 0.117188 0.140625 0.140625 0.140625 0.054688 0.054688 0.156250 0.156250 0.156250 0.367188 0.367188 0.585938 0.585938 0.585938 0.781250 0.781250 1.070312 1.070312 1.070312 1.234375 1.234375 0.867188 0.867188 0.867188 0.664062 0.664062 0.789062 0.789062 0.789062 1.109375 1.109375 2.085938 2.085938 2.085938 4.781250 4.781250 8.492188 8.492188 8.492188 7.867188 7.867188 7.687500 7.687500 7.687500 8.039062 8.039062 6.718750 6.718750 6.718750 6.835938
0.117188 0.117188 0.078125 0.078125 0.085938 0.085938 0.085938 0.203125 0.203125 0.132812 0.132812 0.132812 0.117188 0.117188 0.140625 0.140625 0.140625 0.054688 0.054688 0.156250 0.156250 0.156250 0.367188 0.367188 0.585938 0.585938 0.585938 0.781250 0.781250 1.070312 1.070312 1.070312 1.234375 1.234375 0.867188 0.867188 0.867188 0.664062 0.664062 0.789062 0.789062 0.789062 1.109375 1.109375 2.085938 2.085938 2.085938 4.781250 4.781250 8.492188 8.492188 8.492188 7.867188 7.867188 7.687500 7.687500 7.687500 8.039062 8.039062 6.718750 6.718750 6.718750 6.835938
0.117188 0.117188 0.078125 0.078125 0.085938 0.085938 0.085938 0.203125 0.203125 0.132812 0.132812 0.132812 0.117188 0.117188 0.140625 0.140625 0.140625 0.054688 0.054688 0.156250 0.156250 0.156250 0.367188 0.367188 0.585938 0.585938 0.585938 0.781250 0.781250 1.070312 1.070312 1.070312 1.234375 1.234375 0.867188 0.867188 0.867188 0.664062 0.664062 0.789062 0.789062 0.789062 1.109375 1.109375 2.085938 2.085938 2.085938 4.781250 4.781250 8.492188 8.492188 8.492188 7.867188 7.867188 7.687500 7.687500 7.687500 8.039062 8.039062 6.718750 6.718750 6.718750 6.835938
0.046875 0.046875 0.015625 0.015625 0.015625 0.015625 0.015625 0.039062 0.039062 0.062500 0.062500 0.062500 0.054688 0.054688 0.062500 0.062500 0.062500 0.031250 0.031250 0.085938 0.085938 0.085938 0.132812 0.132812 0.101562 0.101562 0.101562 0.296875 0.296875 0.664062 0.664062 0.664062 0.851562 0.851562 0.750000 0.750000 0.750000 0.648438 0.648438 0.632812 0.632812 0.632812 0.703125 0.703125 1.421875 1.421875 1.421875 3.171875 3.171875 6.898438 6.898438 6.898438 6.781250 6.781250 7.507812 7.507812 7.507812 6.835938 6.835938 6.406250 6.406250 6.406250 6.765625
0.046875 0.046875 0.015625 0.015625 0.015625 0.015625 0.015625 0.039062 0.039062 0.062500 0.062500 0.062500 0.054688 0.054688 0.062500 0.062500 0.062500 0.031250 0.031250 0.085938 0.085938 0.085938 0.132812 0.132812 0.101562 0.101562 0.101562 0.296875 0.296875 0.664062 0.664062 0.664062 0.851562 0.851562 0.750000 0.750000 0.750000 0.648438 0.648438 0.632812 0.632812 0.632812 0.703125 0.703125 1.421875 1.421875 1.421875 3.171875 3.171875 6.898438 6.898438 6.898438 6.781250 6.781250 7.507812 7.507812 7.507812 6.835938 6.835938 6.406250 6.406250 6.406250 6.765625
0.015625 0.015625 0.078125 0.078125 0.031250 0.031250 0.031250 0.031250 0.031250 0.093750 0.093750 0.093750 0.054688 0.054688 0.015625 0.015625 0.015625 0.031250 0.031250 0.085938 0.085938 0.085938 0.148438 0.148438 0.109375 0.109375 0.109375 0.148438 0.148438 0.359375 0.359375 0.359375 0.421875 0.421875 0.320312 0.320312 0.320312 0.562500 0.562500 0.890625 0.890625 0.890625 0.523438 0.523438 1.031250 1.031250 1.031250 2.109375 2.109375 4.210938 4.210938 4.210938 5.773438 5.773438 7.000000 7.000000 7.000000 6.539062 6.539062 6.648438 6.648438 6.648438 7.179688
