Data/APCP/20200108.f090.apcp.gfs.pakistan.txt
ncols        169
nrows        134
xllcorner    60.900000000000
yllcorner    23.700000000000
cellsize     0.100000000000
NODATA_value  -9999
[rows 0 to 41 of 134, columns 0 to 92 of 169]
3.375 3.375 3.3125 3.3125 3.3125 3.4375 3.4375 3.8125 3.8125 3.8125 3.875 3.875 2.5 2.5 2.5 1.0625 1.0625 0.6875 0.6875 0.6875 0.9375 0.9375 1.375 1.375 1.375 1.25 1.25 1.25 1.25 1.25 2.0625 2.0625 2.625 2.625 2.625 1.5625 1.5625 0.375 0.375 0.375 0.0625 0.0625 0.125 0.125 0.125 0.125 0.125 0.0625 0.0625 0.0625 0.0625 0.0625 0 0 0 0 0 0 0 0 0 0 0 0 0 0 0 0 0 0 0 0 0 0 0 0 0 0 0 0 0 0 0 0 0 0 0 0 0 0 0 0 0
3.375 3.375 3.3125 3.3125 3.3125 3.4375 3.4375 3.8125 3.8125 3.8125 3.875 3.875 2.5 2.5 2.5 1.0625 1.0625 0.6875 0.6875 0.6875 0.9375 0.9375 1.375 1.375 1.375 1.25 1.25 1.25 1.25 1.25 2.0625 2.0625 2.625 2.625 2.625 1.5625 1.5625 0.375 0.375 0.375 0.0625 0.0625 0.125 0.125 0.125 0.125 0.125 0.0625 0.0625 0.0625 0.0625 0.0625 0 0 0 0 0 0 0 0 0 0 0 0 0 0 0 0 0 0 0 0 0 0 0 0 0 0 0 0 0 0 0 0 0 0 0 0 0 0 0 0 0
5.75 5.75 6.6875 6.6875 6.6875 6.375 6.375 5.9375 5.9375 5.9375 5.3125 5.3125 3.9375 3.9375 3.9375 2.25 2.25 1.9375 1.9375 1.9375 2.125 2.125 2.0625 2.0625 2.0625 1.75 1.75 1.25 1.25 1.25 1.8125 1.8125 3.125 3.125 3.125 1.8125 1.8125 0.4375 0.4375 0.4375 0.25 0.25 0.5 0.5 0.5 0.375 0.375 0.25 0.25 0.25 0.125 0.125 0.0625 0.0625 0.0625 0.125 0.125 0.125 0.125 0.125 0.0625 0.0625 0.0625 0.0625 0.0625 0.0625 0.0625 0 0 0 0 0 0 0 0 0 0 0 0 0 0 0 0 0 0 0 0 0 0 0 0 0 0
5.75 5.75 6.6875 6.6875 6.6875 6.375 6.375 5.9375 5.9375 5.9375 5.3125 5.3125 3.9375 3.9375 3.9375 2.25 2.25 1.9375 1.9375 1.9375 2.125 2.125 2.0625 2.0625 2.0625 1.75 1.75 1.25 1.25 1.25 1.8125 1.8125 3.125 3.125 3.125 1.8125 1.8125 0.4375 0.4375 0.4375 0.25 0.25 0.5 0.5 0.5 0.375 0.375 0.25 0.25 0.25 0.125 0.125 0.0625 0.0625 0.0625 0.125 0.125 0.125 0.125 0.125 0.0625 0.0625 0.0625 0.0625 0.0625 0.0625 0.0625 0 0 0 0 0 0 0 0 0 0 0 0 0 0 0 0 0 0 0 0 0 0 0 0 0 0
5.75 5.75 6.6875 6.6875 6.6875 6.375 6.375 5.9375 5.9375 5.9375 5.3125 5.3125 3.9375 3.9375 3.9375 2.25 2.25 1.9375 1.9375 1.9375 2.125 2.125 2.0625 2.0625 2.0625 1.75 1.75 1.25 1.25 1.25 1.8125 1.8125 3.125 3.125 3.125 1.8125 1.8125 0.4375 0.4375 0.4375 0.25 0.25 0.5 0.5 0.5 0.375 0.375 0.25 0.25 0.25 0.125 0.125 0.0625 0.0625 0.0625 0.125 0.125 0.125 0.125 0.125 0.0625 0.0625 0.0625 0.0625 0.0625 0.0625 0.0625 0 0 0 0 0 0 0 0 0 0 0 0 0 0 0 0 0 0 0 0 0 0 0 0 0 0
7.5 7.5 9.625 9.625 9.625 9.375 9.375 7.4375 7.4375 7.4375 6.25 6.25 5.9375 5.9375 5.9375 4.5625 4.5625 4 4 4 3.625 3.625 2.8125 2.8125 2.8125 2.3125 2.3125 2.0625 2.0625 2.0625 2.9375 2.9375 3.1875 3.1875 3.1875 1.6875 1.6875 0.8125 0.8125 0.8125 0.9375 0.9375 1.4375 1.4375 1.4375 0.9375 0.9375 0.5625 0.5625 0.5625 0.3125 0.3125 0.1875 0.1875 0.1875 0.25 0.25 0.25 0.25 0.25 0.125 0.125 0.1875 0.1875 0.1875 0.0625 0.0625 0 0 0 0 0 0 0 0 0 0 0 0 0 0 0 0 0 0 0.0625 0.0625 0.125 0.125 0.125 0.1875 0.1875 0.1875
7.5 7.5 9.625 9.625 9.625 9.375 9.375 7.4375 7.4375 7.4375 6.25 6.25 5.9375 5.9375 5.9375 4.5625 4.5625 4 4 4 3.625 3.625 2.8125 2.8125 2.8125 2.3125 2.3125 2.0625 2.0625 2.0625 2.9375 2.9375 3.1875 3.1875 3.1875 1.6875 1.6875 0.8125 0.8125 0.8125 0.9375 0.9375 1.4375 1.4375 1.4375 0.9375 0.9375 0.5625 0.5625 0.5625 0.3125 0.3125 0.1875 0.1875 0.1875 0.25 0.25 0.25 0.25 0.25 0.125 0.125 0.1875 0.1875 0.1875 0.0625 0.0625 0 0 0 0 0 0 0 0 0 0 0 0 0 0 0 0 0 0 0.0625 0.0625 0.125 0.125 0.125 0.1875 0.1875 0.1875
10.4375 10.4375 11.5625 11.5625 11.5625 11.0625 11.0625 8.5625 8.5625 8.5625 6.5625 6.5625 5.875 5.875 5.875 5.125 5.125 5.125 5.125 5.125 5.4375 5.4375 4.75 4.75 4.75 4.3125 4.3125 3.6875 3.6875 3.6875 3.0625 3.0625 2.375 2.375 2.375 2.125 2.125 1.5 1.5 1.5 1.5 1.5 1.6875 1.6875 1.6875 1.0625 1.0625 0.5 0.5 0.5 0.125 0.125 0.125 0.125 0.125 0.0625 0.0625 0.0625 0.0625 0.0625 0.0625 0.0625 0 0 0 0 0 0 0 0 0 0 0 0 0 0 0 0 0 0 0 0 0 0 0 0.125 0.125 0.3125 0.3125 0.3125 0.5625 0.5625 0.5625
10.4375 10.4375 11.5625 11.5625 11.5625 11.0625 11.0625 8.5625 8.5625 8.5625 6.5625 6.5625 5.875 5.875 5.875 5.125 5.125 5.125 5.125 5.125 5.4375 5.4375 4.75 4.75 4.75 4.3125 4.3125 3.6875 3.6875 3.6875 3.0625 3.0625 2.375 2.375 2.375 2.125 2.125 1.5 1.5 1.5 1.5 1.5 1.6875 1.6875 1.6875 1.0625 1.0625 0.5 0.5 0.5 0.125 0.125 0.125 0.125 0.125 0.0625 0.0625 0.0625 0.0625 0.0625 0.0625 0.0625 0 0 0 0 0 0 0 0 0 0 0 0 0 0 0 0 0 0 0 0 0 0 0 0.125 0.125 0.3125 0.3125 0.3125 0.5625 0.5625 0.5625
10.4375 10.4375 11.5625 11.5625 11.5625 11.0625 11.0625 8.5625 8.5625 8.5625 6.5625 6.5625 5.875 5.875 5.875 5.125 5.125 5.125 5.125 5.125 5.4375 5.4375 4.75 4.75 4.75 4.3125 4.3125 3.6875 3.6875 3.6875 3.0625 3.0625 2.375 2.375 2.375 2.125 2.125 1.5 1.5 1.5 1.5 1.5 1.6875 1.6875 1.6875 1.0625 1.0625 0.5 0.5 0.5 0.125 0.125 0.125 0.125 0.125 0.0625 0.0625 0.0625 0.0625 0.0625 0.0625 0.0625 0 0 0 0 0 0 0 0 0 0 0 0 0 0 0 0 0 0 0 0 0 0 0 0.125 0.125 0.3125 0.3125 0.3125 0.5625 0.5625 0.5625
14.5625 14.5625 13.0625 13.0625 13.0625 12.125 12.125 9.8125 9.8125 9.8125 6.9375 6.9375 5.0625 5.0625 5.0625 4.625 4.625 5.0625 5.0625 5.0625 6.1875 6.1875 7.1875 7.1875 7.1875 6.5 6.5 4.625 4.625 4.625 3.9375 3.9375 4.4375 4.4375 4.4375 4.0625 4.0625 2.125 2.125 2.125 0.8125 0.8125 1.0625 1.0625 1.0625 1.4375 1.4375 1.25 1.25 1.25 0.1875 0.1875 0 0 0 0 0 0 0 0 0 0 0 0 0 0 0 0 0 0 0 0 0 0 0 0 0 0 0 0 0 0 0.0625 0.0625 0.0625 0.1875 0.1875 0.5 0.5 0.5 0.875 0.875 1.1875
14.5625 14.5625 13.0625 13.0625 13.0625 12.125 12.125 9.8125 9.8125 9.8125 6.9375 6.9375 5.0625 5.0625 5.0625 4.625 4.625 5.0625 5.0625 5.0625 6.1875 6.1875 7.1875 7.1875 7.1875 6.5 6.5 4.625 4.625 4.625 3.9375 3.9375 4.4375 4.4375 4.4375 4.0625 4.0625 2.125 2.125 2.125 0.8125 0.8125 1.0625 1.0625 1.0625 1.4375 1.4375 1.25 1.25 1.25 0.1875 0.1875 0 0 0 0 0 0 0 0 0 0 0 0 0 0 0 0 0 0 0 0 0 0 0 0 0 0 0 0 0 0 0.0625 0.0625 0.0625 0.1875 0.1875 0.5 0.5 0.5 0.875 0.875 1.1875
13.5 13.5 13.5 13.5 13.5 12.6875 12.6875 11 11 11 9.25 9.25 8.25 8.25 8.25 7.1875 7.1875 6.125 6.125 6.125 6 6 6.3125 6.3125 6.3125 6.5625 6.5625 6.1875 6.1875 6.1875 6.6875 6.6875 5.8125 5.8125 5.8125 2.875 2.875 1 1 1 0.375 0.375 0.1875 0.1875 0.1875 0.4375 0.4375 0.8125 0.8125 0.8125 0.125 0.125 0 0 0 0 0 0 0 0 0 0 0 0 0 0 0 0 0 0 0 0 0 0 0 0 0 0 0 0 0.1875 0.1875 0.1875 0.1875 0.1875 0.375 0.375 1.625 1.625 1.625 1.9375 1.9375 1.5625
13.5 13.5 13.5 13.5 13.5 12.6875 12.6875 11 11 11 9.25 9.25 8.25 8.25 8.25 7.1875 7.1875 6.125 6.125 6.125 6 6 6.3125 6.3125 6.3125 6.5625 6.5625 6.1875 6.1875 6.1875 6.6875 6.6875 5.8125 5.8125 5.8125 2.875 2.875 1 1 1 0.375 0.375 0.1875 0.1875 0.1875 0.4375 0.4375 0.8125 0.8125 0.8125 0.125 0.125 0 0 0 0 0 0 0 0 0 0 0 0 0 0 0 0 0 0 0 0 0 0 0 0 0 0 0 0 0.1875 0.1875 0.1875 0.1875 0.1875 0.375 0.375 1.625 1.625 1.625 1.9375 1.9375 1.5625
13.5 13.5 13.5 13.5 13.5 12.6875 12.6875 11 11 11 9.25 9.25 8.25 8.25 8.25 7.1875 7.1875 6.125 6.125 6.125 6 6 6.3125 6.3125 6.3125 6.5625 6.5625 6.1875 6.1875 6.1875 6.6875 6.6875 5.8125 5.8125 5.8125 2.875 2.875 1 1 1 0.375 0.375 0.1875 0.1875 0.1875 0.4375 0.4375 0.8125 0.8125 0.8125 0.125 0.125 0 0 0 0 0 0 0 0 0 0 0 0 0 0 0 0 0 0 0 0 0 0 0 0 0 0 0 0 0.1875 0.1875 0.1875 0.1875 0.1875 0.375 0.375 1.625 1.625 1.625 1.9375 1.9375 1.5625
16.1875 16.1875 15.75 15.75 15.75 15.875 15.875 15.6875 15.6875 15.6875 14.8125 14.8125 13.5625 13.5625 13.5625 11.0625 11.0625 8.875 8.875 8.875 9.125 9.125 9.125 9.125 9.125 7.3125 7.3125 6.9375 6.9375 6.9375 5.1875 5.1875 3.625 3.625 3.625 3.375 3.375 2.6875 2.6875 2.6875 1.6875 1.6875 0.6875 0.6875 0.6875 0.375 0.375 0.5625 0.5625 0.5625 0.5 0.5 0.375 0.375 0.375 0.0625 0.0625 0.0625 0.0625 0.0625 0.0625 0.0625 0.0625 0.0625 0.0625 0 0 0 0 0 0 0 0.0625 0.0625 0.0625 0.25 0.25 0.625 0.625 0.625 0.6875 0.6875 0.5625 0.5625 0.5625 1.25 1.25 2.0625 2.0625 2.0625 1.5625 1.5625 2.3125
16.1875 16.1875 15.75 15.75 15.75 15.875 15.875 15.6875 15.6875 15.6875 14.8125 14.8125 13.5625 13.5625 13.5625 11.0625 11.0625 8.875 8.875 8.875 9.125 9.125 9.125 9.125 9.125 7.3125 7.3125 6.9375 6.9375 6.9375 5.1875 5.1875 3.625 3.625 3.625 3.375 3.375 2.6875 2.6875 2.6875 1.6875 1.6875 0.6875 0.6875 0.6875 0.375 0.375 0.5625 0.5625 0.5625 0.5 0.5 0.375 0.375 0.375 0.0625 0.0625 0.0625 0.0625 0.0625 0.0625 0.0625 0.0625 0.0625 0.0625 0 0 0 0 0 0 0 0.0625 0.0625 0.0625 0.25 0.25 0.625 0.625 0.625 0.6875 0.6875 0.5625 0.5625 0.5625 1.25 1.25 2.0625 2.0625 2.0625 1.5625 1.5625 2.3125
15.5 15.5 23.0625 23.0625 23.0625 25.5625 25.5625 22.8125 22.8125 22.8125 21.5 21.5 20 20 20 16.125 16.125 12.6875 12.6875 12.6875 10.6875 10.6875 5.625 5.625 5.625 2.3125 2.3125 1.375 1.375 1.375 1.0625 1.0625 1.125 1.125 1.125 1.3125 1.3125 0.5625 0.5625 0.5625 0.5 0.5 0.8125 0.8125 0.8125 1.5625 1.5625 1.9375 1.9375 1.9375 1.625 1.625 1 1 1 0.3125 0.3125 0.5625 0.5625 0.5625 0.375 0.375 0.1875 0.1875 0.1875 0.0625 0.0625 0 0 0 0.0625 0.0625 0.3125 0.3125 0.3125 0.875 0.875 2.0625 2.0625 2.0625 1.9375 1.9375 1.1875 1.1875 1.1875 1.75 1.75 2.3125 2.3125 2.3125 3.125 3.125 2.5625
15.5 15.5 23.0625 23.0625 23.0625 25.5625 25.5625 22.8125 22.8125 22.8125 21.5 21.5 20 20 20 16.125 16.125 12.6875 12.6875 12.6875 10.6875 10.6875 5.625 5.625 5.625 2.3125 2.3125 1.375 1.375 1.375 1.0625 1.0625 1.125 1.125 1.125 1.3125 1.3125 0.5625 0.5625 0.5625 0.5 0.5 0.8125 0.8125 0.8125 1.5625 1.5625 1.9375 1.9375 1.9375 1.625 1.625 1 1 1 0.3125 0.3125 0.5625 0.5625 0.5625 0.375 0.375 0.1875 0.1875 0.1875 0.0625 0.0625 0 0 0 0.0625 0.0625 0.3125 0.3125 0.3125 0.875 0.875 2.0625 2.0625 2.0625 1.9375 1.9375 1.1875 1.1875 1.1875 1.75 1.75 2.3125 2.3125 2.3125 3.125 3.125 2.5625
15.5 15.5 23.0625 23.0625 23.0625 25.5625 25.5625 22.8125 22.8125 22.8125 21.5 21.5 20 20 20 16.125 16.125 12.6875 12.6875 12.6875 10.6875 10.6875 5.625 5.625 5.625 2.3125 2.3125 1.375 1.375 1.375 1.0625 1.0625 1.125 1.125 1.125 1.3125 1.3125 0.5625 0.5625 0.5625 0.5 0.5 0.8125 0.8125 0.8125 1.5625 1.5625 1.9375 1.9375 1.9375 1.625 1.625 1 1 1 0.3125 0.3125 0.5625 0.5625 0.5625 0.375 0.375 0.1875 0.1875 0.1875 0.0625 0.0625 0 0 0 0.0625 0.0625 0.3125 0.3125 0.3125 0.875 0.875 2.0625 2.0625 2.0625 1.9375 1.9375 1.1875 1.1875 1.1875 1.75 1.75 2.3125 2.3125 2.3125 3.125 3.125 2.5625
23.75 23.75 27.875 27.875 27.875 31 31 32.4375 32.4375 32.4375 30.9375 30.9375 27.25 27.25 27.25 22 22 16.125 16.125 16.125 8.1875 8.1875 2.1875 2.1875 2.1875 1.125 1.125 0.4375 0.4375 0.4375 0.1875 0.1875 0.125 0.125 0.125 0.0625 0.0625 0.125 0.125 0.125 0.375 0.375 0.8125 0.8125 0.8125 0.8125 0.8125 0.875 0.875 0.875 1.1875 1.1875 1.0625 1.0625 1.0625 1.5625 1.5625 1.625 1.625 1.625 1.4375 1.4375 1.0625 1.0625 1.0625 0.5625 0.5625 0.6875 0.6875 0.6875 0.75 0.75 1.625 1.625 1.625 2.875 2.875 1.6875 1.6875 1.6875 0.8125 0.8125 0.4375 0.4375 0.4375 0.5625 0.5625 1.4375 1.4375 1.4375 1.8125 1.8125 0.625
23.75 23.75 27.875 27.875 27.875 31 31 32.4375 32.4375 32.4375 30.9375 30.9375 27.25 27.25 27.25 22 22 16.125 16.125 16.125 8.1875 8.1875 2.1875 2.1875 2.1875 1.125 1.125 0.4375 0.4375 0.4375 0.1875 0.1875 0.125 0.125 0.125 0.0625 0.0625 0.125 0.125 0.125 0.375 0.375 0.8125 0.8125 0.8125 0.8125 0.8125 0.875 0.875 0.875 1.1875 1.1875 1.0625 1.0625 1.0625 1.5625 1.5625 1.625 1.625 1.625 1.4375 1.4375 1.0625 1.0625 1.0625 0.5625 0.5625 0.6875 0.6875 0.6875 0.75 0.75 1.625 1.625 1.625 2.875 2.875 1.6875 1.6875 1.6875 0.8125 0.8125 0.4375 0.4375 0.4375 0.5625 0.5625 1.4375 1.4375 1.4375 1.8125 1.8125 0.625
30.375 30.375 26.3125 26.3125 26.3125 22.5625 22.5625 23.5 23.5 23.5 24.25 24.25 21.3125 21.3125 21.3125 15.625 15.625 10.0625 10.0625 10.0625 6.4375 6.4375 3.5625 3.5625 3.5625 2.1875 2.1875 1.5 1.5 1.5 1.625 1.625 1.1875 1.1875 1.1875 0.75 0.75 0.5625 0.5625 0.5625 0.5625 0.5625 0.5625 0.5625 0.5625 0.6875 0.6875 1.0625 1.0625 1.0625 1.375 1.375 1.625 1.625 1.625 2.25 2.25 2.3125 2.3125 2.3125 1.75 1.75 1.625 1.625 1.625 2.0625 2.0625 2.5 2.5 2.5 2.1875 2.1875 2.75 2.75 2.75 2.9375 2.9375 1.875 1.875 1.875 1.25 1.25 1.125 1.125 1.125 0.8125 0.8125 0.4375 0.4375 0.4375 0.1875 0.1875 0.125
30.375 30.375 26.3125 26.3125 26.3125 22.5625 22.5625 23.5 23.5 23.5 24.25 24.25 21.3125 21.3125 21.3125 15.625 15.625 10.0625 10.0625 10.0625 6.4375 6.4375 3.5625 3.5625 3.5625 2.1875 2.1875 1.5 1.5 1.5 1.625 1.625 1.1875 1.1875 1.1875 0.75 0.75 0.5625 0.5625 0.5625 0.5625 0.5625 0.5625 0.5625 0.5625 0.6875 0.6875 1.0625 1.0625 1.0625 1.375 1.375 1.625 1.625 1.625 2.25 2.25 2.3125 2.3125 2.3125 1.75 1.75 1.625 1.625 1.625 2.0625 2.0625 2.5 2.5 2.5 2.1875 2.1875 2.75 2.75 2.75 2.9375 2.9375 1.875 1.875 1.875 1.25 1.25 1.125 1.125 1.125 0.8125 0.8125 0.4375 0.4375 0.4375 0.1875 0.1875 0.125
30.375 30.375 26.3125 26.3125 26.3125 22.5625 22.5625 23.5 23.5 23.5 24.25 24.25 21.3125 21.3125 21.3125 15.625 15.625 10.0625 10.0625 10.0625 6.4375 6.4375 3.5625 3.5625 3.5625 2.1875 2.1875 1.5 1.5 1.5 1.625 1.625 1.1875 1.1875 1.1875 0.75 0.75 0.5625 0.5625 0.5625 0.5625 0.5625 0.5625 0.5625 0.5625 0.6875 0.6875 1.0625 1.0625 1.0625 1.375 1.375 1.625 1.625 1.625 2.25 2.25 2.3125 2.3125 2.3125 1.75 1.75 1.625 1.625 1.625 2.0625 2.0625 2.5 2.5 2.5 2.1875 2.1875 2.75 2.75 2.75 2.9375 2.9375 1.875 1.875 1.875 1.25 1.25 1.125 1.125 1.125 0.8125 0.8125 0.4375 0.4375 0.4375 0.1875 0.1875 0.125
34.1875 34.1875 26.375 26.375 26.375 17.375 17.375 14.0625 14.0625 14.0625 10.1875 10.1875 6.75 6.75 6.75 3.5 3.5 2.125 2.125 2.125 3.4375 3.4375 2.375 2.375 2.375 1.8125 1.8125 3.5625 3.5625 3.5625 3 3 1.625 1.625 1.625 0.875 0.875 0.3125 0.3125 0.3125 0.1875 0.1875 0.1875 0.1875 0.1875 0.375 0.375 0.5625 0.5625 0.5625 0.9375 0.9375 1.375 1.375 1.375 1.6875 1.6875 2.0625 2.0625 2.0625 2.3125 2.3125 3.25 3.25 3.25 3.9375 3.9375 3.875 3.875 3.875 3.625 3.625 3.4375 3.4375 3.4375 3.8125 3.8125 2.375 2.375 2.375 1.5 1.5 1.5625 1.5625 1.5625 1.1875 1.1875 0.5 0.5 0.5 0.125 0.125 0
34.1875 34.1875 26.375 26.375 26.375 17.375 17.375 14.0625 14.0625 14.0625 10.1875 10.1875 6.75 6.75 6.75 3.5 3.5 2.125 2.125 2.125 3.4375 3.4375 2.375 2.375 2.375 1.8125 1.8125 3.5625 3.5625 3.5625 3 3 1.625 1.625 1.625 0.875 0.875 0.3125 0.3125 0.3125 0.1875 0.1875 0.1875 0.1875 0.1875 0.375 0.375 0.5625 0.5625 0.5625 0.9375 0.9375 1.375 1.375 1.375 1.6875 1.6875 2.0625 2.0625 2.0625 2.3125 2.3125 3.25 3.25 3.25 3.9375 3.9375 3.875 3.875 3.875 3.625 3.625 3.4375 3.4375 3.4375 3.8125 3.8125 2.375 2.375 2.375 1.5 1.5 1.5625 1.5625 1.5625 1.1875 1.1875 0.5 0.5 0.5 0.125 0.125 0
30.5625 30.5625 22.4375 22.4375 22.4375 9.875 9.875 4.4375 4.4375 4.4375 1.6875 1.6875 1.125 1.125 1.125 0.875 0.875 0.6875 0.6875 0.6875 1.3125 1.3125 1.4375 1.4375 1.4375 1.75 1.75 1.4375 1.4375 1.4375 0.75 0.75 0.3125 0.3125 0.3125 0.25 0.25 0.375 0.375 0.375 0.3125 0.3125 0.5 0.5 0.5 1.1875 1.1875 2.125 2.125 2.125 2.9375 2.9375 3.125 3.125 3.125 2.5 2.5 2.1875 2.1875 2.1875 1.9375 1.9375 2.125 2.125 2.125 2.3125 2.3125 2.625 2.625 2.625 2.625 2.625 3.375 3.375 3.375 3.5 3.5 1.8125 1.8125 1.8125 1.375 1.375 1.6875 1.6875 1.6875 1.6875 1.6875 1.1875 1.1875 1.1875 0.875 0.875 0.375
30.5625 30.5625 22.4375 22.4375 22.4375 9.875 9.875 4.4375 4.4375 4.4375 1.6875 1.6875 1.125 1.125 1.125 0.875 0.875 0.6875 0.6875 0.6875 1.3125 1.3125 1.4375 1.4375 1.4375 1.75 1.75 1.4375 1.4375 1.4375 0.75 0.75 0.3125 0.3125 0.3125 0.25 0.25 0.375 0.375 0.375 0.3125 0.3125 0.5 0.5 0.5 1.1875 1.1875 2.125 2.125 2.125 2.9375 2.9375 3.125 3.125 3.125 2.5 2.5 2.1875 2.1875 2.1875 1.9375 1.9375 2.125 2.125 2.125 2.3125 2.3125 2.625 2.625 2.625 2.625 2.625 3.375 3.375 3.375 3.5 3.5 1.8125 1.8125 1.8125 1.375 1.375 1.6875 1.6875 1.6875 1.6875 1.6875 1.1875 1.1875 1.1875 0.875 0.875 0.375
30.5625 30.5625 22.4375 22.4375 22.4375 9.875 9.875 4.4375 4.4375 4.4375 1.6875 1.6875 1.125 1.125 1.125 0.875 0.875 0.6875 0.6875 0.6875 1.3125 1.3125 1.4375 1.4375 1.4375 1.75 1.75 1.4375 1.4375 1.4375 0.75 0.75 0.3125 0.3125 0.3125 0.25 0.25 0.375 0.375 0.375 0.3125 0.3125 0.5 0.5 0.5 1.1875 1.1875 2.125 2.125 2.125 2.9375 2.9375 3.125 3.125 3.125 2.5 2.5 2.1875 2.1875 2.1875 1.9375 1.9375 2.125 2.125 2.125 2.3125 2.3125 2.625 2.625 2.625 2.625 2.625 3.375 3.375 3.375 3.5 3.5 1.8125 1.8125 1.8125 1.375 1.375 1.6875 1.6875 1.6875 1.6875 1.6875 1.1875 1.1875 1.1875 0.875 0.875 0.375
26.25 26.25 14.5 14.5 14.5 4.6875 4.6875 1.25 1.25 1.25 0.75 0.75 1.75 1.75 1.75 2.75 2.75 5.1875 5.1875 5.1875 5.8125 5.8125 4 4 4 3.4375 3.4375 3.25 3.25 3.25 2.5625 2.5625 1.1875 1.1875 1.1875 0.5625 0.5625 0.5 0.5 0.5 0.5 0.5 1.125 1.125 1.125 3.25 3.25 4.125 4.125 4.125 3.8125 3.8125 4.75 4.75 4.75 3.875 3.875 3.1875 3.1875 3.1875 2.5625 2.5625 1.6875 1.6875 1.6875 1.5 1.5 1.9375 1.9375 1.9375 1.75 1.75 2.375 2.375 2.375 3.125 3.125 2.6875 2.6875 2.6875 2.125 2.125 2.375 2.375 2.375 2.8125 2.8125 2.0625 2.0625 2.0625 1.6875 1.6875 1.75
26.25 26.25 14.5 14.5 14.5 4.6875 4.6875 1.25 1.25 1.25 0.75 0.75 1.75 1.75 1.75 2.75 2.75 5.1875 5.1875 5.1875 5.8125 5.8125 4 4 4 3.4375 3.4375 3.25 3.25 3.25 2.5625 2.5625 1.1875 1.1875 1.1875 0.5625 0.5625 0.5 0.5 0.5 0.5 0.5 1.125 1.125 1.125 3.25 3.25 4.125 4.125 4.125 3.8125 3.8125 4.75 4.75 4.75 3.875 3.875 3.1875 3.1875 3.1875 2.5625 2.5625 1.6875 1.6875 1.6875 1.5 1.5 1.9375 1.9375 1.9375 1.75 1.75 2.375 2.375 2.375 3.125 3.125 2.6875 2.6875 2.6875 2.125 2.125 2.375 2.375 2.375 2.8125 2.8125 2.0625 2.0625 2.0625 1.6875 1.6875 1.75
19.625 19.625 7 7 7 1.6875 1.6875 0.8125 0.8125 0.8125 1.5625 1.5625 2.4375 2.4375 2.4375 4.125 4.125 8 8 8 9.125 9.125 10 10 10 10.9375 10.9375 9.5 9.5 9.5 5.8125 5.8125 1.9375 1.9375 1.9375 1 1 1.1875 1.1875 1.1875 2 2 3.5 3.5 3.5 5.6875 5.6875 5.875 5.875 5.875 5.5625 5.5625 5.875 5.875 5.875 5.5625 5.5625 3.6875 3.6875 3.6875 2.3125 2.3125 2.3125 2.3125 2.3125 2.1875 2.1875 2.625 2.625 2.625 2.125 2.125 2.5 2.5 2.5 2.25 2.25 2.6875 2.6875 2.6875 2.1875 2.1875 1.5625 1.5625 1.5625 1.4375 1.4375 0.875 0.875 0.875 0.4375 0.4375 0.4375
19.625 19.625 7 7 7 1.6875 1.6875 0.8125 0.8125 0.8125 1.5625 1.5625 2.4375 2.4375 2.4375 4.125 4.125 8 8 8 9.125 9.125 10 10 10 10.9375 10.9375 9.5 9.5 9.5 5.8125 5.8125 1.9375 1.9375 1.9375 1 1 1.1875 1.1875 1.1875 2 2 3.5 3.5 3.5 5.6875 5.6875 5.875 5.875 5.875 5.5625 5.5625 5.875 5.875 5.875 5.5625 5.5625 3.6875 3.6875 3.6875 2.3125 2.3125 2.3125 2.3125 2.3125 2.1875 2.1875 2.625 2.625 2.625 2.125 2.125 2.5 2.5 2.5 2.25 2.25 2.6875 2.6875 2.6875 2.1875 2.1875 1.5625 1.5625 1.5625 1.4375 1.4375 0.875 0.875 0.875 0.4375 0.4375 0.4375
19.625 19.625 7 7 7 1.6875 1.6875 0.8125 0.8125 0.8125 1.5625 1.5625 2.4375 2.4375 2.4375 4.125 4.125 8 8 8 9.125 9.125 10 10 10 10.9375 10.9375 9.5 9.5 9.5 5.8125 5.8125 1.9375 1.9375 1.9375 1 1 1.1875 1.1875 1.1875 2 2 3.5 3.5 3.5 5.6875 5.6875 5.875 5.875 5.875 5.5625 5.5625 5.875 5.875 5.875 5.5625 5.5625 3.6875 3.6875 3.6875 2.3125 2.3125 2.3125 2.3125 2.3125 2.1875 2.1875 2.625 2.625 2.625 2.125 2.125 2.5 2.5 2.5 2.25 2.25 2.6875 2.6875 2.6875 2.1875 2.1875 1.5625 1.5625 1.5625 1.4375 1.4375 0.875 0.875 0.875 0.4375 0.4375 0.4375
12.0625 12.0625 3.25 3.25 3.25 0.75 0.75 1.375 1.375 1.375 2.125 2.125 2.8125 2.8125 2.8125 4.4375 4.4375 6.375 6.375 6.375 10.0625 10.0625 14.25 14.25 14.25 13.375 13.375 10.5625 10.5625 10.5625 5.5 5.5 1.8125 1.8125 1.8125 1.6875 1.6875 2.875 2.875 2.875 4.625 4.625 5.1875 5.1875 5.1875 5.875 5.875 6.5 6.5 6.5 6.9375 6.9375 5.5 5.5 5.5 3.5625 3.5625 2.6875 2.6875 2.6875 3.4375 3.4375 3.25 3.25 3.25 3.125 3.125 3.1875 3.1875 3.1875 2.8125 2.8125 2.5625 2.5625 2.5625 1.75 1.75 1.375 1.375 1.375 1.0625 1.0625 0.875 0.875 0.875 0.4375 0.4375 0.1875 0.1875 0.1875 0.0625 0.0625 0.0625
12.0625 12.0625 3.25 3.25 3.25 0.75 0.75 1.375 1.375 1.375 2.125 2.125 2.8125 2.8125 2.8125 4.4375 4.4375 6.375 6.375 6.375 10.0625 10.0625 14.25 14.25 14.25 13.375 13.375 10.5625 10.5625 10.5625 5.5 5.5 1.8125 1.8125 1.8125 1.6875 1.6875 2.875 2.875 2.875 4.625 4.625 5.1875 5.1875 5.1875 5.875 5.875 6.5 6.5 6.5 6.9375 6.9375 5.5 5.5 5.5 3.5625 3.5625 2.6875 2.6875 2.6875 3.4375 3.4375 3.25 3.25 3.25 3.125 3.125 3.1875 3.1875 3.1875 2.8125 2.8125 2.5625 2.5625 2.5625 1.75 1.75 1.375 1.375 1.375 1.0625 1.0625 0.875 0.875 0.875 0.4375 0.4375 0.1875 0.1875 0.1875 0.0625 0.0625 0.0625
9.25 9.25 2.4375 2.4375 2.4375 1.4375 1.4375 2.6875 2.6875 2.6875 3.4375 3.4375 5 5 5 7.875 7.875 9.625 9.625 9.625 11.6875 11.6875 14.25 14.25 14.25 13.875 13.875 11.875 11.875 11.875 6 6 4 4 4 5.0625 5.0625 7.1875 7.1875 7.1875 7.125 7.125 6.125 6.125 6.125 7.375 7.375 7.1875 7.1875 7.1875 7.375 7.375 5.8125 5.8125 5.8125 3.875 3.875 3.75 3.75 3.75 3.25 3.25 3.3125 3.3125 3.3125 3.25 3.25 3.5625 3.5625 3.5625 2.6875 2.6875 2.1875 2.1875 2.1875 2.5625 2.5625 1.9375 1.9375 1.9375 1.625 1.625 1.8125 1.8125 1.8125 1.125 1.125 0.3125 0.3125 0.3125 0.0625 0.0625 0
9.25 9.25 2.4375 2.4375 2.4375 1.4375 1.4375 2.6875 2.6875 2.6875 3.4375 3.4375 5 5 5 7.875 7.875 9.625 9.625 9.625 11.6875 11.6875 14.25 14.25 14.25 13.875 13.875 11.875 11.875 11.875 6 6 4 4 4 5.0625 5.0625 7.1875 7.1875 7.1875 7.125 7.125 6.125 6.125 6.125 7.375 7.375 7.1875 7.1875 7.1875 7.375 7.375 5.8125 5.8125 5.8125 3.875 3.875 3.75 3.75 3.75 3.25 3.25 3.3125 3.3125 3.3125 3.25 3.25 3.5625 3.5625 3.5625 2.6875 2.6875 2.1875 2.1875 2.1875 2.5625 2.5625 1.9375 1.9375 1.9375 1.625 1.625 1.8125 1.8125 1.8125 1.125 1.125 0.3125 0.3125 0.3125 0.0625 0.0625 0
9.25 9.25 2.4375 2.4375 2.4375 1.4375 1.4375 2.6875 2.6875 2.6875 3.4375 3.4375 5 5 5 7.875 7.875 9.625 9.625 9.625 11.6875 11.6875 14.25 14.25 14.25 13.875 13.875 11.875 11.875 11.875 6 6 4 4 4 5.0625 5.0625 7.1875 7.1875 7.1875 7.125 7.125 6.125 6.125 6.125 7.375 7.375 7.1875 7.1875 7.1875 7.375 7.375 5.8125 5.8125 5.8125 3.875 3.875 3.75 3.75 3.75 3.25 3.25 3.3125 3.3125 3.3125 3.25 3.25 3.5625 3.5625 3.5625 2.6875 2.6875 2.1875 2.1875 2.1875 2.5625 2.5625 1.9375 1.9375 1.9375 1.625 1.625 1.8125 1.8125 1.8125 1.125 1.125 0.3125 0.3125 0.3125 0.0625 0.0625 0
7.5 7.5 3.75 3.75 3.75 4.4375 4.4375 4.9375 4.9375 4.9375 6.1875 6.1875 7.8125 7.8125 7.8125 9.25 9.25 9.25 9.25 9.25 9 9 9.75 9.75 9.75 10.5625 10.5625 12.9375 12.9375 12.9375 12.1875 12.1875 10.9375 10.9375 10.9375 11.6875 11.6875 12.75 12.75 12.75 9.75 9.75 7.625 7.625 7.625 8.4375 8.4375 8.375 8.375 8.375 9.0625 9.0625 6.8125 6.8125 6.8125 5.5625 5.5625 4.3125 4.3125 4.3125 4.375 4.375 4.1875 4.1875 4.1875 3.6875 3.6875 3.8125 3.8125 3.8125 3.4375 3.4375 3.4375 3.4375 3.4375 3.75 3.75 3.625 3.625 3.625 3.3125 3.3125 3 3 3 1.5625 1.5625 0.5 0.5 0.5 0.125 0.125 0
7.5 7.5 3.75 3.75 3.75 4.4375 4.4375 4.9375 4.9375 4.9375 6.1875 6.1875 7.8125 7.8125 7.8125 9.25 9.25 9.25 9.25 9.25 9 9 9.75 9.75 9.75 10.5625 10.5625 12.9375 12.9375 12.9375 12.1875 12.1875 10.9375 10.9375 10.9375 11.6875 11.6875 12.75 12.75 12.75 9.75 9.75 7.625 7.625 7.625 8.4375 8.4375 8.375 8.375 8.375 9.0625 9.0625 6.8125 6.8125 6.8125 5.5625 5.5625 4.3125 4.3125 4.3125 4.375 4.375 4.1875 4.1875 4.1875 3.6875 3.6875 3.8125 3.8125 3.8125 3.4375 3.4375 3.4375 3.4375 3.4375 3.75 3.75 3.625 3.625 3.625 3.3125 3.3125 3 3 3 1.5625 1.5625 0.5 0.5 0.5 0.125 0.125 0
