Data/APCP/20200108.f108.apcp.gfs.pakistan.txt
ncols        169
nrows        134
xllcorner    60.900000000000
yllcorner    23.700000000000
cellsize     0.100000000000
NODATA_value  -9999
[rows 41 to 81 of 134, columns 0 to 92 of 169]
0.125 0.125 0.125 0.125 0.125 0.0625 0.0625 0 0 0 0 0 0.1875 0.1875 0.1875 0.4375 0.4375 2.3125 2.3125 2.3125 3.375 3.375 1.875 1.875 1.875 3.625 3.625 7.0625 7.0625 7.0625 8.0625 8.0625 4.0625 4.0625 4.0625 3.0625 3.0625 4.625 4.625 4.625 8 8 10.875 10.875 10.875 10 10 13.25 13.25 13.25 12 12 11.3125 11.3125 11.3125 5.5 5.5 3.0625 3.0625 3.0625 6.4375 6.4375 7.3125 7.3125 7.3125 7.0625 7.0625 10.375 10.375 10.375 8.9375 8.9375 5.6875 5.6875 5.6875 1.875 1.875 0.375 0.375 0.375 0.5625 0.5625 0.9375 0.9375 0.9375 1.75 1.75 2.5625 2.5625 2.5625 1.6875 1.6875 1
0.0625 0.0625 0.0625 0.0625 0.0625 0.0625 0.0625 0 0 0 0 0 0 0 0 0 0 0.1875 0.1875 0.1875 0.625 0.625 0.8125 0.8125 0.8125 2.375 2.375 4.8125 4.8125 4.8125 5.8125 5.8125 3.5 3.5 3.5 2.1875 2.1875 3.125 3.125 3.125 8.4375 8.4375 12.0625 12.0625 12.0625 11.25 11.25 10.75 10.75 10.75 10.5 10.5 9.5 9.5 9.5 4.9375 4.9375 7.1875 7.1875 7.1875 10.125 10.125 10.1875 10.1875 10.1875 10.1875 10.1875 10.4375 10.4375 10.4375 6.3125 6.3125 1.8125 1.8125 1.8125 0.25 0.25 0.5 0.5 0.5 1.4375 1.4375 1.75 1.75 1.75 2.375 2.375 2.5 2.5 2.5 1.9375 1.9375 1.0625
0.0625 0.0625 0.0625 0.0625 0.0625 0.0625 0.0625 0 0 0 0 0 0 0 0 0 0 0.1875 0.1875 0.1875 0.625 0.625 0.8125 0.8125 0.8125 2.375 2.375 4.8125 4.8125 4.8125 5.8125 5.8125 3.5 3.5 3.5 2.1875 2.1875 3.125 3.125 3.125 8.4375 8.4375 12.0625 12.0625 12.0625 11.25 11.25 10.75 10.75 10.75 10.5 10.5 9.5 9.5 9.5 4.9375 4.9375 7.1875 7.1875 7.1875 10.125 10.125 10.1875 10.1875 10.1875 10.1875 10.1875 10.4375 10.4375 10.4375 6.3125 6.3125 1.8125 1.8125 1.8125 0.25 0.25 0.5 0.5 0.5 1.4375 1.4375 1.75 1.75 1.75 2.375 2.375 2.5 2.5 2.5 1.9375 1.9375 1.0625
0.0625 0.0625 0.0625 0.0625 0.0625 0.0625 0.0625 0 0 0 0 0 0 0 0 0 0 0.1875 0.1875 0.1875 0.625 0.625 0.8125 0.8125 0.8125 2.375 2.375 4.8125 4.8125 4.8125 5.8125 5.8125 3.5 3.5 3.5 2.1875 2.1875 3.125 3.125 3.125 8.4375 8.4375 12.0625 12.0625 12.0625 11.25 11.25 10.75 10.75 10.75 10.5 10.5 9.5 9.5 9.5 4.9375 4.9375 7.1875 7.1875 7.1875 10.125 10.125 10.1875 10.1875 10.1875 10.1875 10.1875 10.4375 10.4375 10.4375 6.3125 6.3125 1.8125 1.8125 1.8125 0.25 0.25 0.5 0.5 0.5 1.4375 1.4375 1.75 1.75 1.75 2.375 2.375 2.5 2.5 2.5 1.9375 1.9375 1.0625
0.0625 0.0625 0.0625 0.0625 0.0625 0 0 0 0 0 0 0 0 0 0 0 0 0.1875 0.1875 0.1875 0.25 0.25 0.6875 0.6875 0.6875 1.1875 1.1875 1.4375 1.4375 1.4375 2.125 2.125 1.5625 1.5625 1.5625 0.6875 0.6875 1.625 1.625 1.625 6.1875 6.1875 10.1875 10.1875 10.1875 9.9375 9.9375 9.5625 9.5625 9.5625 11.875 11.875 10.25 10.25 10.25 9.0625 9.0625 8.875 8.875 8.875 8.8125 8.8125 8.5625 8.5625 8.5625 4.9375 4.9375 2.25 2.25 2.25 0.4375 0.4375 0 0 0 0.125 0.125 0.4375 0.4375 0.4375 0.8125 0.8125 1.3125 1.3125 1.3125 3 3 3.4375 3.4375 3.4375 2.125 2.125 1.1875
0.0625 0.0625 0.0625 0.0625 0.0625 0 0 0 0 0 0 0 0 0 0 0 0 0.1875 0.1875 0.1875 0.25 0.25 0.6875 0.6875 0.6875 1.1875 1.1875 1.4375 1.4375 1.4375 2.125 2.125 1.5625 1.5625 1.5625 0.6875 0.6875 1.625 1.625 1.625 6.1875 6.1875 10.1875 10.1875 10.1875 9.9375 9.9375 9.5625 9.5625 9.5625 11.875 11.875 10.25 10.25 10.25 9.0625 9.0625 8.875 8.875 8.875 8.8125 8.8125 8.5625 8.5625 8.5625 4.9375 4.9375 2.25 2.25 2.25 0.4375 0.4375 0 0 0 0.125 0.125 0.4375 0.4375 0.4375 0.8125 0.8125 1.3125 1.3125 1.3125 3 3 3.4375 3.4375 3.4375 2.125 2.125 1.1875
0 0 0 0 0 0 0 0 0 0 0 0 0 0 0 0 0 0 0 0 0.0625 0.0625 0.25 0.25 0.25 0.375 0.375 0.375 0.375 0.375 0.625 0.625 0.5 0.5 0.5 0.75 0.75 1.3125 1.3125 1.3125 4.375 4.375 7.3125 7.3125 7.3125 10.375 10.375 14.5 14.5 14.5 13.1875 13.1875 7.5625 7.5625 7.5625 8.875 8.875 10.9375 10.9375 10.9375 6.8125 6.8125 2.5625 2.5625 2.5625 0.875 0.875 0.125 0.125 0.125 0.0625 0.0625 0.0625 0.0625 0.0625 0.1875 0.1875 0.5625 0.5625 0.5625 1.3125 1.3125 2.125 2.125 2.125 3 3 2.625 2.625 2.625 1.5 1.5 0.9375
0 0 0 0 0 0 0 0 0 0 0 0 0 0 0 0 0 0 0 0 0.0625 0.0625 0.25 0.25 0.25 0.375 0.375 0.375 0.375 0.375 0.625 0.625 0.5 0.5 0.5 0.75 0.75 1.3125 1.3125 1.3125 4.375 4.375 7.3125 7.3125 7.3125 10.375 10.375 14.5 14.5 14.5 13.1875 13.1875 7.5625 7.5625 7.5625 8.875 8.875 10.9375 10.9375 10.9375 6.8125 6.8125 2.5625 2.5625 2.5625 0.875 0.875 0.125 0.125 0.125 0.0625 0.0625 0.0625 0.0625 0.0625 0.1875 0.1875 0.5625 0.5625 0.5625 1.3125 1.3125 2.125 2.125 2.125 3 3 2.625 2.625 2.625 1.5 1.5 0.9375
0 0 0 0 0 0 0 0 0 0 0 0 0 0 0 0 0 0 0 0 0.0625 0.0625 0.25 0.25 0.25 0.375 0.375 0.375 0.375 0.375 0.625 0.625 0.5 0.5 0.5 0.75 0.75 1.3125 1.3125 1.3125 4.375 4.375 7.3125 7.3125 7.3125 10.375 10.375 14.5 14.5 14.5 13.1875 13.1875 7.5625 7.5625 7.5625 8.875 8.875 10.9375 10.9375 10.9375 6.8125 6.8125 2.5625 2.5625 2.5625 0.875 0.875 0.125 0.125 0.125 0.0625 0.0625 0.0625 0.0625 0.0625 0.1875 0.1875 0.5625 0.5625 0.5625 1.3125 1.3125 2.125 2.125 2.125 3 3 2.625 2.625 2.625 1.5 1.5 0.9375
0 0 0 0 0 0 0 0 0 0 0 0 0 0 0 0 0 0 0 0 0 0 0 0 0 0.0625 0.0625 0.125 0.125 0.125 0.1875 0.1875 0.375 0.375 0.375 0.875 0.875 1.25 1.25 1.25 3.5625 3.5625 6.125 6.125 6.125 12.9375 12.9375 14.75 14.75 14.75 6.9375 6.9375 4.6875 4.6875 4.6875 10 10 8.25 8.25 8.25 3.3125 3.3125 2.1875 2.1875 2.1875 1.125 1.125 0.3125 0.3125 0.3125 0.25 0.25 0.3125 0.3125 0.3125 0.6875 0.6875 1.1875 1.1875 1.1875 1.9375 1.9375 2.125 2.125 2.125 1.9375 1.9375 1.625 1.625 1.625 1.5625 1.5625 1.0625
0 0 0 0 0 0 0 0 0 0 0 0 0 0 0 0 0 0 0 0 0 0 0 0 0 0.0625 0.0625 0.125 0.125 0.125 0.1875 0.1875 0.375 0.375 0.375 0.875 0.875 1.25 1.25 1.25 3.5625 3.5625 6.125 6.125 6.125 12.9375 12.9375 14.75 14.75 14.75 6.9375 6.9375 4.6875 4.6875 4.6875 10 10 8.25 8.25 8.25 3.3125 3.3125 2.1875 2.1875 2.1875 1.125 1.125 0.3125 0.3125 0.3125 0.25 0.25 0.3125 0.3125 0.3125 0.6875 0.6875 1.1875 1.1875 1.1875 1.9375 1.9375 2.125 2.125 2.125 1.9375 1.9375 1.625 1.625 1.625 1.5625 1.5625 1.0625
0 0 0 0 0 0 0 0 0 0 0 0 0 0 0 0 0 0 0 0 0 0 0 0 0 0 0 0 0 0 0 0 0.125 0.125 0.125 0.3125 0.3125 1 1 1 1.875 1.875 7.25 7.25 7.25 13.9375 13.9375 8.6875 8.6875 8.6875 4.3125 4.3125 7 7 7 8.1875 8.1875 4 4 4 2.1875 2.1875 1.9375 1.9375 1.9375 0.5 0.5 0.125 0.125 0.125 0.1875 0.1875 0.4375 0.4375 0.4375 0.9375 0.9375 1.375 1.375 1.375 1.8125 1.8125 1.5 1.5 1.5 1.0625 1.0625 1.0625 1.0625 1.0625 1.75 1.75 1.0625
0 0 0 0 0 0 0 0 0 0 0 0 0 0 0 0 0 0 0 0 0 0 0 0 0 0 0 0 0 0 0 0 0.125 0.125 0.125 0.3125 0.3125 1 1 1 1.875 1.875 7.25 7.25 7.25 13.9375 13.9375 8.6875 8.6875 8.6875 4.3125 4.3125 7 7 7 8.1875 8.1875 4 4 4 2.1875 2.1875 1.9375 1.9375 1.9375 0.5 0.5 0.125 0.125 0.125 0.1875 0.1875 0.4375 0.4375 0.4375 0.9375 0.9375 1.375 1.375 1.375 1.8125 1.8125 1.5 1.5 1.5 1.0625 1.0625 1.0625 1.0625 1.0625 1.75 1.75 1.0625
0 0 0 0 0 0 0 0 0 0 0 0 0 0 0 0 0 0 0 0 0 0 0 0 0 0 0 0 0 0 0 0 0.125 0.125 0.125 0.3125 0.3125 1 1 1 1.875 1.875 7.25 7.25 7.25 13.9375 13.9375 8.6875 8.6875 8.6875 4.3125 4.3125 7 7 7 8.1875 8.1875 4 4 4 2.1875 2.1875 1.9375 1.9375 1.9375 0.5 0.5 0.125 0.125 0.125 0.1875 0.1875 0.4375 0.4375 0.4375 0.9375 0.9375 1.375 1.375 1.375 1.8125 1.8125 1.5 1.5 1.5 1.0625 1.0625 1.0625 1.0625 1.0625 1.75 1.75 1.0625
0 0 0 0 0 0 0 0 0 0 0 0 0 0 0 0 0 0 0 0 0 0 0 0 0 0 0 0 0 0 0 0 0 0 0 0.125 0.125 0.375 0.375 0.375 0.75 0.75 6.375 6.375 6.375 7.9375 7.9375 3.8125 3.8125 3.8125 6.75 6.75 8.6875 8.6875 8.6875 4.5625 4.5625 1.6875 1.6875 1.6875 0.9375 0.9375 0.25 0.25 0.25 0 0 0 0 0 0.125 0.125 0.4375 0.4375 0.4375 0.6875 0.6875 1.375 1.375 1.375 1.75 1.75 1.75 1.75 1.75 1.625 1.625 1.6875 1.6875 1.6875 1.3125 1.3125 0.5625
0 0 0 0 0 0 0 0 0 0 0 0 0 0 0 0 0 0 0 0 0 0 0 0 0 0 0 0 0 0 0 0 0 0 0 0.125 0.125 0.375 0.375 0.375 0.75 0.75 6.375 6.375 6.375 7.9375 7.9375 3.8125 3.8125 3.8125 6.75 6.75 8.6875 8.6875 8.6875 4.5625 4.5625 1.6875 1.6875 1.6875 0.9375 0.9375 0.25 0.25 0.25 0 0 0 0 0 0.125 0.125 0.4375 0.4375 0.4375 0.6875 0.6875 1.375 1.375 1.375 1.75 1.75 1.75 1.75 1.75 1.625 1.625 1.6875 1.6875 1.6875 1.3125 1.3125 0.5625
0 0 0 0 0 0 0 0 0 0 0 0 0 0 0 0 0 0 0 0 0 0 0 0 0 0 0 0 0 0 0 0 0 0 0 0.125 0.125 0.25 0.25 0.25 1.5 1.5 4.0625 4.0625 4.0625 2.125 2.125 3.9375 3.9375 3.9375 6.9375 6.9375 4.375 4.375 4.375 2.0625 2.0625 1.3125 1.3125 1.3125 0.3125 0.3125 0.125 0.125 0.125 0.125 0.125 0.375 0.375 0.375 0.4375 0.4375 0.5625 0.5625 0.5625 1 1 1.5625 1.5625 1.5625 1.875 1.875 1.8125 1.8125 1.8125 1.6875 1.6875 1.3125 1.3125 1.3125 0.8125 0.8125 0.375
0 0 0 0 0 0 0 0 0 0 0 0 0 0 0 0 0 0 0 0 0 0 0 0 0 0 0 0 0 0 0 0 0 0 0 0.125 0.125 0.25 0.25 0.25 1.5 1.5 4.0625 4.0625 4.0625 2.125 2.125 3.9375 3.9375 3.9375 6.9375 6.9375 4.375 4.375 4.375 2.0625 2.0625 1.3125 1.3125 1.3125 0.3125 0.3125 0.125 0.125 0.125 0.125 0.125 0.375 0.375 0.375 0.4375 0.4375 0.5625 0.5625 0.5625 1 1 1.5625 1.5625 1.5625 1.875 1.875 1.8125 1.8125 1.8125 1.6875 1.6875 1.3125 1.3125 1.3125 0.8125 0.8125 0.375
0 0 0 0 0 0 0 0 0 0 0 0 0 0 0 0 0 0 0 0 0 0 0 0 0 0 0 0 0 0 0 0 0 0 0 0.125 0.125 0.25 0.25 0.25 1.5 1.5 4.0625 4.0625 4.0625 2.125 2.125 3.9375 3.9375 3.9375 6.9375 6.9375 4.375 4.375 4.375 2.0625 2.0625 1.3125 1.3125 1.3125 0.3125 0.3125 0.125 0.125 0.125 0.125 0.125 0.375 0.375 0.375 0.4375 0.4375 0.5625 0.5625 0.5625 1 1 1.5625 1.5625 1.5625 1.875 1.875 1.8125 1.8125 1.8125 1.6875 1.6875 1.3125 1.3125 1.3125 0.8125 0.8125 0.375
0.3125 0.3125 0.125 0.125 0.125 0 0 0 0 0 0 0 0 0 0 0 0 0 0 0 0 0 0 0 0 0 0 0 0 0 0 0 0.0625 0.0625 0.0625 0.25 0.25 0.5 0.5 0.5 1.875 1.875 1.8125 1.8125 1.8125 1.875 1.875 4.1875 4.1875 4.1875 4.3125 4.3125 2.75 2.75 2.75 1.5 1.5 0.6875 0.6875 0.6875 0.4375 0.4375 0.5625 0.5625 0.5625 1.25 1.25 1.75 1.75 1.75 1.5 1.5 1.9375 1.9375 1.9375 2.0625 2.0625 1.8125 1.8125 1.8125 1.875 1.875 1.4375 1.4375 1.4375 1.1875 1.1875 0.9375 0.9375 0.9375 0.625 0.625 0.3125
0.3125 0.3125 0.125 0.125 0.125 0 0 0 0 0 0 0 0 0 0 0 0 0 0 0 0 0 0 0 0 0 0 0 0 0 0 0 0.0625 0.0625 0.0625 0.25 0.25 0.5 0.5 0.5 1.875 1.875 1.8125 1.8125 1.8125 1.875 1.875 4.1875 4.1875 4.1875 4.3125 4.3125 2.75 2.75 2.75 1.5 1.5 0.6875 0.6875 0.6875 0.4375 0.4375 0.5625 0.5625 0.5625 1.25 1.25 1.75 1.75 1.75 1.5 1.5 1.9375 1.9375 1.9375 2.0625 2.0625 1.8125 1.8125 1.8125 1.875 1.875 1.4375 1.4375 1.4375 1.1875 1.1875 0.9375 0.9375 0.9375 0.625 0.625 0.3125
0.5625 0.5625 0.1875 0.1875 0.1875 0 0 0 0 0 0 0 0 0 0 0 0 0 0 0 0 0 0 0 0 0 0 0 0 0 0 0 0.1875 0.1875 0.1875 0.5625 0.5625 0.875 0.875 0.875 1.625 1.625 1.5625 1.5625 1.5625 2.5 2.5 3.5625 3.5625 3.5625 3.3125 3.3125 1.625 1.625 1.625 1.1875 1.1875 0.6875 0.6875 0.6875 0.1875 0.1875 0.4375 0.4375 0.4375 1.5625 1.5625 1.625 1.625 1.625 1.25 1.25 1.0625 1.0625 1.0625 1.125 1.125 1 1 1 1 1 1 1 1 0.8125 0.8125 0.5625 0.5625 0.5625 0.5 0.5 0.4375
0.5625 0.5625 0.1875 0.1875 0.1875 0 0 0 0 0 0 0 0 0 0 0 0 0 0 0 0 0 0 0 0 0 0 0 0 0 0 0 0.1875 0.1875 0.1875 0.5625 0.5625 0.875 0.875 0.875 1.625 1.625 1.5625 1.5625 1.5625 2.5 2.5 3.5625 3.5625 3.5625 3.3125 3.3125 1.625 1.625 1.625 1.1875 1.1875 0.6875 0.6875 0.6875 0.1875 0.1875 0.4375 0.4375 0.4375 1.5625 1.5625 1.625 1.625 1.625 1.25 1.25 1.0625 1.0625 1.0625 1.125 1.125 1 1 1 1 1 1 1 1 0.8125 0.8125 0.5625 0.5625 0.5625 0.5 0.5 0.4375
0.5625 0.5625 0.1875 0.1875 0.1875 0 0 0 0 0 0 0 0 0 0 0 0 0 0 0 0 0 0 0 0 0 0 0 0 0 0 0 0.1875 0.1875 0.1875 0.5625 0.5625 0.875 0.875 0.875 1.625 1.625 1.5625 1.5625 1.5625 2.5 2.5 3.5625 3.5625 3.5625 3.3125 3.3125 1.625 1.625 1.625 1.1875 1.1875 0.6875 0.6875 0.6875 0.1875 0.1875 0.4375 0.4375 0.4375 1.5625 1.5625 1.625 1.625 1.625 1.25 1.25 1.0625 1.0625 1.0625 1.125 1.125 1 1 1 1 1 1 1 1 0.8125 0.8125 0.5625 0.5625 0.5625 0.5 0.5 0.4375
0.3125 0.3125 0.0625 0.0625 0.0625 0 0 0 0 0 0 0 0 0 0 0 0 0 0 0 0 0 0 0 0 0 0 0 0 0 0.125 0.125 0.375 0.375 0.375 0.4375 0.4375 0.625 0.625 0.625 1.0625 1.0625 1.6875 1.6875 1.6875 2.75 2.75 2.875 2.875 2.875 1.0625 1.0625 1.4375 1.4375 1.4375 2.0625 2.0625 0.1875 0.1875 0.1875 0.25 0.25 1.0625 1.0625 1.0625 1.3125 1.3125 1.0625 1.0625 1.0625 0.875 0.875 0.8125 0.8125 0.8125 0.9375 0.9375 0.9375 0.9375 0.9375 0.875 0.875 0.75 0.75 0.75 0.625 0.625 0.75 0.75 0.75 0.875 0.875 0.875
0.3125 0.3125 0.0625 0.0625 0.0625 0 0 0 0 0 0 0 0 0 0 0 0 0 0 0 0 0 0 0 0 0 0 0 0 0 0.125 0.125 0.375 0.375 0.375 0.4375 0.4375 0.625 0.625 0.625 1.0625 1.0625 1.6875 1.6875 1.6875 2.75 2.75 2.875 2.875 2.875 1.0625 1.0625 1.4375 1.4375 1.4375 2.0625 2.0625 0.1875 0.1875 0.1875 0.25 0.25 1.0625 1.0625 1.0625 1.3125 1.3125 1.0625 1.0625 1.0625 0.875 0.875 0.8125 0.8125 0.8125 0.9375 0.9375 0.9375 0.9375 0.9375 0.875 0.875 0.75 0.75 0.75 0.625 0.625 0.75 0.75 0.75 0.875 0.875 0.875
0.125 0.125 0 0 0 0 0 0 0 0 0 0 0 0 0 0 0 0 0 0 0 0 0 0 0 0 0 0 0 0 0.125 0.125 0.125 0.125 0.125 0.0625 0.0625 0.25 0.25 0.25 0.875 0.875 1.8125 1.8125 1.8125 2.5625 2.5625 2.8125 2.8125 2.8125 2 2 2.125 2.125 2.125 0.8125 0.8125 0.1875 0.1875 0.1875 1.125 1.125 2.3125 2.3125 2.3125 2.8125 2.8125 2.4375 2.4375 2.4375 2.625 2.625 2.8125 2.8125 2.8125 1.75 1.75 1.125 1.125 1.125 0.9375 0.9375 0.8125 0.8125 0.8125 1.1875 1.1875 1.4375 1.4375 1.4375 1.4375 1.4375 1
0.125 0.125 0 0 0 0 0 0 0 0 0 0 0 0 0 0 0 0 0 0 0 0 0 0 0 0 0 0 0 0 0.125 0.125 0.125 0.125 0.125 0.0625 0.0625 0.25 0.25 0.25 0.875 0.875 1.8125 1.8125 1.8125 2.5625 2.5625 2.8125 2.8125 2.8125 2 2 2.125 2.125 2.125 0.8125 0.8125 0.1875 0.1875 0.1875 1.125 1.125 2.3125 2.3125 2.3125 2.8125 2.8125 2.4375 2.4375 2.4375 2.625 2.625 2.8125 2.8125 2.8125 1.75 1.75 1.125 1.125 1.125 0.9375 0.9375 0.8125 0.8125 0.8125 1.1875 1.1875 1.4375 1.4375 1.4375 1.4375 1.4375 1
0.125 0.125 0 0 0 0 0 0 0 0 0 0 0 0 0 0 0 0 0 0 0 0 0 0 0 0 0 0 0 0 0.125 0.125 0.125 0.125 0.125 0.0625 0.0625 0.25 0.25 0.25 0.875 0.875 1.8125 1.8125 1.8125 2.5625 2.5625 2.8125 2.8125 2.8125 2 2 2.125 2.125 2.125 0.8125 0.8125 0.1875 0.1875 0.1875 1.125 1.125 2.3125 2.3125 2.3125 2.8125 2.8125 2.4375 2.4375 2.4375 2.625 2.625 2.8125 2.8125 2.8125 1.75 1.75 1.125 1.125 1.125 0.9375 0.9375 0.8125 0.8125 0.8125 1.1875 1.1875 1.4375 1.4375 1.4375 1.4375 1.4375 1
0.0625 0.0625 0 0 0 0 0 0 0 0 0 0 0 0 0 0 0 0 0 0 0 0 0 0 0 0 0 0 0 0 0.0625 0.0625 0.0625 0.0625 0.0625 0.125 0.125 0.5 0.5 0.5 0.9375 0.9375 1.4375 1.4375 1.4375 2.375 2.375 3.4375 3.4375 3.4375 2.8125 2.8125 1.1875 1.1875 1.1875 0.1875 0.1875 1 1 1 2.625 2.625 3.3125 3.3125 3.3125 2.3125 2.3125 1.1875 1.1875 1.1875 1.375 1.375 1.9375 1.9375 1.9375 1.4375 1.4375 1.0625 1.0625 1.0625 1.25 1.25 1.625 1.625 1.625 1.8125 1.8125 1.75 1.75 1.75 1.3125 1.3125 0.5625
0.0625 0.0625 0 0 0 0 0 0 0 0 0 0 0 0 0 0 0 0 0 0 0 0 0 0 0 0 0 0 0 0 0.0625 0.0625 0.0625 0.0625 0.0625 0.125 0.125 0.5 0.5 0.5 0.9375 0.9375 1.4375 1.4375 1.4375 2.375 2.375 3.4375 3.4375 3.4375 2.8125 2.8125 1.1875 1.1875 1.1875 0.1875 0.1875 1 1 1 2.625 2.625 3.3125 3.3125 3.3125 2.3125 2.3125 1.1875 1.1875 1.1875 1.375 1.375 1.9375 1.9375 1.9375 1.4375 1.4375 1.0625 1.0625 1.0625 1.25 1.25 1.625 1.625 1.625 1.8125 1.8125 1.75 1.75 1.75 1.3125 1.3125 0.5625
0.125 0.125 0.0625 0.0625 0.0625 0 0 0 0 0 0 0 0 0 0 0 0 0 0 0 0 0 0 0 0 0 0 0.0625 0.0625 0.0625 0.125 0.125 0.3125 0.3125 0.3125 0.75 0.75 1.4375 1.4375 1.4375 1.5 1.5 1.6875 1.6875 1.6875 3.5 3.5 3.125 3.125 3.125 2.1875 2.1875 0.375 0.375 0.375 0.5 0.5 2.1875 2.1875 2.1875 3.4375 3.4375 3.1875 3.1875 3.1875 1.3125 1.3125 0.3125 0.3125 0.3125 0.125 0.125 0.25 0.25 0.25 0.625 0.625 1.25 1.25 1.25 1.625 1.625 1.625 1.625 1.625 1.125 1.125 0.8125 0.8125 0.8125 0.875 0.875 1.125
0.125 0.125 0.0625 0.0625 0.0625 0 0 0 0 0 0 0 0 0 0 0 0 0 0 0 0 0 0 0 0 0 0 0.0625 0.0625 0.0625 0.125 0.125 0.3125 0.3125 0.3125 0.75 0.75 1.4375 1.4375 1.4375 1.5 1.5 1.6875 1.6875 1.6875 3.5 3.5 3.125 3.125 3.125 2.1875 2.1875 0.375 0.375 0.375 0.5 0.5 2.1875 2.1875 2.1875 3.4375 3.4375 3.1875 3.1875 3.1875 1.3125 1.3125 0.3125 0.3125 0.3125 0.125 0.125 0.25 0.25 0.25 0.625 0.625 1.25 1.25 1.25 1.625 1.625 1.625 1.625 1.625 1.125 1.125 0.8125 0.8125 0.8125 0.875 0.875 1.125
0.125 0.125 0.0625 0.0625 0.0625 0 0 0 0 0 0 0 0 0 0 0 0 0 0 0 0 0 0 0 0 0 0 0.0625 0.0625 0.0625 0.125 0.125 0.3125 0.3125 0.3125 0.75 0.75 1.4375 1.4375 1.4375 1.5 1.5 1.6875 1.6875 1.6875 3.5 3.5 3.125 3.125 3.125 2.1875 2.1875 0.375 0.375 0.375 0.5 0.5 2.1875 2.1875 2.1875 3.4375 3.4375 3.1875 3.1875 3.1875 1.3125 1.3125 0.3125 0.3125 0.3125 0.125 0.125 0.25 0.25 0.25 0.625 0.625 1.25 1.25 1.25 1.625 1.625 1.625 1.625 1.625 1.125 1.125 0.8125 0.8125 0.8125 0.875 0.875 1.125
0.0625 0.0625 0.125 0.125 0.125 0.0625 0.0625 0 0 0 0 0 0 0 0 0 0 0 0 0 0 0 0 0 0 0.0625 0.0625 0.3125 0.3125 0.3125 0.375 0.375 0.8125 0.8125 0.8125 1.25 1.25 2.9375 2.9375 2.9375 3.125 3.125 3.375 3.375 3.375 3.25 3.25 1.25 1.25 1.25 1.1875 1.1875 0.3125 0.3125 0.3125 1.5625 1.5625 3.875 3.875 3.875 4.8125 4.8125 3.875 3.875 3.875 1.0625 1.0625 0.125 0.125 0.125 0.0625 0.0625 0.125 0.125 0.125 0.625 0.625 1.1875 1.1875 1.1875 1.0625 1.0625 0.625 0.625 0.625 0.4375 0.4375 1.1875 1.1875 1.1875 1.875 1.875 1.875
0.0625 0.0625 0.125 0.125 0.125 0.0625 0.0625 0 0 0 0 0 0 0 0 0 0 0 0 0 0 0 0 0 0 0.0625 0.0625 0.3125 0.3125 0.3125 0.375 0.375 0.8125 0.8125 0.8125 1.25 1.25 2.9375 2.9375 2.9375 3.125 3.125 3.375 3.375 3.375 3.25 3.25 1.25 1.25 1.25 1.1875 1.1875 0.3125 0.3125 0.3125 1.5625 1.5625 3.875 3.875 3.875 4.8125 4.8125 3.875 3.875 3.875 1.0625 1.0625 0.125 0.125 0.125 0.0625 0.0625 0.125 0.125 0.125 0.625 0.625 1.1875 1.1875 1.1875 1.0625 1.0625 0.625 0.625 0.625 0.4375 0.4375 1.1875 1.1875 1.1875 1.875 1.875 1.875
0.0625 0.0625 0 0 0 0 0 0.0625 0.0625 0.0625 0.0625 0.0625 0.0625 0.0625 0.0625 0.0625 0.0625 0 0 0 0 0 0 0 0 0.125 0.125 0.375 0.375 0.375 0.5 0.5 0.5625 0.5625 0.5625 1.625 1.625 5.25 5.25 5.25 5.3125 5.3125 2.8125 2.8125 2.8125 1 1 0.25 0.25 0.25 0.25 0.25 0.8125 0.8125 0.8125 3.4375 3.4375 5.3125 5.3125 5.3125 6.1875 6.1875 4.0625 4.0625 4.0625 0.625 0.625 0.0625 0.0625 0.0625 0.125 0.125 0.25 0.25 0.25 0.5625 0.5625 0.6875 0.6875 0.6875 0.5 0.5 0.6875 0.6875 0.6875 1.5 1.5 2.25 2.25 2.25 1.5625 1.5625 0.8125
0.0625 0.0625 0 0 0 0 0 0.0625 0.0625 0.0625 0.0625 0.0625 0.0625 0.0625 0.0625 0.0625 0.0625 0 0 0 0 0 0 0 0 0.125 0.125 0.375 0.375 0.375 0.5 0.5 0.5625 0.5625 0.5625 1.625 1.625 5.25 5.25 5.25 5.3125 5.3125 2.8125 2.8125 2.8125 1 1 0.25 0.25 0.25 0.25 0.25 0.8125 0.8125 0.8125 3.4375 3.4375 5.3125 5.3125 5.3125 6.1875 6.1875 4.0625 4.0625 4.0625 0.625 0.625 0.0625 0.0625 0.0625 0.125 0.125 0.25 0.25 0.25 0.5625 0.5625 0.6875 0.6875 0.6875 0.5 0.5 0.6875 0.6875 0.6875 1.5 1.5 2.25 2.25 2.25 1.5625 1.5625 0.8125
0.0625 0.0625 0 0 0 0 0 0.0625 0.0625 0.0625 0.0625 0.0625 0.0625 0.0625 0.0625 0.0625 0.0625 0 0 0 0 0 0 0 0 0.125 0.125 0.375 0.375 0.375 0.5 0.5 0.5625 0.5625 0.5625 1.625 1.625 5.25 5.25 5.25 5.3125 5.3125 2.8125 2.8125 2.8125 1 1 0.25 0.25 0.25 0.25 0.25 0.8125 0.8125 0.8125 3.4375 3.4375 5.3125 5.3125 5.3125 6.1875 6.1875 4.0625 4.0625 4.0625 0.625 0.625 0.0625 0.0625 0.0625 0.125 0.125 0.25 0.25 0.25 0.5625 0.5625 0.6875 0.6875 0.6875 0.5 0.5 0.6875 0.6875 0.6875 1.5 1.5 2.25 2.25 2.25 1.5625 1.5625 0.8125
0.0625 0.0625 0 0 0 0 0 0 0 0 0.0625 0.0625 0.0625 0.0625 0.0625 0 0 0 0 0 0 0 0.0625 0.0625 0.0625 0.1875 0.1875 0.3125 0.3125 0.3125 0.3125 0.3125 0.875 0.875 0.875 2.9375 2.9375 3.75 3.75 3.75 2.3125 2.3125 0.75 0.75 0.75 0.0625 0.0625 0.0625 0.0625 0.0625 0.25 0.25 1.875 1.875 1.875 4.1875 4.1875 5.625 5.625 5.625 6 6 3.25 3.25 3.25 0.4375 0.4375 0.3125 0.3125 0.3125 0.375 0.375 0.3125 0.3125 0.3125 0.25 0.25 0.375 0.375 0.375 0.75 0.75 1.1875 1.1875 1.1875 1.25 1.25 0.8125 0.8125 0.8125 0.4375 0.4375 0.5625
0.0625 0.0625 0 0 0 0 0 0 0 0 0.0625 0.0625 0.0625 0.0625 0.0625 0 0 0 0 0 0 0 0.0625 0.0625 0.0625 0.1875 0.1875 0.3125 0.3125 0.3125 0.3125 0.3125 0.875 0.875 0.875 2.9375 2.9375 3.75 3.75 3.75 2.3125 2.3125 0.75 0.75 0.75 0.0625 0.0625 0.0625 0.0625 0.0625 0.25 0.25 1.875 1.875 1.875 4.1875 4.1875 5.625 5.625 5.625 6 6 3.25 3.25 3.25 0.4375 0.4375 0.3125 0.3125 0.3125 0.375 0.375 0.3125 0.3125 0.3125 0.25 0.25 0.375 0.375 0.375 0.75 0.75 1.1875 1.1875 1.1875 1.25 1.25 0.8125 0.8125 0.8125 0.4375 0.4375 0.5625
