Data/APCP/20200108.f096.apcp.gfs.pakistan.txt
ncols        169
nrows        134
xllcorner    60.900000000000
yllcorner    23.700000000000
cellsize     0.100000000000
NODATA_value  -9999
[rows 84 to 125 of 134, columns 0 to 95 of 169]
0.8125 0.8125 0.9375 0.9375 0.9375 0.8125 0.8125 0.3125 0.3125 0.3125 0.375 0.375 0.4375 0.4375 0.4375 0.75 0.75 1.875 1.875 1.875 2.5 2.5 4.625 4.625 4.625 10.8125 10.8125 14.4375 14.4375 14.4375 12.3125 12.3125 11.375 11.375 11.375 12 12 12.5625 12.5625 12.5625 13.75 13.75 13 13 13 8.4375 8.4375 6.5 6.5 6.5 10.125 10.125 12.875 12.875 12.875 16.75 16.75 18.3125 18.3125 18.3125 9 9 2.0625 2.0625 2.0625 0.125 0.125 0 0 0 0 0 0 0 0 0 0 0 0 0 0 0 0 0 0 0 0 0 0 0 0 0 0 0 0 0
1.125 1.125 0.625 0.625 0.625 0.4375 0.4375 0.1875 0.1875 0.1875 0.0625 0.0625 0.0625 0.0625 0.0625 0.125 0.125 0.75 0.75 0.75 2.75 2.75 7.0625 7.0625 7.0625 11.5625 11.5625 12.75 12.75 12.75 14.0625 14.0625 14.9375 14.9375 14.9375 14.3125 14.3125 13.375 13.375 13.375 12.3125 12.3125 11.6875 11.6875 11.6875 10.6875 10.6875 13.75 13.75 13.75 18.25 18.25 19.0625 19.0625 19.0625 15.75 15.75 8.75 8.75 8.75 3.0625 3.0625 0.75 0.75 0.75 0 0 0 0 0 0 0 0 0 0 0 0 0 0 0 0 0 0 0 0 0 0 0 0 0 0 0 0 0 0 0
1.125 1.125 0.625 0.625 0.625 0.4375 0.4375 0.1875 0.1875 0.1875 0.0625 0.0625 0.0625 0.0625 0.0625 0.125 0.125 0.75 0.75 0.75 2.75 2.75 7.0625 7.0625 7.0625 11.5625 11.5625 12.75 12.75 12.75 14.0625 14.0625 14.9375 14.9375 14.9375 14.3125 14.3125 13.375 13.375 13.375 12.3125 12.3125 11.6875 11.6875 11.6875 10.6875 10.6875 13.75 13.75 13.75 18.25 18.25 19.0625 19.0625 19.0625 15.75 15.75 8.75 8.75 8.75 3.0625 3.0625 0.75 0.75 0.75 0 0 0 0 0 0 0 0 0 0 0 0 0 0 0 0 0 0 0 0 0 0 0 0 0 0 0 0 0 0 0
0.6875 0.6875 0.625 0.625 0.625 0.6875 0.6875 0.375 0.375 0.375 0 0 0 0 0 0 0 0.3125 0.3125 0.3125 3.375 3.375 9 9 9 13.9375 13.9375 14.9375 14.9375 14.9375 14.3125 14.3125 14.1875 14.1875 14.1875 12.625 12.625 11.75 11.75 11.75 13.25 13.25 16.9375 16.9375 16.9375 17.75 17.75 18 18 18 16.0625 16.0625 11.5625 11.5625 11.5625 5 5 1.6875 1.6875 1.6875 0.625 0.625 0.125 0.125 0.125 0 0 0 0 0 0 0 0 0 0 0 0 0 0 0 0 0 0 0 0 0 0 0 0 0 0 0 0 0 0 0
0.6875 0.6875 0.625 0.625 0.625 0.6875 0.6875 0.375 0.375 0.375 0 0 0 0 0 0 0 0.3125 0.3125 0.3125 3.375 3.375 9 9 9 13.9375 13.9375 14.9375 14.9375 14.9375 14.3125 14.3125 14.1875 14.1875 14.1875 12.625 12.625 11.75 11.75 11.75 13.25 13.25 16.9375 16.9375 16.9375 17.75 17.75 18 18 18 16.0625 16.0625 11.5625 11.5625 11.5625 5 5 1.6875 1.6875 1.6875 0.625 0.625 0.125 0.125 0.125 0 0 0 0 0 0 0 0 0 0 0 0 0 0 0 0 0 0 0 0 0 0 0 0 0 0 0 0 0 0 0
0.6875 0.6875 0.625 0.625 0.625 0.6875 0.6875 0.375 0.375 0.375 0 0 0 0 0 0 0 0.3125 0.3125 0.3125 3.375 3.375 9 9 9 13.9375 13.9375 14.9375 14.9375 14.9375 14.3125 14.3125 14.1875 14.1875 14.1875 12.625 12.625 11.75 11.75 11.75 13.25 13.25 16.9375 16.9375 16.9375 17.75 17.75 18 18 18 16.0625 16.0625 11.5625 11.5625 11.5625 5 5 1.6875 1.6875 1.6875 0.625 0.625 0.125 0.125 0.125 0 0 0 0 0 0 0 0 0 0 0 0 0 0 0 0 0 0 0 0 0 0 0 0 0 0 0 0 0 0 0
0.75 0.75 0.5625 0.5625 0.5625 0.4375 0.4375 0.4375 0.4375 0.4375 0.1875 0.1875 0 0 0 0.0625 0.0625 0.6875 0.6875 0.6875 4.125 4.125 11.4375 11.4375 11.4375 13.0625 13.0625 13.125 13.125 13.125 13.125 13.125 11.0625 11.0625 11.0625 9.9375 9.9375 12.375 12.375 12.375 12.5 12.5 11.125 11.125 11.125 8.4375 8.4375 8.3125 8.3125 8.3125 6.8125 6.8125 3 3 3 0.625 0.625 0.1875 0.1875 0.1875 0.125 0.125 0 0 0 0 0 0 0 0 0 0 0 0 0 0 0 0 0 0 0 0 0 0 0 0 0 0 0 0 0 0 0 0 0 0
0.75 0.75 0.5625 0.5625 0.5625 0.4375 0.4375 0.4375 0.4375 0.4375 0.1875 0.1875 0 0 0 0.0625 0.0625 0.6875 0.6875 0.6875 4.125 4.125 11.4375 11.4375 11.4375 13.0625 13.0625 13.125 13.125 13.125 13.125 13.125 11.0625 11.0625 11.0625 9.9375 9.9375 12.375 12.375 12.375 12.5 12.5 11.125 11.125 11.125 8.4375 8.4375 8.3125 8.3125 8.3125 6.8125 6.8125 3 3 3 0.625 0.625 0.1875 0.1875 0.1875 0.125 0.125 0 0 0 0 0 0 0 0 0 0 0 0 0 0 0 0 0 0 0 0 0 0 0 0 0 0 0 0 0 0 0 0 0 0
1.0625 1.0625 0.9375 0.9375 0.9375 0.3125 0.3125 0.1875 0.1875 0.1875 0.25 0.25 0.0625 0.0625 0.0625 0.375 0.375 0.9375 0.9375 0.9375 4.5625 4.5625 8.4375 8.4375 8.4375 7.0625 7.0625 6.375 6.375 6.375 5.5 5.5 4.375 4.375 4.375 5.4375 5.4375 5.875 5.875 5.875 4.3125 4.3125 4.6875 4.6875 4.6875 6.0625 6.0625 4.375 4.375 4.375 1.6875 1.6875 0.25 0.25 0.25 0.0625 0.0625 0 0 0 0 0 0 0 0 0 0 0 0 0 0 0 0 0 0 0 0 0 0 0 0 0 0 0 0 0 0 0 0 0 0 0 0 0 0 0
1.0625 1.0625 0.9375 0.9375 0.9375 0.3125 0.3125 0.1875 0.1875 0.1875 0.25 0.25 0.0625 0.0625 0.0625 0.375 0.375 0.9375 0.9375 0.9375 4.5625 4.5625 8.4375 8.4375 8.4375 7.0625 7.0625 6.375 6.375 6.375 5.5 5.5 4.375 4.375 4.375 5.4375 5.4375 5.875 5.875 5.875 4.3125 4.3125 4.6875 4.6875 4.6875 6.0625 6.0625 4.375 4.375 4.375 1.6875 1.6875 0.25 0.25 0.25 0.0625 0.0625 0 0 0 0 0 0 0 0 0 0 0 0 0 0 0 0 0 0 0 0 0 0 0 0 0 0 0 0 0 0 0 0 0 0 0 0 0 0 0
1.0625 1.0625 0.9375 0.9375 0.9375 0.3125 0.3125 0.1875 0.1875 0.1875 0.25 0.25 0.0625 0.0625 0.0625 0.375 0.375 0.9375 0.9375 0.9375 4.5625 4.5625 8.4375 8.4375 8.4375 7.0625 7.0625 6.375 6.375 6.375 5.5 5.5 4.375 4.375 4.375 5.4375 5.4375 5.875 5.875 5.875 4.3125 4.3125 4.6875 4.6875 4.6875 6.0625 6.0625 4.375 4.375 4.375 1.6875 1.6875 0.25 0.25 0.25 0.0625 0.0625 0 0 0 0 0 0 0 0 0 0 0 0 0 0 0 0 0 0 0 0 0 0 0 0 0 0 0 0 0 0 0 0 0 0 0 0 0 0 0
1.0625 1.0625 0.875 0.875 0.875 0.25 0.25 0.0625 0.0625 0.0625 0.0625 0.0625 0.375 0.375 0.375 1.3125 1.3125 2.25 2.25 2.25 6.1875 6.1875 9.1875 9.1875 9.1875 9.0625 9.0625 9.625 9.625 9.625 9.4375 9.4375 8.625 8.625 8.625 7.1875 7.1875 6.625 6.625 6.625 8.0625 8.0625 8.875 8.875 8.875 6.75 6.75 3 3 3 0.5 0.5 0 0 0 0 0 0 0 0 0 0 0 0 0 0 0 0 0 0 0 0 0 0 0 0 0 0 0 0 0 0 0 0 0 0 0 0 0 0 0 0 0 0 0 0
1.0625 1.0625 0.875 0.875 0.875 0.25 0.25 0.0625 0.0625 0.0625 0.0625 0.0625 0.375 0.375 0.375 1.3125 1.3125 2.25 2.25 2.25 6.1875 6.1875 9.1875 9.1875 9.1875 9.0625 9.0625 9.625 9.625 9.625 9.4375 9.4375 8.625 8.625 8.625 7.1875 7.1875 6.625 6.625 6.625 8.0625 8.0625 8.875 8.875 8.875 6.75 6.75 3 3 3 0.5 0.5 0 0 0 0 0 0 0 0 0 0 0 0 0 0 0 0 0 0 0 0 0 0 0 0 0 0 0 0 0 0 0 0 0 0 0 0 0 0 0 0 0 0 0 0
0.625 0.625 0.4375 0.4375 0.4375 0.125 0.125 0.0625 0.0625 0.0625 0.0625 0.0625 0.6875 0.6875 0.6875 1.6875 1.6875 3.8125 3.8125 3.8125 9 9 11.875 11.875 11.875 19.75 19.75 25.125 25.125 25.125 23.6875 23.6875 17.8125 17.8125 17.8125 14.9375 14.9375 14.4375 14.4375 14.4375 11.6875 11.6875 7.0625 7.0625 7.0625 3.75 3.75 1 1 1 0.125 0.125 0.0625 0.0625 0.0625 0 0 0 0 0 0 0 0 0 0 0 0 0 0 0 0 0 0 0 0 0 0 0 0 0 0 0 0 0 0 0 0 0 0 0 0 0 0 0 0 0
0.625 0.625 0.4375 0.4375 0.4375 0.125 0.125 0.0625 0.0625 0.0625 0.0625 0.0625 0.6875 0.6875 0.6875 1.6875 1.6875 3.8125 3.8125 3.8125 9 9 11.875 11.875 11.875 19.75 19.75 25.125 25.125 25.125 23.6875 23.6875 17.8125 17.8125 17.8125 14.9375 14.9375 14.4375 14.4375 14.4375 11.6875 11.6875 7.0625 7.0625 7.0625 3.75 3.75 1 1 1 0.125 0.125 0.0625 0.0625 0.0625 0 0 0 0 0 0 0 0 0 0 0 0 0 0 0 0 0 0 0 0 0 0 0 0 0 0 0 0 0 0 0 0 0 0 0 0 0 0 0 0 0
0.625 0.625 0.4375 0.4375 0.4375 0.125 0.125 0.0625 0.0625 0.0625 0.0625 0.0625 0.6875 0.6875 0.6875 1.6875 1.6875 3.8125 3.8125 3.8125 9 9 11.875 11.875 11.875 19.75 19.75 25.125 25.125 25.125 23.6875 23.6875 17.8125 17.8125 17.8125 14.9375 14.9375 14.4375 14.4375 14.4375 11.6875 11.6875 7.0625 7.0625 7.0625 3.75 3.75 1 1 1 0.125 0.125 0.0625 0.0625 0.0625 0 0 0 0 0 0 0 0 0 0 0 0 0 0 0 0 0 0 0 0 0 0 0 0 0 0 0 0 0 0 0 0 0 0 0 0 0 0 0 0 0
0.3125 0.3125 0.1875 0.1875 0.1875 0.0625 0.0625 0 0 0 0.125 0.125 0.6875 0.6875 0.6875 1.375 1.375 2.6875 2.6875 2.6875 5.6875 5.6875 18.1875 18.1875 18.1875 33.5 33.5 36 36 36 28.1875 28.1875 22.875 22.875 22.875 21.1875 21.1875 15.375 15.375 15.375 7.125 7.125 2.375 2.375 2.375 1.5 1.5 0.8125 0.8125 0.8125 0.3125 0.3125 0.0625 0.0625 0.0625 0 0 0 0 0 0 0 0 0 0 0 0 0 0 0 0 0 0 0 0 0 0 0 0 0 0 0 0 0 0 0 0 0 0 0 0 0 0 0 0 0
0.3125 0.3125 0.1875 0.1875 0.1875 0.0625 0.0625 0 0 0 0.125 0.125 0.6875 0.6875 0.6875 1.375 1.375 2.6875 2.6875 2.6875 5.6875 5.6875 18.1875 18.1875 18.1875 33.5 33.5 36 36 36 28.1875 28.1875 22.875 22.875 22.875 21.1875 21.1875 15.375 15.375 15.375 7.125 7.125 2.375 2.375 2.375 1.5 1.5 0.8125 0.8125 0.8125 0.3125 0.3125 0.0625 0.0625 0.0625 0 0 0 0 0 0 0 0 0 0 0 0 0 0 0 0 0 0 0 0 0 0 0 0 0 0 0 0 0 0 0 0 0 0 0 0 0 0 0 0 0
0 0 0 0 0 0 0 0 0 0 0.25 0.25 0.8125 0.8125 0.8125 1.4375 1.4375 3.9375 3.9375 3.9375 16.75 16.75 35.1875 35.1875 35.1875 42.25 42.25 41.375 41.375 41.375 37.6875 37.6875 32.375 32.375 32.375 23.3125 23.3125 11.375 11.375 11.375 4.875 4.875 3.25 3.25 3.25 2.4375 2.4375 0.9375 0.9375 0.9375 0.125 0.125 0 0 0 0 0 0 0 0 0 0 0 0 0 0 0 0 0 0 0 0 0 0 0 0 0 0 0 0 0 0 0 0 0 0 0 0 0 0 0 0 0 0 0 0
0 0 0 0 0 0 0 0 0 0 0.25 0.25 0.8125 0.8125 0.8125 1.4375 1.4375 3.9375 3.9375 3.9375 16.75 16.75 35.1875 35.1875 35.1875 42.25 42.25 41.375 41.375 41.375 37.6875 37.6875 32.375 32.375 32.375 23.3125 23.3125 11.375 11.375 11.375 4.875 4.875 3.25 3.25 3.25 2.4375 2.4375 0.9375 0.9375 0.9375 0.125 0.125 0 0 0 0 0 0 0 0 0 0 0 0 0 0 0 0 0 0 0 0 0 0 0 0 0 0 0 0 0 0 0 0 0 0 0 0 0 0 0 0 0 0 0 0
0 0 0 0 0 0 0 0 0 0 0.25 0.25 0.8125 0.8125 0.8125 1.4375 1.4375 3.9375 3.9375 3.9375 16.75 16.75 35.1875 35.1875 35.1875 42.25 42.25 41.375 41.375 41.375 37.6875 37.6875 32.375 32.375 32.375 23.3125 23.3125 11.375 11.375 11.375 4.875 4.875 3.25 3.25 3.25 2.4375 2.4375 0.9375 0.9375 0.9375 0.125 0.125 0 0 0 0 0 0 0 0 0 0 0 0 0 0 0 0 0 0 0 0 0 0 0 0 0 0 0 0 0 0 0 0 0 0 0 0 0 0 0 0 0 0 0 0
0.0625 0.0625 0 0 0 0 0 0.0625 0.0625 0.0625 0.3125 0.3125 0.8125 0.8125 0.8125 3.5625 3.5625 13.4375 13.4375 13.4375 27.8125 27.8125 39 39 39 46.0625 46.0625 49.875 49.875 49.875 47.5625 47.5625 31.5625 31.5625 31.5625 21.5625 21.5625 15.25 15.25 15.25 10.125 10.125 5.0625 5.0625 5.0625 1.25 1.25 0.125 0.125 0.125 0 0 0 0 0 0 0 0 0 0 0 0 0 0 0 0 0 0 0 0 0 0 0 0 0 0 0 0 0 0 0 0 0 0 0 0 0 0 0 0 0 0 0 0 0 0
0.0625 0.0625 0 0 0 0 0 0.0625 0.0625 0.0625 0.3125 0.3125 0.8125 0.8125 0.8125 3.5625 3.5625 13.4375 13.4375 13.4375 27.8125 27.8125 39 39 39 46.0625 46.0625 49.875 49.875 49.875 47.5625 47.5625 31.5625 31.5625 31.5625 21.5625 21.5625 15.25 15.25 15.25 10.125 10.125 5.0625 5.0625 5.0625 1.25 1.25 0.125 0.125 0.125 0 0 0 0 0 0 0 0 0 0 0 0 0 0 0 0 0 0 0 0 0 0 0 0 0 0 0 0 0 0 0 0 0 0 0 0 0 0 0 0 0 0 0 0 0 0
0 0 0 0 0 0.0625 0.0625 0.125 0.125 0.125 0.25 0.25 2.75 2.75 2.75 10.8125 10.8125 18.5 18.5 18.5 23.375 23.375 39.1875 39.1875 39.1875 44.9375 44.9375 42 42 42 36.75 36.75 34.9375 34.9375 34.9375 33.375 33.375 19.375 19.375 19.375 7.5 7.5 1.75 1.75 1.75 0.0625 0.0625 0 0 0 0 0 0 0 0 0 0 0 0 0 0 0 0 0 0 0 0 0 0 0 0 0 0 0 0 0 0 0 0 0 0 0 0 0 0 0 0 0 0 0 0 0 0 0 0 0
0 0 0 0 0 0.0625 0.0625 0.125 0.125 0.125 0.25 0.25 2.75 2.75 2.75 10.8125 10.8125 18.5 18.5 18.5 23.375 23.375 39.1875 39.1875 39.1875 44.9375 44.9375 42 42 42 36.75 36.75 34.9375 34.9375 34.9375 33.375 33.375 19.375 19.375 19.375 7.5 7.5 1.75 1.75 1.75 0.0625 0.0625 0 0 0 0 0 0 0 0 0 0 0 0 0 0 0 0 0 0 0 0 0 0 0 0 0 0 0 0 0 0 0 0 0 0 0 0 0 0 0 0 0 0 0 0 0 0 0 0 0
0 0 0 0 0 0.0625 0.0625 0.125 0.125 0.125 0.25 0.25 2.75 2.75 2.75 10.8125 10.8125 18.5 18.5 18.5 23.375 23.375 39.1875 39.1875 39.1875 44.9375 44.9375 42 42 42 36.75 36.75 34.9375 34.9375 34.9375 33.375 33.375 19.375 19.375 19.375 7.5 7.5 1.75 1.75 1.75 0.0625 0.0625 0 0 0 0 0 0 0 0 0 0 0 0 0 0 0 0 0 0 0 0 0 0 0 0 0 0 0 0 0 0 0 0 0 0 0 0 0 0 0 0 0 0 0 0 0 0 0 0 0
0 0 0 0 0 0.0625 0.0625 0.25 0.25 0.25 3.1875 3.1875 10.375 10.375 10.375 13.75 13.75 13.9375 13.9375 13.9375 27.375 27.375 41.125 41.125 41.125 40.875 40.875 34.25 34.25 34.25 35.9375 35.9375 40.875 40.875 40.875 29.4375 29.4375 13.625 13.625 13.625 4.6875 4.6875 0.5625 0.5625 0.5625 0 0 0 0 0 0 0 0 0 0 0 0 0 0 0 0 0 0 0 0 0 0 0 0 0 0 0 0 0 0 0 0 0 0 0 0 0 0 0 0 0 0 0 0 0 0 0 0 0 0 0
0 0 0 0 0 0.0625 0.0625 0.25 0.25 0.25 3.1875 3.1875 10.375 10.375 10.375 13.75 13.75 13.9375 13.9375 13.9375 27.375 27.375 41.125 41.125 41.125 40.875 40.875 34.25 34.25 34.25 35.9375 35.9375 40.875 40.875 40.875 29.4375 29.4375 13.625 13.625 13.625 4.6875 4.6875 0.5625 0.5625 0.5625 0 0 0 0 0 0 0 0 0 0 0 0 0 0 0 0 0 0 0 0 0 0 0 0 0 0 0 0 0 0 0 0 0 0 0 0 0 0 0 0 0 0 0 0 0 0 0 0 0 0 0
0.0625 0.0625 0.0625 0.0625 0.0625 0.375 0.375 3.875 3.875 3.875 10.5 10.5 11.5625 11.5625 11.5625 8.6875 8.6875 13 13 13 25.5625 25.5625 29.25 29.25 29.25 29.75 29.75 31.3125 31.3125 31.3125 33.5625 33.5625 25.625 25.625 25.625 16 16 8.5 8.5 8.5 2.25 2.25 0.125 0.125 0.125 0 0 0 0 0 0 0 0 0 0 0 0 0 0 0 0 0 0 0 0 0 0 0 0 0 0 0 0 0 0 0 0 0 0 0 0 0 0 0 0 0 0 0 0 0 0 0 0 0 0 0
0.0625 0.0625 0.0625 0.0625 0.0625 0.375 0.375 3.875 3.875 3.875 10.5 10.5 11.5625 11.5625 11.5625 8.6875 8.6875 13 13 13 25.5625 25.5625 29.25 29.25 29.25 29.75 29.75 31.3125 31.3125 31.3125 33.5625 33.5625 25.625 25.625 25.625 16 16 8.5 8.5 8.5 2.25 2.25 0.125 0.125 0.125 0 0 0 0 0 0 0 0 0 0 0 0 0 0 0 0 0 0 0 0 0 0 0 0 0 0 0 0 0 0 0 0 0 0 0 0 0 0 0 0 0 0 0 0 0 0 0 0 0 0 0
0.0625 0.0625 0.0625 0.0625 0.0625 0.375 0.375 3.875 3.875 3.875 10.5 10.5 11.5625 11.5625 11.5625 8.6875 8.6875 13 13 13 25.5625 25.5625 29.25 29.25 29.25 29.75 29.75 31.3125 31.3125 31.3125 33.5625 33.5625 25.625 25.625 25.625 16 16 8.5 8.5 8.5 2.25 2.25 0.125 0.125 0.125 0 0 0 0 0 0 0 0 0 0 0 0 0 0 0 0 0 0 0 0 0 0 0 0 0 0 0 0 0 0 0 0 0 0 0 0 0 0 0 0 0 0 0 0 0 0 0 0 0 0 0
0.125 0.125 0.375 0.375 0.375 2.75 2.75 6.9375 6.9375 6.9375 8.0625 8.0625 7.125 7.125 7.125 8.375 8.375 13.75 13.75 13.75 16.4375 16.4375 17.4375 17.4375 17.4375 20 20 18.9375 18.9375 18.9375 13.6875 13.6875 10.875 10.875 10.875 6.9375 6.9375 1.625 1.625 1.625 0.375 0.375 0 0 0 0 0 0 0 0 0 0 0 0 0 0 0 0 0 0 0 0 0 0 0 0 0 0 0 0 0 0 0 0 0 0 0 0 0 0 0 0 0 0 0 0 0 0 0 0 0 0 0 0 0 0
0.125 0.125 0.375 0.375 0.375 2.75 2.75 6.9375 6.9375 6.9375 8.0625 8.0625 7.125 7.125 7.125 8.375 8.375 13.75 13.75 13.75 16.4375 16.4375 17.4375 17.4375 17.4375 20 20 18.9375 18.9375 18.9375 13.6875 13.6875 10.875 10.875 10.875 6.9375 6.9375 1.625 1.625 1.625 0.375 0.375 0 0 0 0 0 0 0 0 0 0 0 0 0 0 0 0 0 0 0 0 0 0 0 0 0 0 0 0 0 0 0 0 0 0 0 0 0 0 0 0 0 0 0 0 0 0 0 0 0 0 0 0 0 0
0.8125 0.8125 2.8125 2.8125 2.8125 4.9375 4.9375 5.375 5.375 5.375 6.5 6.5 8.5625 8.5625 8.5625 11.3125 11.3125 13.625 13.625 13.625 13 13 13.625 13.625 13.625 13.1875 13.1875 11.5 11.5 11.5 10.5 10.5 7.1875 7.1875 7.1875 3.75 3.75 0.625 0.625 0.625 0.375 0.375 0.125 0.125 0.125 0.0625 0.0625 0 0 0 0 0 0 0 0 0 0 0 0 0 0 0 0 0 0 0 0 0 0 0 0 0 0 0 0 0 0 0 0 0 0 0 0 0 0 0 0 0 0 0 0 0 0 0 0 0
0.8125 0.8125 2.8125 2.8125 2.8125 4.9375 4.9375 5.375 5.375 5.375 6.5 6.5 8.5625 8.5625 8.5625 11.3125 11.3125 13.625 13.625 13.625 13 13 13.625 13.625 13.625 13.1875 13.1875 11.5 11.5 11.5 10.5 10.5 7.1875 7.1875 7.1875 3.75 3.75 0.625 0.625 0.625 0.375 0.375 0.125 0.125 0.125 0.0625 0.0625 0 0 0 0 0 0 0 0 0 0 0 0 0 0 0 0 0 0 0 0 0 0 0 0 0 0 0 0 0 0 0 0 0 0 0 0 0 0 0 0 0 0 0 0 0 0 0 0 0
0.8125 0.8125 2.8125 2.8125 2.8125 4.9375 4.9375 5.375 5.375 5.375 6.5 6.5 8.5625 8.5625 8.5625 11.3125 11.3125 13.625 13.625 13.625 13 13 13.625 13.625 13.625 13.1875 13.1875 11.5 11.5 11.5 10.5 10.5 7.1875 7.1875 7.1875 3.75 3.75 0.625 0.625 0.625 0.375 0.375 0.125 0.125 0.125 0.0625 0.0625 0 0 0 0 0 0 0 0 0 0 0 0 0 0 0 0 0 0 0 0 0 0 0 0 0 0 0 0 0 0 0 0 0 0 0 0 0 0 0 0 0 0 0 0 0 0 0 0 0
3.25 3.25 4.8125 4.8125 4.8125 6.5625 6.5625 9.625 9.625 9.625 11.9375 11.9375 11.75 11.75 11.75 14.0625 14.0625 14.5 14.5 14.5 13.3125 13.3125 11.125 11.125 11.125 9.875 9.875 9.8125 9.8125 9.8125 8.375 8.375 7.6875 7.6875 7.6875 2.4375 2.4375 0.375 0.375 0.375 0.375 0.375 0.3125 0.3125 0.3125 0.0625 0.0625 0 0 0 0 0 0 0 0 0 0 0 0 0 0 0 0 0 0 0 0 0 0 0 0 0 0 0 0 0 0 0 0 0 0 0 0 0 0 0 0 0 0 0 0 0 0 0 0 0
3.25 3.25 4.8125 4.8125 4.8125 6.5625 6.5625 9.625 9.625 9.625 11.9375 11.9375 11.75 11.75 11.75 14.0625 14.0625 14.5 14.5 14.5 13.3125 13.3125 11.125 11.125 11.125 9.875 9.875 9.8125 9.8125 9.8125 8.375 8.375 7.6875 7.6875 7.6875 2.4375 2.4375 0.375 0.375 0.375 0.375 0.375 0.3125 0.3125 0.3125 0.0625 0.0625 0 0 0 0 0 0 0 0 0 0 0 0 0 0 0 0 0 0 0 0 0 0 0 0 0 0 0 0 0 0 0 0 0 0 0 0 0 0 0 0 0 0 0 0 0 0 0 0 0
4.375 4.375 6.625 6.625 6.625 10.4375 10.4375 12.1875 12.1875 12.1875 11.5 11.5 12.375 12.375 12.375 13.6875 13.6875 12.875 12.875 12.875 11.5 11.5 8.9375 8.9375 8.9375 7.75 7.75 7.6875 7.6875 7.6875 7.9375 7.9375 2.9375 2.9375 2.9375 0.75 0.75 0.5 0.5 0.5 0.4375 0.4375 0.4375 0.4375 0.4375 0.25 0.25 0.0625 0.0625 0.0625 0 0 0 0 0 0 0 0 0 0 0 0 0 0 0 0 0 0 0 0 0 0 0 0 0 0 0 0 0 0 0 0 0 0 0 0 0 0 0 0 0 0 0 0 0 0
4.375 4.375 6.625 6.625 6.625 10.4375 10.4375 12.1875 12.1875 12.1875 11.5 11.5 12.375 12.375 12.375 13.6875 13.6875 12.875 12.875 12.875 11.5 11.5 8.9375 8.9375 8.9375 7.75 7.75 7.6875 7.6875 7.6875 7.9375 7.9375 2.9375 2.9375 2.9375 0.75 0.75 0.5 0.5 0.5 0.4375 0.4375 0.4375 0.4375 0.4375 0.25 0.25 0.0625 0.0625 0.0625 0 0 0 0 0 0 0 0 0 0 0 0 0 0 0 0 0 0 0 0 0 0 0 0 0 0 0 0 0 0 0 0 0 0 0 0 0 0 0 0 0 0 0 0 0 0
4.375 4.375 6.625 6.625 6.625 10.4375 10.4375 12.1875 12.1875 12.1875 11.5 11.5 12.375 12.375 12.375 13.6875 13.6875 12.875 12.875 12.875 11.5 11.5 8.9375 8.9375 8.9375 7.75 7.75 7.6875 7.6875 7.6875 7.9375 7.9375 2.9375 2.9375 2.9375 0.75 0.75 0.5 0.5 0.5 0.4375 0.4375 0.4375 0.4375 0.4375 0.25 0.25 0.0625 0.0625 0.0625 0 0 0 0 0 0 0 0 0 0 0 0 0 0 0 0 0 0 0 0 0 0 0 0 0 0 0 0 0 0 0 0 0 0 0 0 0 0 0 0 0 0 0 0 0 0
7.5 7.5 10.125 10.125 10.125 8.8125 8.8125 7.25 7.25 7.25 8.0625 8.0625 10.4375 10.4375 10.4375 10.5 10.5 9.4375 9.4375 9.4375 8 8 6.9375 6.9375 6.9375 6.625 6.625 6.25 6.25 6.25 3.1875 3.1875 0.8125 0.8125 0.8125 0.5625 0.5625 0.5 0.5 0.5 0.375 0.375 0.375 0.375 0.375 0.3125 0.3125 0.125 0.125 0.125 0 0 0 0 0 0 0 0 0 0 0 0 0 0 0 0 0 0 0 0 0 0 0 0 0 0 0 0 0 0 0 0 0 0 0 0 0 0 0 0 0 0 0 0 0 0
