Data/APCP/20200108.f090.apcp.gfs.pakistan.txt
ncols        169
nrows        134
xllcorner    60.900000000000
yllcorner    23.700000000000
cellsize     0.100000000000
NODATA_value  -9999
[rows 42 to 83 of 134, columns 0 to 92 of 169]
6.125 6.125 9.125 9.125 9.125 9.4375 9.4375 7.75 7.75 7.75 8.1875 8.1875 7 7 7 6.75 6.75 8.3125 8.3125 8.3125 8.125 8.125 9.875 9.875 9.875 13.375 13.375 15.1875 15.1875 15.1875 16.0625 16.0625 14.0625 14.0625 14.0625 14.25 14.25 14.5 14.5 14.5 13.375 13.375 11.875 11.875 11.875 9.75 9.75 9.8125 9.8125 9.8125 9.0625 9.0625 5.5 5.5 5.5 4.6875 4.6875 5.9375 5.9375 5.9375 6.9375 6.9375 5.875 5.875 5.875 4.4375 4.4375 4.8125 4.8125 4.8125 4.75 4.75 4.1875 4.1875 4.1875 4 4 3.75 3.75 3.75 3.875 3.875 3.1875 3.1875 3.1875 2.8125 2.8125 1.375 1.375 1.375 0.6875 0.6875 0.1875
6.125 6.125 9.125 9.125 9.125 9.4375 9.4375 7.75 7.75 7.75 8.1875 8.1875 7 7 7 6.75 6.75 8.3125 8.3125 8.3125 8.125 8.125 9.875 9.875 9.875 13.375 13.375 15.1875 15.1875 15.1875 16.0625 16.0625 14.0625 14.0625 14.0625 14.25 14.25 14.5 14.5 14.5 13.375 13.375 11.875 11.875 11.875 9.75 9.75 9.8125 9.8125 9.8125 9.0625 9.0625 5.5 5.5 5.5 4.6875 4.6875 5.9375 5.9375 5.9375 6.9375 6.9375 5.875 5.875 5.875 4.4375 4.4375 4.8125 4.8125 4.8125 4.75 4.75 4.1875 4.1875 4.1875 4 4 3.75 3.75 3.75 3.875 3.875 3.1875 3.1875 3.1875 2.8125 2.8125 1.375 1.375 1.375 0.6875 0.6875 0.1875
6.125 6.125 9.125 9.125 9.125 9.4375 9.4375 7.75 7.75 7.75 8.1875 8.1875 7 7 7 6.75 6.75 8.3125 8.3125 8.3125 8.125 8.125 9.875 9.875 9.875 13.375 13.375 15.1875 15.1875 15.1875 16.0625 16.0625 14.0625 14.0625 14.0625 14.25 14.25 14.5 14.5 14.5 13.375 13.375 11.875 11.875 11.875 9.75 9.75 9.8125 9.8125 9.8125 9.0625 9.0625 5.5 5.5 5.5 4.6875 4.6875 5.9375 5.9375 5.9375 6.9375 6.9375 5.875 5.875 5.875 4.4375 4.4375 4.8125 4.8125 4.8125 4.75 4.75 4.1875 4.1875 4.1875 4 4 3.75 3.75 3.75 3.875 3.875 3.1875 3.1875 3.1875 2.8125 2.8125 1.375 1.375 1.375 0.6875 0.6875 0.1875
8.1875 8.1875 10.375 10.375 10.375 8.125 8.125 8.0625 8.0625 8.0625 7.5625 7.5625 7.5 7.5 7.5 11.5625 11.5625 14.75 14.75 14.75 13.0625 13.0625 14.3125 14.3125 14.3125 15.375 15.375 16 16 16 16.1875 16.1875 16.5625 16.5625 16.5625 15.375 15.375 15 15 15 15.1875 15.1875 13 13 13 8.875 8.875 7.1875 7.1875 7.1875 5.8125 5.8125 6.25 6.25 6.25 9.125 9.125 8.6875 8.6875 8.6875 7.25 7.25 6.5 6.5 6.5 5.75 5.75 6.375 6.375 6.375 5.375 5.375 4.4375 4.4375 4.4375 4.25 4.25 5.125 5.125 5.125 5.6875 5.6875 6.3125 6.3125 6.3125 6 6 3.25 3.25 3.25 1.0625 1.0625 0.25
8.1875 8.1875 10.375 10.375 10.375 8.125 8.125 8.0625 8.0625 8.0625 7.5625 7.5625 7.5 7.5 7.5 11.5625 11.5625 14.75 14.75 14.75 13.0625 13.0625 14.3125 14.3125 14.3125 15.375 15.375 16 16 16 16.1875 16.1875 16.5625 16.5625 16.5625 15.375 15.375 15 15 15 15.1875 15.1875 13 13 13 8.875 8.875 7.1875 7.1875 7.1875 5.8125 5.8125 6.25 6.25 6.25 9.125 9.125 8.6875 8.6875 8.6875 7.25 7.25 6.5 6.5 6.5 5.75 5.75 6.375 6.375 6.375 5.375 5.375 4.4375 4.4375 4.4375 4.25 4.25 5.125 5.125 5.125 5.6875 5.6875 6.3125 6.3125 6.3125 6 6 3.25 3.25 3.25 1.0625 1.0625 0.25
9.6875 9.6875 7.625 7.625 7.625 6.5 6.5 7.4375 7.4375 7.4375 6.75 6.75 6.375 6.375 6.375 9.375 9.375 10.5625 10.5625 10.5625 9.4375 9.4375 10.875 10.875 10.875 11.875 11.875 12.75 12.75 12.75 14.625 14.625 15.3125 15.3125 15.3125 14.1875 14.1875 13.3125 13.3125 13.3125 12.375 12.375 9.75 9.75 9.75 8.3125 8.3125 8.125 8.125 8.125 8.1875 8.1875 8.375 8.375 8.375 11 11 10.8125 10.8125 10.8125 9 9 7.125 7.125 7.125 5.875 5.875 5.6875 5.6875 5.6875 5.0625 5.0625 4.1875 4.1875 4.1875 4.3125 4.3125 5.875 5.875 5.875 5.75 5.75 4.6875 4.6875 4.6875 3.5 3.5 1.5625 1.5625 1.5625 0.375 0.375 0.0625
9.6875 9.6875 7.625 7.625 7.625 6.5 6.5 7.4375 7.4375 7.4375 6.75 6.75 6.375 6.375 6.375 9.375 9.375 10.5625 10.5625 10.5625 9.4375 9.4375 10.875 10.875 10.875 11.875 11.875 12.75 12.75 12.75 14.625 14.625 15.3125 15.3125 15.3125 14.1875 14.1875 13.3125 13.3125 13.3125 12.375 12.375 9.75 9.75 9.75 8.3125 8.3125 8.125 8.125 8.125 8.1875 8.1875 8.375 8.375 8.375 11 11 10.8125 10.8125 10.8125 9 9 7.125 7.125 7.125 5.875 5.875 5.6875 5.6875 5.6875 5.0625 5.0625 4.1875 4.1875 4.1875 4.3125 4.3125 5.875 5.875 5.875 5.75 5.75 4.6875 4.6875 4.6875 3.5 3.5 1.5625 1.5625 1.5625 0.375 0.375 0.0625
9.6875 9.6875 7.625 7.625 7.625 6.5 6.5 7.4375 7.4375 7.4375 6.75 6.75 6.375 6.375 6.375 9.375 9.375 10.5625 10.5625 10.5625 9.4375 9.4375 10.875 10.875 10.875 11.875 11.875 12.75 12.75 12.75 14.625 14.625 15.3125 15.3125 15.3125 14.1875 14.1875 13.3125 13.3125 13.3125 12.375 12.375 9.75 9.75 9.75 8.3125 8.3125 8.125 8.125 8.125 8.1875 8.1875 8.375 8.375 8.375 11 11 10.8125 10.8125 10.8125 9 9 7.125 7.125 7.125 5.875 5.875 5.6875 5.6875 5.6875 5.0625 5.0625 4.1875 4.1875 4.1875 4.3125 4.3125 5.875 5.875 5.875 5.75 5.75 4.6875 4.6875 4.6875 3.5 3.5 1.5625 1.5625 1.5625 0.375 0.375 0.0625
7.1875 7.1875 7.0625 7.0625 7.0625 6.375 6.375 5.625 5.625 5.625 4.5625 4.5625 4.0625 4.0625 4.0625 4.9375 4.9375 5.875 5.875 5.875 7.4375 7.4375 10.1875 10.1875 10.1875 13.375 13.375 15.75 15.75 15.75 16.9375 16.9375 16.6875 16.6875 16.6875 15.3125 15.3125 13.75 13.75 13.75 13.3125 13.3125 15.4375 15.4375 15.4375 15.9375 15.9375 13.6875 13.6875 13.6875 11.0625 11.0625 10.6875 10.6875 10.6875 13.8125 13.8125 14.4375 14.4375 14.4375 12 12 11.1875 11.1875 11.1875 9.75 9.75 7.5625 7.5625 7.5625 6.4375 6.4375 5.3125 5.3125 5.3125 5.375 5.375 5.5625 5.5625 5.5625 4.5 4.5 1.875 1.875 1.875 1.125 1.125 0.75 0.75 0.75 0.4375 0.4375 0.0625
7.1875 7.1875 7.0625 7.0625 7.0625 6.375 6.375 5.625 5.625 5.625 4.5625 4.5625 4.0625 4.0625 4.0625 4.9375 4.9375 5.875 5.875 5.875 7.4375 7.4375 10.1875 10.1875 10.1875 13.375 13.375 15.75 15.75 15.75 16.9375 16.9375 16.6875 16.6875 16.6875 15.3125 15.3125 13.75 13.75 13.75 13.3125 13.3125 15.4375 15.4375 15.4375 15.9375 15.9375 13.6875 13.6875 13.6875 11.0625 11.0625 10.6875 10.6875 10.6875 13.8125 13.8125 14.4375 14.4375 14.4375 12 12 11.1875 11.1875 11.1875 9.75 9.75 7.5625 7.5625 7.5625 6.4375 6.4375 5.3125 5.3125 5.3125 5.375 5.375 5.5625 5.5625 5.5625 4.5 4.5 1.875 1.875 1.875 1.125 1.125 0.75 0.75 0.75 0.4375 0.4375 0.0625
6.25 6.25 7.875 7.875 7.875 3.625 3.625 2.125 2.125 2.125 2.4375 2.4375 3.3125 3.3125 3.3125 4.0625 4.0625 5.25 5.25 5.25 7.625 7.625 11.25 11.25 11.25 16.3125 16.3125 20.625 20.625 20.625 21.8125 21.8125 19.875 19.875 19.875 16.8125 16.8125 15.125 15.125 15.125 15.375 15.375 18.25 18.25 18.25 17 17 13.8125 13.8125 13.8125 13.0625 13.0625 13.875 13.875 13.875 14.6875 14.6875 14.9375 14.9375 14.9375 14.625 14.625 15.625 15.625 15.625 14.3125 14.3125 11.6875 11.6875 11.6875 9.0625 9.0625 7.3125 7.3125 7.3125 6.25 6.25 4.625 4.625 4.625 3.5625 3.5625 2.25 2.25 2.25 1.3125 1.3125 1.375 1.375 1.375 0.9375 0.9375 0.125
6.25 6.25 7.875 7.875 7.875 3.625 3.625 2.125 2.125 2.125 2.4375 2.4375 3.3125 3.3125 3.3125 4.0625 4.0625 5.25 5.25 5.25 7.625 7.625 11.25 11.25 11.25 16.3125 16.3125 20.625 20.625 20.625 21.8125 21.8125 19.875 19.875 19.875 16.8125 16.8125 15.125 15.125 15.125 15.375 15.375 18.25 18.25 18.25 17 17 13.8125 13.8125 13.8125 13.0625 13.0625 13.875 13.875 13.875 14.6875 14.6875 14.9375 14.9375 14.9375 14.625 14.625 15.625 15.625 15.625 14.3125 14.3125 11.6875 11.6875 11.6875 9.0625 9.0625 7.3125 7.3125 7.3125 6.25 6.25 4.625 4.625 4.625 3.5625 3.5625 2.25 2.25 2.25 1.3125 1.3125 1.375 1.375 1.375 0.9375 0.9375 0.125
6.25 6.25 7.875 7.875 7.875 3.625 3.625 2.125 2.125 2.125 2.4375 2.4375 3.3125 3.3125 3.3125 4.0625 4.0625 5.25 5.25 5.25 7.625 7.625 11.25 11.25 11.25 16.3125 16.3125 20.625 20.625 20.625 21.8125 21.8125 19.875 19.875 19.875 16.8125 16.8125 15.125 15.125 15.125 15.375 15.375 18.25 18.25 18.25 17 17 13.8125 13.8125 13.8125 13.0625 13.0625 13.875 13.875 13.875 14.6875 14.6875 14.9375 14.9375 14.9375 14.625 14.625 15.625 15.625 15.625 14.3125 14.3125 11.6875 11.6875 11.6875 9.0625 9.0625 7.3125 7.3125 7.3125 6.25 6.25 4.625 4.625 4.625 3.5625 3.5625 2.25 2.25 2.25 1.3125 1.3125 1.375 1.375 1.375 0.9375 0.9375 0.125
4.8125 4.8125 3.875 3.875 3.875 0.9375 0.9375 0.6875 0.6875 0.6875 1.5625 1.5625 3.3125 3.3125 3.3125 4.9375 4.9375 6.1875 6.1875 6.1875 9.3125 9.3125 13.625 13.625 13.625 20.375 20.375 25.625 25.625 25.625 25.5625 25.5625 22.75 22.75 22.75 20.5625 20.5625 20.8125 20.8125 20.8125 20.0625 20.0625 18.5625 18.5625 18.5625 16.3125 16.3125 13.8125 13.8125 13.8125 12.875 12.875 12.625 12.625 12.625 13.125 13.125 14.3125 14.3125 14.3125 13.3125 13.3125 13.8125 13.8125 13.8125 12.75 12.75 10.9375 10.9375 10.9375 8.625 8.625 5.75 5.75 5.75 5.0625 5.0625 4.8125 4.8125 4.8125 4.125 4.125 2.4375 2.4375 2.4375 1.1875 1.1875 1.5 1.5 1.5 1 1 0.125
4.8125 4.8125 3.875 3.875 3.875 0.9375 0.9375 0.6875 0.6875 0.6875 1.5625 1.5625 3.3125 3.3125 3.3125 4.9375 4.9375 6.1875 6.1875 6.1875 9.3125 9.3125 13.625 13.625 13.625 20.375 20.375 25.625 25.625 25.625 25.5625 25.5625 22.75 22.75 22.75 20.5625 20.5625 20.8125 20.8125 20.8125 20.0625 20.0625 18.5625 18.5625 18.5625 16.3125 16.3125 13.8125 13.8125 13.8125 12.875 12.875 12.625 12.625 12.625 13.125 13.125 14.3125 14.3125 14.3125 13.3125 13.3125 13.8125 13.8125 13.8125 12.75 12.75 10.9375 10.9375 10.9375 8.625 8.625 5.75 5.75 5.75 5.0625 5.0625 4.8125 4.8125 4.8125 4.125 4.125 2.4375 2.4375 2.4375 1.1875 1.1875 1.5 1.5 1.5 1 1 0.125
1.8125 1.8125 0.8125 0.8125 0.8125 0.1875 0.1875 0.375 0.375 0.375 1.25 1.25 2.5625 2.5625 2.5625 4.25 4.25 6.625 6.625 6.625 9.75 9.75 13.125 13.125 13.125 17.625 17.625 22.25 22.25 22.25 25.125 25.125 24.75 24.75 24.75 24.875 24.875 26.5625 26.5625 26.5625 25.6875 25.6875 21.5625 21.5625 21.5625 18.0625 18.0625 15.9375 15.9375 15.9375 15.0625 15.0625 13.1875 13.1875 13.1875 11.8125 11.8125 12.5625 12.5625 12.5625 10.75 10.75 10 10 10 9.1875 9.1875 7.4375 7.4375 7.4375 4.75 4.75 3.4375 3.4375 3.4375 4 4 4.25 4.25 4.25 3.6875 3.6875 2.75 2.75 2.75 2.625 2.625 2 2 2 0.8125 0.8125 0.125
1.8125 1.8125 0.8125 0.8125 0.8125 0.1875 0.1875 0.375 0.375 0.375 1.25 1.25 2.5625 2.5625 2.5625 4.25 4.25 6.625 6.625 6.625 9.75 9.75 13.125 13.125 13.125 17.625 17.625 22.25 22.25 22.25 25.125 25.125 24.75 24.75 24.75 24.875 24.875 26.5625 26.5625 26.5625 25.6875 25.6875 21.5625 21.5625 21.5625 18.0625 18.0625 15.9375 15.9375 15.9375 15.0625 15.0625 13.1875 13.1875 13.1875 11.8125 11.8125 12.5625 12.5625 12.5625 10.75 10.75 10 10 10 9.1875 9.1875 7.4375 7.4375 7.4375 4.75 4.75 3.4375 3.4375 3.4375 4 4 4.25 4.25 4.25 3.6875 3.6875 2.75 2.75 2.75 2.625 2.625 2 2 2 0.8125 0.8125 0.125
1.8125 1.8125 0.8125 0.8125 0.8125 0.1875 0.1875 0.375 0.375 0.375 1.25 1.25 2.5625 2.5625 2.5625 4.25 4.25 6.625 6.625 6.625 9.75 9.75 13.125 13.125 13.125 17.625 17.625 22.25 22.25 22.25 25.125 25.125 24.75 24.75 24.75 24.875 24.875 26.5625 26.5625 26.5625 25.6875 25.6875 21.5625 21.5625 21.5625 18.0625 18.0625 15.9375 15.9375 15.9375 15.0625 15.0625 13.1875 13.1875 13.1875 11.8125 11.8125 12.5625 12.5625 12.5625 10.75 10.75 10 10 10 9.1875 9.1875 7.4375 7.4375 7.4375 4.75 4.75 3.4375 3.4375 3.4375 4 4 4.25 4.25 4.25 3.6875 3.6875 2.75 2.75 2.75 2.625 2.625 2 2 2 0.8125 0.8125 0.125
0.625 0.625 0.25 0.25 0.25 0.0625 0.0625 0.25 0.25 0.25 0.9375 0.9375 1.9375 1.9375 1.9375 3.75 3.75 7.0625 7.0625 7.0625 10 10 12.75 12.75 12.75 15.875 15.875 18.6875 18.6875 18.6875 20.1875 20.1875 19.625 19.625 19.625 21.375 21.375 25.625 25.625 25.625 28.1875 28.1875 25.875 25.875 25.875 19.4375 19.4375 16.5625 16.5625 16.5625 15.625 15.625 13.625 13.625 13.625 12.625 12.625 12.875 12.875 12.875 12.9375 12.9375 13.0625 13.0625 13.0625 11.875 11.875 8.8125 8.8125 8.8125 5.25 5.25 4.1875 4.1875 4.1875 4.5625 4.5625 3.875 3.875 3.875 4.25 4.25 4.9375 4.9375 4.9375 4.6875 4.6875 2.6875 2.6875 2.6875 1.375 1.375 0.4375
0.625 0.625 0.25 0.25 0.25 0.0625 0.0625 0.25 0.25 0.25 0.9375 0.9375 1.9375 1.9375 1.9375 3.75 3.75 7.0625 7.0625 7.0625 10 10 12.75 12.75 12.75 15.875 15.875 18.6875 18.6875 18.6875 20.1875 20.1875 19.625 19.625 19.625 21.375 21.375 25.625 25.625 25.625 28.1875 28.1875 25.875 25.875 25.875 19.4375 19.4375 16.5625 16.5625 16.5625 15.625 15.625 13.625 13.625 13.625 12.625 12.625 12.875 12.875 12.875 12.9375 12.9375 13.0625 13.0625 13.0625 11.875 11.875 8.8125 8.8125 8.8125 5.25 5.25 4.1875 4.1875 4.1875 4.5625 4.5625 3.875 3.875 3.875 4.25 4.25 4.9375 4.9375 4.9375 4.6875 4.6875 2.6875 2.6875 2.6875 1.375 1.375 0.4375
0.125 0.125 0.125 0.125 0.125 0.25 0.25 1.0625 1.0625 1.0625 2.375 2.375 3.375 3.375 3.375 6.25 6.25 10.875 10.875 10.875 13.5 13.5 15.375 15.375 15.375 15.6875 15.6875 16.0625 16.0625 16.0625 17.6875 17.6875 18.125 18.125 18.125 19.875 19.875 22.4375 22.4375 22.4375 23.4375 23.4375 23.4375 23.4375 23.4375 17.5625 17.5625 15.125 15.125 15.125 14.875 14.875 14.8125 14.8125 14.8125 17.25 17.25 15.5 15.5 15.5 15.125 15.125 15.125 15.125 15.125 14.4375 14.4375 11.3125 11.3125 11.3125 8.375 8.375 6.1875 6.1875 6.1875 5.375 5.375 5.625 5.625 5.625 6.1875 6.1875 5.875 5.875 5.875 4.4375 4.4375 2.5625 2.5625 2.5625 1.625 1.625 0.625
0.125 0.125 0.125 0.125 0.125 0.25 0.25 1.0625 1.0625 1.0625 2.375 2.375 3.375 3.375 3.375 6.25 6.25 10.875 10.875 10.875 13.5 13.5 15.375 15.375 15.375 15.6875 15.6875 16.0625 16.0625 16.0625 17.6875 17.6875 18.125 18.125 18.125 19.875 19.875 22.4375 22.4375 22.4375 23.4375 23.4375 23.4375 23.4375 23.4375 17.5625 17.5625 15.125 15.125 15.125 14.875 14.875 14.8125 14.8125 14.8125 17.25 17.25 15.5 15.5 15.5 15.125 15.125 15.125 15.125 15.125 14.4375 14.4375 11.3125 11.3125 11.3125 8.375 8.375 6.1875 6.1875 6.1875 5.375 5.375 5.625 5.625 5.625 6.1875 6.1875 5.875 5.875 5.875 4.4375 4.4375 2.5625 2.5625 2.5625 1.625 1.625 0.625
0.125 0.125 0.125 0.125 0.125 0.25 0.25 1.0625 1.0625 1.0625 2.375 2.375 3.375 3.375 3.375 6.25 6.25 10.875 10.875 10.875 13.5 13.5 15.375 15.375 15.375 15.6875 15.6875 16.0625 16.0625 16.0625 17.6875 17.6875 18.125 18.125 18.125 19.875 19.875 22.4375 22.4375 22.4375 23.4375 23.4375 23.4375 23.4375 23.4375 17.5625 17.5625 15.125 15.125 15.125 14.875 14.875 14.8125 14.8125 14.8125 17.25 17.25 15.5 15.5 15.5 15.125 15.125 15.125 15.125 15.125 14.4375 14.4375 11.3125 11.3125 11.3125 8.375 8.375 6.1875 6.1875 6.1875 5.375 5.375 5.625 5.625 5.625 6.1875 6.1875 5.875 5.875 5.875 4.4375 4.4375 2.5625 2.5625 2.5625 1.625 1.625 0.625
0.0625 0.0625 0.1875 0.1875 0.1875 0.6875 0.6875 2.25 2.25 2.25 3.6875 3.6875 4.9375 4.9375 4.9375 7.625 7.625 10.8125 10.8125 10.8125 13.1875 13.1875 13.5 13.5 13.5 13.625 13.625 14.8125 14.8125 14.8125 16.3125 16.3125 18.8125 18.8125 18.8125 19.0625 19.0625 18.625 18.625 18.625 16.6875 16.6875 16.6875 16.6875 16.6875 14.4375 14.4375 13.625 13.625 13.625 14.5 14.5 16.25 16.25 16.25 18.3125 18.3125 15.6875 15.6875 15.6875 15.5 15.5 16.625 16.625 16.625 17 17 16.125 16.125 16.125 16.1875 16.1875 13.5625 13.5625 13.5625 9.9375 9.9375 8.125 8.125 8.125 6.25 6.25 4 4 4 2.375 2.375 1.4375 1.4375 1.4375 0.875 0.875 0.1875
0.0625 0.0625 0.1875 0.1875 0.1875 0.6875 0.6875 2.25 2.25 2.25 3.6875 3.6875 4.9375 4.9375 4.9375 7.625 7.625 10.8125 10.8125 10.8125 13.1875 13.1875 13.5 13.5 13.5 13.625 13.625 14.8125 14.8125 14.8125 16.3125 16.3125 18.8125 18.8125 18.8125 19.0625 19.0625 18.625 18.625 18.625 16.6875 16.6875 16.6875 16.6875 16.6875 14.4375 14.4375 13.625 13.625 13.625 14.5 14.5 16.25 16.25 16.25 18.3125 18.3125 15.6875 15.6875 15.6875 15.5 15.5 16.625 16.625 16.625 17 17 16.125 16.125 16.125 16.1875 16.1875 13.5625 13.5625 13.5625 9.9375 9.9375 8.125 8.125 8.125 6.25 6.25 4 4 4 2.375 2.375 1.4375 1.4375 1.4375 0.875 0.875 0.1875
0.0625 0.0625 0.1875 0.1875 0.1875 0.75 0.75 2.75 2.75 2.75 4.4375 4.4375 8.0625 8.0625 8.0625 9.875 9.875 9.125 9.125 9.125 10.3125 10.3125 10.9375 10.9375 10.9375 10.375 10.375 8.25 8.25 8.25 7.5625 7.5625 11.5625 11.5625 11.5625 13.5625 13.5625 12.8125 12.8125 12.8125 12.6875 12.6875 13.1875 13.1875 13.1875 13.375 13.375 13.1875 13.1875 13.1875 13.625 13.625 15.75 15.75 15.75 16.1875 16.1875 13.6875 13.6875 13.6875 13.8125 13.8125 16.25 16.25 16.25 16.1875 16.1875 15.25 15.25 15.25 16.25 16.25 14 14 14 10.0625 10.0625 5.625 5.625 5.625 2.625 2.625 1.1875 1.1875 1.1875 0.75 0.75 0.625 0.625 0.625 0.375 0.375 0.125
0.0625 0.0625 0.1875 0.1875 0.1875 0.75 0.75 2.75 2.75 2.75 4.4375 4.4375 8.0625 8.0625 8.0625 9.875 9.875 9.125 9.125 9.125 10.3125 10.3125 10.9375 10.9375 10.9375 10.375 10.375 8.25 8.25 8.25 7.5625 7.5625 11.5625 11.5625 11.5625 13.5625 13.5625 12.8125 12.8125 12.8125 12.6875 12.6875 13.1875 13.1875 13.1875 13.375 13.375 13.1875 13.1875 13.1875 13.625 13.625 15.75 15.75 15.75 16.1875 16.1875 13.6875 13.6875 13.6875 13.8125 13.8125 16.25 16.25 16.25 16.1875 16.1875 15.25 15.25 15.25 16.25 16.25 14 14 14 10.0625 10.0625 5.625 5.625 5.625 2.625 2.625 1.1875 1.1875 1.1875 0.75 0.75 0.625 0.625 0.625 0.375 0.375 0.125
0.0625 0.0625 0.1875 0.1875 0.1875 0.75 0.75 2.75 2.75 2.75 4.4375 4.4375 8.0625 8.0625 8.0625 9.875 9.875 9.125 9.125 9.125 10.3125 10.3125 10.9375 10.9375 10.9375 10.375 10.375 8.25 8.25 8.25 7.5625 7.5625 11.5625 11.5625 11.5625 13.5625 13.5625 12.8125 12.8125 12.8125 12.6875 12.6875 13.1875 13.1875 13.1875 13.375 13.375 13.1875 13.1875 13.1875 13.625 13.625 15.75 15.75 15.75 16.1875 16.1875 13.6875 13.6875 13.6875 13.8125 13.8125 16.25 16.25 16.25 16.1875 16.1875 15.25 15.25 15.25 16.25 16.25 14 14 14 10.0625 10.0625 5.625 5.625 5.625 2.625 2.625 1.1875 1.1875 1.1875 0.75 0.75 0.625 0.625 0.625 0.375 0.375 0.125
0 0 0.1875 0.1875 0.1875 1 1 2.9375 2.9375 2.9375 4.25 4.25 7 7 7 7.4375 7.4375 5.4375 5.4375 5.4375 4.875 4.875 4.25 4.25 4.25 2.625 2.625 1.375 1.375 1.375 1.0625 1.0625 2.5625 2.5625 2.5625 5.1875 5.1875 7.1875 7.1875 7.1875 9.0625 9.0625 9.75 9.75 9.75 10.6875 10.6875 10.0625 10.0625 10.0625 10.0625 10.0625 12.625 12.625 12.625 12.9375 12.9375 11.125 11.125 11.125 10.5625 10.5625 10.5 10.5 10.5 7.125 7.125 4.375 4.375 4.375 4.0625 4.0625 3.6875 3.6875 3.6875 2.5625 2.5625 0.875 0.875 0.875 0.3125 0.3125 0.1875 0.1875 0.1875 0.1875 0.1875 0.1875 0.1875 0.1875 0.1875 0.1875 0
0 0 0.1875 0.1875 0.1875 1 1 2.9375 2.9375 2.9375 4.25 4.25 7 7 7 7.4375 7.4375 5.4375 5.4375 5.4375 4.875 4.875 4.25 4.25 4.25 2.625 2.625 1.375 1.375 1.375 1.0625 1.0625 2.5625 2.5625 2.5625 5.1875 5.1875 7.1875 7.1875 7.1875 9.0625 9.0625 9.75 9.75 9.75 10.6875 10.6875 10.0625 10.0625 10.0625 10.0625 10.0625 12.625 12.625 12.625 12.9375 12.9375 11.125 11.125 11.125 10.5625 10.5625 10.5 10.5 10.5 7.125 7.125 4.375 4.375 4.375 4.0625 4.0625 3.6875 3.6875 3.6875 2.5625 2.5625 0.875 0.875 0.875 0.3125 0.3125 0.1875 0.1875 0.1875 0.1875 0.1875 0.1875 0.1875 0.1875 0.1875 0.1875 0
0.75 0.75 1.4375 1.4375 1.4375 2 2 2.6875 2.6875 2.6875 2.4375 2.4375 2.875 2.875 2.875 3.125 3.125 3.125 3.125 3.125 2.8125 2.8125 1.875 1.875 1.875 1.625 1.625 1.25 1.25 1.25 0.75 0.75 0.8125 0.8125 0.8125 1.875 1.875 3.3125 3.3125 3.3125 4.5 4.5 5.1875 5.1875 5.1875 6.5 6.5 6.875 6.875 6.875 6.6875 6.6875 8.375 8.375 8.375 9.9375 9.9375 8.8125 8.8125 8.8125 6.9375 6.9375 3.625 3.625 3.625 0.9375 0.9375 0.1875 0.1875 0.1875 0.125 0.125 0.125 0.125 0.125 0.0625 0.0625 0 0 0 0 0 0 0 0 0 0 0 0 0 0 0 0
0.75 0.75 1.4375 1.4375 1.4375 2 2 2.6875 2.6875 2.6875 2.4375 2.4375 2.875 2.875 2.875 3.125 3.125 3.125 3.125 3.125 2.8125 2.8125 1.875 1.875 1.875 1.625 1.625 1.25 1.25 1.25 0.75 0.75 0.8125 0.8125 0.8125 1.875 1.875 3.3125 3.3125 3.3125 4.5 4.5 5.1875 5.1875 5.1875 6.5 6.5 6.875 6.875 6.875 6.6875 6.6875 8.375 8.375 8.375 9.9375 9.9375 8.8125 8.8125 8.8125 6.9375 6.9375 3.625 3.625 3.625 0.9375 0.9375 0.1875 0.1875 0.1875 0.125 0.125 0.125 0.125 0.125 0.0625 0.0625 0 0 0 0 0 0 0 0 0 0 0 0 0 0 0 0
0.75 0.75 1.4375 1.4375 1.4375 2 2 2.6875 2.6875 2.6875 2.4375 2.4375 2.875 2.875 2.875 3.125 3.125 3.125 3.125 3.125 2.8125 2.8125 1.875 1.875 1.875 1.625 1.625 1.25 1.25 1.25 0.75 0.75 0.8125 0.8125 0.8125 1.875 1.875 3.3125 3.3125 3.3125 4.5 4.5 5.1875 5.1875 5.1875 6.5 6.5 6.875 6.875 6.875 6.6875 6.6875 8.375 8.375 8.375 9.9375 9.9375 8.8125 8.8125 8.8125 6.9375 6.9375 3.625 3.625 3.625 0.9375 0.9375 0.1875 0.1875 0.1875 0.125 0.125 0.125 0.125 0.125 0.0625 0.0625 0 0 0 0 0 0 0 0 0 0 0 0 0 0 0 0
4.0625 4.0625 6.125 6.125 6.125 5.6875 5.6875 4.8125 4.8125 4.8125 4.0625 4.0625 3.5 3.5 3.5 3.4375 3.4375 3.9375 3.9375 3.9375 4.4375 4.4375 4.875 4.875 4.875 5.1875 5.1875 4.375 4.375 4.375 3.875 3.875 4.25 4.25 4.25 4.375 4.375 3.8125 3.8125 3.8125 3.5625 3.5625 3.5625 3.5625 3.5625 4.375 4.375 4.875 4.875 4.875 4.8125 4.8125 6 6 6 6.375 6.375 4.875 4.875 4.875 2.9375 2.9375 0.8125 0.8125 0.8125 0.0625 0.0625 0 0 0 0 0 0 0 0 0 0 0 0 0 0 0 0 0 0 0 0 0 0 0 0 0 0
4.0625 4.0625 6.125 6.125 6.125 5.6875 5.6875 4.8125 4.8125 4.8125 4.0625 4.0625 3.5 3.5 3.5 3.4375 3.4375 3.9375 3.9375 3.9375 4.4375 4.4375 4.875 4.875 4.875 5.1875 5.1875 4.375 4.375 4.375 3.875 3.875 4.25 4.25 4.25 4.375 4.375 3.8125 3.8125 3.8125 3.5625 3.5625 3.5625 3.5625 3.5625 4.375 4.375 4.875 4.875 4.875 4.8125 4.8125 6 6 6 6.375 6.375 4.875 4.875 4.875 2.9375 2.9375 0.8125 0.8125 0.8125 0.0625 0.0625 0 0 0 0 0 0 0 0 0 0 0 0 0 0 0 0 0 0 0 0 0 0 0 0 0 0
9.0625 9.0625 9.125 9.125 9.125 10.125 10.125 11.4375 11.4375 11.4375 8.75 8.75 7.625 7.625 7.625 8.75 8.75 9.3125 9.3125 9.3125 9.8125 9.8125 7.375 7.375 7.375 5.5 5.5 4.8125 4.8125 4.8125 5.3125 5.3125 5.375 5.375 5.375 4.5 4.5 3.75 3.75 3.75 4.375 4.375 4.3125 4.3125 4.3125 4.125 4.125 3.5 3.5 3.5 2.9375 2.9375 2.5 2.5 2.5 2.1875 2.1875 1.5625 1.5625 1.5625 1.0625 1.0625 0.375 0.375 0.375 0 0 0 0 0 0 0 0 0 0 0 0 0 0 0 0 0 0 0 0 0 0 0 0 0 0 0 0
9.0625 9.0625 9.125 9.125 9.125 10.125 10.125 11.4375 11.4375 11.4375 8.75 8.75 7.625 7.625 7.625 8.75 8.75 9.3125 9.3125 9.3125 9.8125 9.8125 7.375 7.375 7.375 5.5 5.5 4.8125 4.8125 4.8125 5.3125 5.3125 5.375 5.375 5.375 4.5 4.5 3.75 3.75 3.75 4.375 4.375 4.3125 4.3125 4.3125 4.125 4.125 3.5 3.5 3.5 2.9375 2.9375 2.5 2.5 2.5 2.1875 2.1875 1.5625 1.5625 1.5625 1.0625 1.0625 0.375 0.375 0.375 0 0 0 0 0 0 0 0 0 0 0 0 0 0 0 0 0 0 0 0 0 0 0 0 0 0 0 0
9.0625 9.0625 9.125 9.125 9.125 10.125 10.125 11.4375 11.4375 11.4375 8.75 8.75 7.625 7.625 7.625 8.75 8.75 9.3125 9.3125 9.3125 9.8125 9.8125 7.375 7.375 7.375 5.5 5.5 4.8125 4.8125 4.8125 5.3125 5.3125 5.375 5.375 5.375 4.5 4.5 3.75 3.75 3.75 4.375 4.375 4.3125 4.3125 4.3125 4.125 4.125 3.5 3.5 3.5 2.9375 2.9375 2.5 2.5 2.5 2.1875 2.1875 1.5625 1.5625 1.5625 1.0625 1.0625 0.375 0.375 0.375 0 0 0 0 0 0 0 0 0 0 0 0 0 0 0 0 0 0 0 0 0 0 0 0 0 0 0 0
12.3125 12.3125 10.5 10.5 10.5 13.1875 13.1875 12.75 12.75 12.75 9.5 9.5 10 10 10 11.1875 11.1875 11.1875 11.1875 11.1875 9.25 9.25 5.625 5.625 5.625 3.75 3.75 3.6875 3.6875 3.6875 3.4375 3.4375 3.125 3.125 3.125 2.9375 2.9375 3.375 3.375 3.375 4.8125 4.8125 5.625 5.625 5.625 3.5625 3.5625 1.4375 1.4375 1.4375 0.625 0.625 0.4375 0.4375 0.4375 0.5 0.5 0.5625 0.5625 0.5625 0.4375 0.4375 0.125 0.125 0.125 0 0 0 0 0 0 0 0 0 0 0 0 0 0 0 0 0 0 0 0 0 0 0 0 0 0 0 0
12.3125 12.3125 10.5 10.5 10.5 13.1875 13.1875 12.75 12.75 12.75 9.5 9.5 10 10 10 11.1875 11.1875 11.1875 11.1875 11.1875 9.25 9.25 5.625 5.625 5.625 3.75 3.75 3.6875 3.6875 3.6875 3.4375 3.4375 3.125 3.125 3.125 2.9375 2.9375 3.375 3.375 3.375 4.8125 4.8125 5.625 5.625 5.625 3.5625 3.5625 1.4375 1.4375 1.4375 0.625 0.625 0.4375 0.4375 0.4375 0.5 0.5 0.5625 0.5625 0.5625 0.4375 0.4375 0.125 0.125 0.125 0 0 0 0 0 0 0 0 0 0 0 0 0 0 0 0 0 0 0 0 0 0 0 0 0 0 0 0
15.3125 15.3125 17.4375 17.4375 17.4375 18.625 18.625 12.6875 12.6875 12.6875 8.375 8.375 10.4375 10.4375 10.4375 11.875 11.875 9.25 9.25 9.25 6.75 6.75 5.3125 5.3125 5.3125 3.8125 3.8125 2.25 2.25 2.25 1.625 1.625 1.9375 1.9375 1.9375 1.9375 1.9375 2.4375 2.4375 2.4375 2.9375 2.9375 3 3 3 1.1875 1.1875 0.25 0.25 0.25 0.1875 0.1875 0.125 0.125 0.125 0.1875 0.1875 0.25 0.25 0.25 0.0625 0.0625 0 0 0 0 0 0 0 0 0 0 0 0 0 0 0 0 0 0 0 0 0 0 0 0 0 0 0 0 0 0 0
15.3125 15.3125 17.4375 17.4375 17.4375 18.625 18.625 12.6875 12.6875 12.6875 8.375 8.375 10.4375 10.4375 10.4375 11.875 11.875 9.25 9.25 9.25 6.75 6.75 5.3125 5.3125 5.3125 3.8125 3.8125 2.25 2.25 2.25 1.625 1.625 1.9375 1.9375 1.9375 1.9375 1.9375 2.4375 2.4375 2.4375 2.9375 2.9375 3 3 3 1.1875 1.1875 0.25 0.25 0.25 0.1875 0.1875 0.125 0.125 0.125 0.1875 0.1875 0.25 0.25 0.25 0.0625 0.0625 0 0 0 0 0 0 0 0 0 0 0 0 0 0 0 0 0 0 0 0 0 0 0 0 0 0 0 0 0 0 0
