Data/APCP/20200108.f087.apcp.gfs.pakistan.txt
ncols        169
nrows        134
xllcorner    60.900000000000
yllcorner    23.700000000000
cellsize     0.100000000000
NODATA_value  -9999
[rows 0 to 41 of 134, columns 0 to 94 of 169]
0.9375 0.9375 1.3125 1.3125 1.3125 1.4375 1.4375 1.375 1.375 1.375 1.25 1.25 0.625 0.625 0.625 0.25 0.25 0.0625 0.0625 0.0625 0.0625 0.0625 0.0625 0.0625 0.0625 0.1875 0.1875 0.4375 0.4375 0.4375 1.3125 1.3125 1.6875 1.6875 1.6875 0.9375 0.9375 0.3125 0.3125 0.3125 0.0625 0.0625 0.125 0.125 0.125 0.125 0.125 0.0625 0.0625 0.0625 0.0625 0.0625 0 0 0 0 0 0 0 0 0 0 0 0 0 0 0 0 0 0 0 0 0 0 0 0 0 0 0 0 0 0 0 0 0 0 0 0 0 0 0 0 0 0 0
0.9375 0.9375 1.3125 1.3125 1.3125 1.4375 1.4375 1.375 1.375 1.375 1.25 1.25 0.625 0.625 0.625 0.25 0.25 0.0625 0.0625 0.0625 0.0625 0.0625 0.0625 0.0625 0.0625 0.1875 0.1875 0.4375 0.4375 0.4375 1.3125 1.3125 1.6875 1.6875 1.6875 0.9375 0.9375 0.3125 0.3125 0.3125 0.0625 0.0625 0.125 0.125 0.125 0.125 0.125 0.0625 0.0625 0.0625 0.0625 0.0625 0 0 0 0 0 0 0 0 0 0 0 0 0 0 0 0 0 0 0 0 0 0 0 0 0 0 0 0 0 0 0 0 0 0 0 0 0 0 0 0 0 0 0
2 2 2.8125 2.8125 2.8125 2.75 2.75 2.25 2.25 2.25 1.3125 1.3125 0.6875 0.6875 0.6875 0.3125 0.3125 0.1875 0.1875 0.1875 0.0625 0.0625 0 0 0 0.1875 0.1875 0.25 0.25 0.25 0.875 0.875 1.875 1.875 1.875 1.25 1.25 0.375 0.375 0.375 0.25 0.25 0.375 0.375 0.375 0.1875 0.1875 0 0 0 0 0 0 0 0 0.0625 0.0625 0.0625 0.0625 0.0625 0 0 0.0625 0.0625 0.0625 0.0625 0.0625 0 0 0 0 0 0 0 0 0 0 0 0 0 0 0 0 0 0 0 0 0 0 0 0 0 0 0 0
2 2 2.8125 2.8125 2.8125 2.75 2.75 2.25 2.25 2.25 1.3125 1.3125 0.6875 0.6875 0.6875 0.3125 0.3125 0.1875 0.1875 0.1875 0.0625 0.0625 0 0 0 0.1875 0.1875 0.25 0.25 0.25 0.875 0.875 1.875 1.875 1.875 1.25 1.25 0.375 0.375 0.375 0.25 0.25 0.375 0.375 0.375 0.1875 0.1875 0 0 0 0 0 0 0 0 0.0625 0.0625 0.0625 0.0625 0.0625 0 0 0.0625 0.0625 0.0625 0.0625 0.0625 0 0 0 0 0 0 0 0 0 0 0 0 0 0 0 0 0 0 0 0 0 0 0 0 0 0 0 0
2 2 2.8125 2.8125 2.8125 2.75 2.75 2.25 2.25 2.25 1.3125 1.3125 0.6875 0.6875 0.6875 0.3125 0.3125 0.1875 0.1875 0.1875 0.0625 0.0625 0 0 0 0.1875 0.1875 0.25 0.25 0.25 0.875 0.875 1.875 1.875 1.875 1.25 1.25 0.375 0.375 0.375 0.25 0.25 0.375 0.375 0.375 0.1875 0.1875 0 0 0 0 0 0 0 0 0.0625 0.0625 0.0625 0.0625 0.0625 0 0 0.0625 0.0625 0.0625 0.0625 0.0625 0 0 0 0 0 0 0 0 0 0 0 0 0 0 0 0 0 0 0 0 0 0 0 0 0 0 0 0
2.875 2.875 4.1875 4.1875 4.1875 4.25 4.25 3 3 3 1.625 1.625 1.125 1.125 1.125 0.875 0.875 0.5625 0.5625 0.5625 0.3125 0.3125 0.1875 0.1875 0.1875 0.375 0.375 0.5625 0.5625 0.5625 1.25 1.25 1.8125 1.8125 1.8125 1.0625 1.0625 0.4375 0.4375 0.4375 0.5 0.5 0.625 0.625 0.625 0.125 0.125 0 0 0 0 0 0.0625 0.0625 0.0625 0.125 0.125 0.1875 0.1875 0.1875 0.125 0.125 0.1875 0.1875 0.1875 0.0625 0.0625 0 0 0 0 0 0 0 0 0 0 0 0 0 0 0 0 0 0 0 0 0 0 0 0 0 0.0625 0.0625 0.0625
2.875 2.875 4.1875 4.1875 4.1875 4.25 4.25 3 3 3 1.625 1.625 1.125 1.125 1.125 0.875 0.875 0.5625 0.5625 0.5625 0.3125 0.3125 0.1875 0.1875 0.1875 0.375 0.375 0.5625 0.5625 0.5625 1.25 1.25 1.8125 1.8125 1.8125 1.0625 1.0625 0.4375 0.4375 0.4375 0.5 0.5 0.625 0.625 0.625 0.125 0.125 0 0 0 0 0 0.0625 0.0625 0.0625 0.125 0.125 0.1875 0.1875 0.1875 0.125 0.125 0.1875 0.1875 0.1875 0.0625 0.0625 0 0 0 0 0 0 0 0 0 0 0 0 0 0 0 0 0 0 0 0 0 0 0 0 0 0.0625 0.0625 0.0625
5.3125 5.3125 6.125 6.125 6.125 5.75 5.75 4.125 4.125 4.125 2.5625 2.5625 2 2 2 1.5 1.5 1.25 1.25 1.25 1.375 1.375 1.6875 1.6875 1.6875 2.25 2.25 2.125 2.125 2.125 1.875 1.875 1.1875 1.1875 1.1875 0.6875 0.6875 0.3125 0.3125 0.3125 0.375 0.375 0.3125 0.3125 0.3125 0.1875 0.1875 0.125 0.125 0.125 0 0 0.125 0.125 0.125 0.0625 0.0625 0.0625 0.0625 0.0625 0.0625 0.0625 0 0 0 0 0 0 0 0 0 0 0 0 0 0 0 0 0 0 0 0 0 0 0 0 0 0.0625 0.0625 0.0625 0.25 0.25 0.375 0.375 0.375
5.3125 5.3125 6.125 6.125 6.125 5.75 5.75 4.125 4.125 4.125 2.5625 2.5625 2 2 2 1.5 1.5 1.25 1.25 1.25 1.375 1.375 1.6875 1.6875 1.6875 2.25 2.25 2.125 2.125 2.125 1.875 1.875 1.1875 1.1875 1.1875 0.6875 0.6875 0.3125 0.3125 0.3125 0.375 0.375 0.3125 0.3125 0.3125 0.1875 0.1875 0.125 0.125 0.125 0 0 0.125 0.125 0.125 0.0625 0.0625 0.0625 0.0625 0.0625 0.0625 0.0625 0 0 0 0 0 0 0 0 0 0 0 0 0 0 0 0 0 0 0 0 0 0 0 0 0 0.0625 0.0625 0.0625 0.25 0.25 0.375 0.375 0.375
5.3125 5.3125 6.125 6.125 6.125 5.75 5.75 4.125 4.125 4.125 2.5625 2.5625 2 2 2 1.5 1.5 1.25 1.25 1.25 1.375 1.375 1.6875 1.6875 1.6875 2.25 2.25 2.125 2.125 2.125 1.875 1.875 1.1875 1.1875 1.1875 0.6875 0.6875 0.3125 0.3125 0.3125 0.375 0.375 0.3125 0.3125 0.3125 0.1875 0.1875 0.125 0.125 0.125 0 0 0.125 0.125 0.125 0.0625 0.0625 0.0625 0.0625 0.0625 0.0625 0.0625 0 0 0 0 0 0 0 0 0 0 0 0 0 0 0 0 0 0 0 0 0 0 0 0 0 0.0625 0.0625 0.0625 0.25 0.25 0.375 0.375 0.375
7.8125 7.8125 6.9375 6.9375 6.9375 6.1875 6.1875 4.5625 4.5625 4.5625 3 3 2.0625 2.0625 2.0625 1.625 1.625 2 2 2 3.25 3.25 4.625 4.625 4.625 4.125 4.125 2.875 2.875 2.875 2.1875 2.1875 2.0625 2.0625 2.0625 2.1875 2.1875 1.25 1.25 1.25 0.375 0.375 0.625 0.625 0.625 1.0625 1.0625 1 1 1 0.1875 0.1875 0 0 0 0 0 0 0 0 0 0 0 0 0 0 0 0 0 0 0 0 0 0 0 0 0 0 0 0 0 0 0 0 0 0.0625 0.0625 0.1875 0.1875 0.1875 0.5625 0.5625 0.9375 0.9375 0.9375
7.8125 7.8125 6.9375 6.9375 6.9375 6.1875 6.1875 4.5625 4.5625 4.5625 3 3 2.0625 2.0625 2.0625 1.625 1.625 2 2 2 3.25 3.25 4.625 4.625 4.625 4.125 4.125 2.875 2.875 2.875 2.1875 2.1875 2.0625 2.0625 2.0625 2.1875 2.1875 1.25 1.25 1.25 0.375 0.375 0.625 0.625 0.625 1.0625 1.0625 1 1 1 0.1875 0.1875 0 0 0 0 0 0 0 0 0 0 0 0 0 0 0 0 0 0 0 0 0 0 0 0 0 0 0 0 0 0 0 0 0 0.0625 0.0625 0.1875 0.1875 0.1875 0.5625 0.5625 0.9375 0.9375 0.9375
6.8125 6.8125 6.375 6.375 6.375 5.5625 5.5625 4.875 4.875 4.875 4.625 4.625 4.1875 4.1875 4.1875 3.75 3.75 3.5625 3.5625 3.5625 3.75 3.75 3.75 3.75 3.75 3.4375 3.4375 3.0625 3.0625 3.0625 3.75 3.75 3.4375 3.4375 3.4375 1.6875 1.6875 0.5 0.5 0.5 0.1875 0.1875 0.125 0.125 0.125 0.375 0.375 0.75 0.75 0.75 0.125 0.125 0 0 0 0 0 0 0 0 0 0 0 0 0 0 0 0 0 0 0 0 0 0 0 0 0 0 0 0 0.125 0.125 0.125 0.125 0.125 0.1875 0.1875 1.0625 1.0625 1.0625 1.4375 1.4375 1.25 1.25 1.25
6.8125 6.8125 6.375 6.375 6.375 5.5625 5.5625 4.875 4.875 4.875 4.625 4.625 4.1875 4.1875 4.1875 3.75 3.75 3.5625 3.5625 3.5625 3.75 3.75 3.75 3.75 3.75 3.4375 3.4375 3.0625 3.0625 3.0625 3.75 3.75 3.4375 3.4375 3.4375 1.6875 1.6875 0.5 0.5 0.5 0.1875 0.1875 0.125 0.125 0.125 0.375 0.375 0.75 0.75 0.75 0.125 0.125 0 0 0 0 0 0 0 0 0 0 0 0 0 0 0 0 0 0 0 0 0 0 0 0 0 0 0 0 0.125 0.125 0.125 0.125 0.125 0.1875 0.1875 1.0625 1.0625 1.0625 1.4375 1.4375 1.25 1.25 1.25
6.8125 6.8125 6.375 6.375 6.375 5.5625 5.5625 4.875 4.875 4.875 4.625 4.625 4.1875 4.1875 4.1875 3.75 3.75 3.5625 3.5625 3.5625 3.75 3.75 3.75 3.75 3.75 3.4375 3.4375 3.0625 3.0625 3.0625 3.75 3.75 3.4375 3.4375 3.4375 1.6875 1.6875 0.5 0.5 0.5 0.1875 0.1875 0.125 0.125 0.125 0.375 0.375 0.75 0.75 0.75 0.125 0.125 0 0 0 0 0 0 0 0 0 0 0 0 0 0 0 0 0 0 0 0 0 0 0 0 0 0 0 0 0.125 0.125 0.125 0.125 0.125 0.1875 0.1875 1.0625 1.0625 1.0625 1.4375 1.4375 1.25 1.25 1.25
8.25 8.25 7.875 7.875 7.875 8.1875 8.1875 9.25 9.25 9.25 9.75 9.75 9.0625 9.0625 9.0625 7.25 7.25 5.6875 5.6875 5.6875 5.375 5.375 5 5 5 3.9375 3.9375 3.3125 3.3125 3.3125 2.4375 2.4375 1.5625 1.5625 1.5625 1.1875 1.1875 0.875 0.875 0.875 0.625 0.625 0.3125 0.3125 0.3125 0.125 0.125 0.25 0.25 0.25 0.1875 0.1875 0.1875 0.1875 0.1875 0.0625 0.0625 0 0 0 0 0 0 0 0 0 0 0 0 0 0 0 0 0 0 0.125 0.125 0.4375 0.4375 0.4375 0.4375 0.4375 0.125 0.125 0.125 0.375 0.375 1.125 1.125 1.125 1.0625 1.0625 1.25 1.25 1.25
8.25 8.25 7.875 7.875 7.875 8.1875 8.1875 9.25 9.25 9.25 9.75 9.75 9.0625 9.0625 9.0625 7.25 7.25 5.6875 5.6875 5.6875 5.375 5.375 5 5 5 3.9375 3.9375 3.3125 3.3125 3.3125 2.4375 2.4375 1.5625 1.5625 1.5625 1.1875 1.1875 0.875 0.875 0.875 0.625 0.625 0.3125 0.3125 0.3125 0.125 0.125 0.25 0.25 0.25 0.1875 0.1875 0.1875 0.1875 0.1875 0.0625 0.0625 0 0 0 0 0 0 0 0 0 0 0 0 0 0 0 0 0 0 0.125 0.125 0.4375 0.4375 0.4375 0.4375 0.4375 0.125 0.125 0.125 0.375 0.375 1.125 1.125 1.125 1.0625 1.0625 1.25 1.25 1.25
8.8125 8.8125 12.625 12.625 12.625 14 14 12.625 12.625 12.625 12.375 12.375 12.3125 12.3125 12.3125 9.4375 9.4375 6.6875 6.6875 6.6875 6 6 3.25 3.25 3.25 0.875 0.875 0.3125 0.3125 0.3125 0.25 0.25 0.3125 0.3125 0.3125 0.4375 0.4375 0.1875 0.1875 0.1875 0.125 0.125 0.125 0.125 0.125 0.125 0.125 0.1875 0.1875 0.1875 0.375 0.375 0.25 0.25 0.25 0 0 0.0625 0.0625 0.0625 0 0 0 0 0 0 0 0 0 0 0 0 0.0625 0.0625 0.0625 0.3125 0.3125 0.9375 0.9375 0.9375 0.625 0.625 0.1875 0.1875 0.1875 0.25 0.25 0.9375 0.9375 0.9375 1.75 1.75 1.0625 1.0625 1.0625
8.8125 8.8125 12.625 12.625 12.625 14 14 12.625 12.625 12.625 12.375 12.375 12.3125 12.3125 12.3125 9.4375 9.4375 6.6875 6.6875 6.6875 6 6 3.25 3.25 3.25 0.875 0.875 0.3125 0.3125 0.3125 0.25 0.25 0.3125 0.3125 0.3125 0.4375 0.4375 0.1875 0.1875 0.1875 0.125 0.125 0.125 0.125 0.125 0.125 0.125 0.1875 0.1875 0.1875 0.375 0.375 0.25 0.25 0.25 0 0 0.0625 0.0625 0.0625 0 0 0 0 0 0 0 0 0 0 0 0 0.0625 0.0625 0.0625 0.3125 0.3125 0.9375 0.9375 0.9375 0.625 0.625 0.1875 0.1875 0.1875 0.25 0.25 0.9375 0.9375 0.9375 1.75 1.75 1.0625 1.0625 1.0625
8.8125 8.8125 12.625 12.625 12.625 14 14 12.625 12.625 12.625 12.375 12.375 12.3125 12.3125 12.3125 9.4375 9.4375 6.6875 6.6875 6.6875 6 6 3.25 3.25 3.25 0.875 0.875 0.3125 0.3125 0.3125 0.25 0.25 0.3125 0.3125 0.3125 0.4375 0.4375 0.1875 0.1875 0.1875 0.125 0.125 0.125 0.125 0.125 0.125 0.125 0.1875 0.1875 0.1875 0.375 0.375 0.25 0.25 0.25 0 0 0.0625 0.0625 0.0625 0 0 0 0 0 0 0 0 0 0 0 0 0.0625 0.0625 0.0625 0.3125 0.3125 0.9375 0.9375 0.9375 0.625 0.625 0.1875 0.1875 0.1875 0.25 0.25 0.9375 0.9375 0.9375 1.75 1.75 1.0625 1.0625 1.0625
12.5625 12.5625 13.5 13.5 13.5 14.5 14.5 14.5625 14.5625 14.5625 14.125 14.125 13.375 13.375 13.375 10.1875 10.1875 7.1875 7.1875 7.1875 3.5625 3.5625 0.4375 0.4375 0.4375 0 0 0 0 0 0 0 0 0 0 0 0 0 0 0 0 0 0 0 0 0 0 0 0 0 0.0625 0.0625 0.0625 0.0625 0.0625 0.0625 0.0625 0.0625 0.0625 0.0625 0.1875 0.1875 0.125 0.125 0.125 0.0625 0.0625 0.0625 0.0625 0.0625 0.0625 0.0625 0.625 0.625 0.625 1 1 0.4375 0.4375 0.4375 0.1875 0.1875 0.25 0.25 0.25 0.1875 0.1875 0.625 0.625 0.625 0.9375 0.9375 0.25 0.25 0.25
12.5625 12.5625 13.5 13.5 13.5 14.5 14.5 14.5625 14.5625 14.5625 14.125 14.125 13.375 13.375 13.375 10.1875 10.1875 7.1875 7.1875 7.1875 3.5625 3.5625 0.4375 0.4375 0.4375 0 0 0 0 0 0 0 0 0 0 0 0 0 0 0 0 0 0 0 0 0 0 0 0 0 0.0625 0.0625 0.0625 0.0625 0.0625 0.0625 0.0625 0.0625 0.0625 0.0625 0.1875 0.1875 0.125 0.125 0.125 0.0625 0.0625 0.0625 0.0625 0.0625 0.0625 0.0625 0.625 0.625 0.625 1 1 0.4375 0.4375 0.4375 0.1875 0.1875 0.25 0.25 0.25 0.1875 0.1875 0.625 0.625 0.625 0.9375 0.9375 0.25 0.25 0.25
12.9375 12.9375 10.875 10.875 10.875 8.3125 8.3125 8.625 8.625 8.625 9.875 9.875 8.625 8.625 8.625 5.25 5.25 2.75 2.75 2.75 1 1 0.3125 0.3125 0.3125 0.3125 0.3125 0.125 0.125 0.125 0.125 0.125 0.0625 0.0625 0.0625 0 0 0 0 0 0 0 0 0 0 0 0 0 0 0 0.0625 0.0625 0.125 0.125 0.125 0.125 0.125 0.25 0.25 0.25 0.25 0.25 0.3125 0.3125 0.3125 0.625 0.625 0.75 0.75 0.75 0.5625 0.5625 0.875 0.875 0.875 0.875 0.875 0.4375 0.4375 0.4375 0.375 0.375 0.6875 0.6875 0.6875 0.625 0.625 0.3125 0.3125 0.3125 0.125 0.125 0 0 0
12.9375 12.9375 10.875 10.875 10.875 8.3125 8.3125 8.625 8.625 8.625 9.875 9.875 8.625 8.625 8.625 5.25 5.25 2.75 2.75 2.75 1 1 0.3125 0.3125 0.3125 0.3125 0.3125 0.125 0.125 0.125 0.125 0.125 0.0625 0.0625 0.0625 0 0 0 0 0 0 0 0 0 0 0 0 0 0 0 0.0625 0.0625 0.125 0.125 0.125 0.125 0.125 0.25 0.25 0.25 0.25 0.25 0.3125 0.3125 0.3125 0.625 0.625 0.75 0.75 0.75 0.5625 0.5625 0.875 0.875 0.875 0.875 0.875 0.4375 0.4375 0.4375 0.375 0.375 0.6875 0.6875 0.6875 0.625 0.625 0.3125 0.3125 0.3125 0.125 0.125 0 0 0
12.9375 12.9375 10.875 10.875 10.875 8.3125 8.3125 8.625 8.625 8.625 9.875 9.875 8.625 8.625 8.625 5.25 5.25 2.75 2.75 2.75 1 1 0.3125 0.3125 0.3125 0.3125 0.3125 0.125 0.125 0.125 0.125 0.125 0.0625 0.0625 0.0625 0 0 0 0 0 0 0 0 0 0 0 0 0 0 0 0.0625 0.0625 0.125 0.125 0.125 0.125 0.125 0.25 0.25 0.25 0.25 0.25 0.3125 0.3125 0.3125 0.625 0.625 0.75 0.75 0.75 0.5625 0.5625 0.875 0.875 0.875 0.875 0.875 0.4375 0.4375 0.4375 0.375 0.375 0.6875 0.6875 0.6875 0.625 0.625 0.3125 0.3125 0.3125 0.125 0.125 0 0 0
12.75 12.75 8.75 8.75 8.75 3.875 3.875 3.125 3.125 3.125 2.625 2.625 1.3125 1.3125 1.3125 0.5 0.5 0.1875 0.1875 0.1875 0.5 0.5 0.6875 0.6875 0.6875 0.4375 0.4375 0.75 0.75 0.75 0.625 0.625 0.25 0.25 0.25 0.0625 0.0625 0 0 0 0 0 0 0 0 0 0 0.0625 0.0625 0.0625 0.3125 0.3125 0.4375 0.4375 0.4375 0.4375 0.4375 0.6875 0.6875 0.6875 1 1 1.4375 1.4375 1.4375 1.6875 1.6875 1.5 1.5 1.5 1.25 1.25 1.3125 1.3125 1.3125 1.6875 1.6875 1 1 1 0.6875 0.6875 1 1 1 1 1 0.375 0.375 0.375 0.0625 0.0625 0 0 0
12.75 12.75 8.75 8.75 8.75 3.875 3.875 3.125 3.125 3.125 2.625 2.625 1.3125 1.3125 1.3125 0.5 0.5 0.1875 0.1875 0.1875 0.5 0.5 0.6875 0.6875 0.6875 0.4375 0.4375 0.75 0.75 0.75 0.625 0.625 0.25 0.25 0.25 0.0625 0.0625 0 0 0 0 0 0 0 0 0 0 0.0625 0.0625 0.0625 0.3125 0.3125 0.4375 0.4375 0.4375 0.4375 0.4375 0.6875 0.6875 0.6875 1 1 1.4375 1.4375 1.4375 1.6875 1.6875 1.5 1.5 1.5 1.25 1.25 1.3125 1.3125 1.3125 1.6875 1.6875 1 1 1 0.6875 0.6875 1 1 1 1 1 0.375 0.375 0.375 0.0625 0.0625 0 0 0
10.125 10.125 4.875 4.875 4.875 0.9375 0.9375 0.5625 0.5625 0.5625 0.25 0.25 0.0625 0.0625 0.0625 0 0 0.1875 0.1875 0.1875 0.6875 0.6875 0.75 0.75 0.75 0.625 0.625 0.3125 0.3125 0.3125 0.25 0.25 0.125 0.125 0.125 0 0 0 0 0 0 0 0.1875 0.1875 0.1875 0.375 0.375 0.875 0.875 0.875 1.4375 1.4375 1.625 1.625 1.625 1.4375 1.4375 1.4375 1.4375 1.4375 1.125 1.125 0.8125 0.8125 0.8125 0.6875 0.6875 0.8125 0.8125 0.8125 0.625 0.625 1 1 1 1.3125 1.3125 0.75 0.75 0.75 0.375 0.375 0.5625 0.5625 0.5625 0.875 0.875 0.5625 0.5625 0.5625 0.4375 0.4375 0.1875 0.1875 0.1875
10.125 10.125 4.875 4.875 4.875 0.9375 0.9375 0.5625 0.5625 0.5625 0.25 0.25 0.0625 0.0625 0.0625 0 0 0.1875 0.1875 0.1875 0.6875 0.6875 0.75 0.75 0.75 0.625 0.625 0.3125 0.3125 0.3125 0.25 0.25 0.125 0.125 0.125 0 0 0 0 0 0 0 0.1875 0.1875 0.1875 0.375 0.375 0.875 0.875 0.875 1.4375 1.4375 1.625 1.625 1.625 1.4375 1.4375 1.4375 1.4375 1.4375 1.125 1.125 0.8125 0.8125 0.8125 0.6875 0.6875 0.8125 0.8125 0.8125 0.625 0.625 1 1 1 1.3125 1.3125 0.75 0.75 0.75 0.375 0.375 0.5625 0.5625 0.5625 0.875 0.875 0.5625 0.5625 0.5625 0.4375 0.4375 0.1875 0.1875 0.1875
10.125 10.125 4.875 4.875 4.875 0.9375 0.9375 0.5625 0.5625 0.5625 0.25 0.25 0.0625 0.0625 0.0625 0 0 0.1875 0.1875 0.1875 0.6875 0.6875 0.75 0.75 0.75 0.625 0.625 0.3125 0.3125 0.3125 0.25 0.25 0.125 0.125 0.125 0 0 0 0 0 0 0 0.1875 0.1875 0.1875 0.375 0.375 0.875 0.875 0.875 1.4375 1.4375 1.625 1.625 1.625 1.4375 1.4375 1.4375 1.4375 1.4375 1.125 1.125 0.8125 0.8125 0.8125 0.6875 0.6875 0.8125 0.8125 0.8125 0.625 0.625 1 1 1 1.3125 1.3125 0.75 0.75 0.75 0.375 0.375 0.5625 0.5625 0.5625 0.875 0.875 0.5625 0.5625 0.5625 0.4375 0.4375 0.1875 0.1875 0.1875
4.625 4.625 0.9375 0.9375 0.9375 0.0625 0.0625 0 0 0 0 0 0.0625 0.0625 0.0625 0.375 0.375 1.875 1.875 1.875 3.125 3.125 2.375 2.375 2.375 1.8125 1.8125 1.3125 1.3125 1.3125 0.9375 0.9375 0.375 0.375 0.375 0.0625 0.0625 0.0625 0.0625 0.0625 0.25 0.25 0.625 0.625 0.625 1.4375 1.4375 2.0625 2.0625 2.0625 2 2 2.5 2.5 2.5 2.25 2.25 1.75 1.75 1.75 1.1875 1.1875 0.375 0.375 0.375 0.375 0.375 0.5 0.5 0.5 0.1875 0.1875 0.4375 0.4375 0.4375 0.875 0.875 0.5 0.5 0.5 0.0625 0.0625 0.1875 0.1875 0.1875 0.5 0.5 0.3125 0.3125 0.3125 0.625 0.625 1 1 1
4.625 4.625 0.9375 0.9375 0.9375 0.0625 0.0625 0 0 0 0 0 0.0625 0.0625 0.0625 0.375 0.375 1.875 1.875 1.875 3.125 3.125 2.375 2.375 2.375 1.8125 1.8125 1.3125 1.3125 1.3125 0.9375 0.9375 0.375 0.375 0.375 0.0625 0.0625 0.0625 0.0625 0.0625 0.25 0.25 0.625 0.625 0.625 1.4375 1.4375 2.0625 2.0625 2.0625 2 2 2.5 2.5 2.5 2.25 2.25 1.75 1.75 1.75 1.1875 1.1875 0.375 0.375 0.375 0.375 0.375 0.5 0.5 0.5 0.1875 0.1875 0.4375 0.4375 0.4375 0.875 0.875 0.5 0.5 0.5 0.0625 0.0625 0.1875 0.1875 0.1875 0.5 0.5 0.3125 0.3125 0.3125 0.625 0.625 1 1 1
1.625 1.625 0.1875 0.1875 0.1875 0 0 0 0 0 0.125 0.125 0.375 0.375 0.375 1.1875 1.1875 2.875 2.875 2.875 4.5 4.5 5.375 5.375 5.375 5.9375 5.9375 4.4375 4.4375 4.4375 2.875 2.875 1 1 1 0.1875 0.1875 0.375 0.375 0.375 1.0625 1.0625 1.75 1.75 1.75 2.5625 2.5625 2.75 2.75 2.75 2.625 2.625 2.875 2.875 2.875 2.875 2.875 1.875 1.875 1.875 1.1875 1.1875 0.875 0.875 0.875 0.5625 0.5625 0.625 0.625 0.625 0.4375 0.4375 0.625 0.625 0.625 0.4375 0.4375 0.375 0.375 0.375 0.125 0.125 0.125 0.125 0.125 0.1875 0.1875 0.125 0.125 0.125 0.1875 0.1875 0.25 0.25 0.25
1.625 1.625 0.1875 0.1875 0.1875 0 0 0 0 0 0.125 0.125 0.375 0.375 0.375 1.1875 1.1875 2.875 2.875 2.875 4.5 4.5 5.375 5.375 5.375 5.9375 5.9375 4.4375 4.4375 4.4375 2.875 2.875 1 1 1 0.1875 0.1875 0.375 0.375 0.375 1.0625 1.0625 1.75 1.75 1.75 2.5625 2.5625 2.75 2.75 2.75 2.625 2.625 2.875 2.875 2.875 2.875 2.875 1.875 1.875 1.875 1.1875 1.1875 0.875 0.875 0.875 0.5625 0.5625 0.625 0.625 0.625 0.4375 0.4375 0.625 0.625 0.625 0.4375 0.4375 0.375 0.375 0.375 0.125 0.125 0.125 0.125 0.125 0.1875 0.1875 0.125 0.125 0.125 0.1875 0.1875 0.25 0.25 0.25
1.625 1.625 0.1875 0.1875 0.1875 0 0 0 0 0 0.125 0.125 0.375 0.375 0.375 1.1875 1.1875 2.875 2.875 2.875 4.5 4.5 5.375 5.375 5.375 5.9375 5.9375 4.4375 4.4375 4.4375 2.875 2.875 1 1 1 0.1875 0.1875 0.375 0.375 0.375 1.0625 1.0625 1.75 1.75 1.75 2.5625 2.5625 2.75 2.75 2.75 2.625 2.625 2.875 2.875 2.875 2.875 2.875 1.875 1.875 1.875 1.1875 1.1875 0.875 0.875 0.875 0.5625 0.5625 0.625 0.625 0.625 0.4375 0.4375 0.625 0.625 0.625 0.4375 0.4375 0.375 0.375 0.375 0.125 0.125 0.125 0.125 0.125 0.1875 0.1875 0.125 0.125 0.125 0.1875 0.1875 0.25 0.25 0.25
1.5 1.5 0.75 0.75 0.75 0.0625 0.0625 0 0 0 0.3125 0.3125 0.9375 0.9375 0.9375 1.0625 1.0625 1.4375 1.4375 1.4375 3.875 3.875 6.5625 6.5625 6.5625 6.5625 6.5625 5.125 5.125 5.125 2.9375 2.9375 0.8125 0.8125 0.8125 0.5 0.5 1.125 1.125 1.125 2.125 2.125 2.25 2.25 2.25 2.375 2.375 2.625 2.625 2.625 3.25 3.25 2.8125 2.8125 2.8125 1.875 1.875 1.375 1.375 1.375 1.5625 1.5625 1.25 1.25 1.25 1.1875 1.1875 1.0625 1.0625 1.0625 0.8125 0.8125 0.5 0.5 0.5 0.125 0.125 0.125 0.125 0.125 0.0625 0.0625 0.125 0.125 0.125 0.125 0.125 0.0625 0.0625 0.0625 0.0625 0.0625 0 0 0
1.5 1.5 0.75 0.75 0.75 0.0625 0.0625 0 0 0 0.3125 0.3125 0.9375 0.9375 0.9375 1.0625 1.0625 1.4375 1.4375 1.4375 3.875 3.875 6.5625 6.5625 6.5625 6.5625 6.5625 5.125 5.125 5.125 2.9375 2.9375 0.8125 0.8125 0.8125 0.5 0.5 1.125 1.125 1.125 2.125 2.125 2.25 2.25 2.25 2.375 2.375 2.625 2.625 2.625 3.25 3.25 2.8125 2.8125 2.8125 1.875 1.875 1.375 1.375 1.375 1.5625 1.5625 1.25 1.25 1.25 1.1875 1.1875 1.0625 1.0625 1.0625 0.8125 0.8125 0.5 0.5 0.5 0.125 0.125 0.125 0.125 0.125 0.0625 0.0625 0.125 0.125 0.125 0.125 0.125 0.0625 0.0625 0.0625 0.0625 0.0625 0 0 0
3.3125 3.3125 1 1 1 0 0 0.0625 0.0625 0.0625 0.375 0.375 1 1 1 1.375 1.375 2.5 2.5 2.5 4.375 4.375 6.3125 6.3125 6.3125 6.25 6.25 5.75 5.75 5.75 3.3125 3.3125 1.6875 1.6875 1.6875 1.9375 1.9375 2.625 2.625 2.625 2.6875 2.6875 2.375 2.375 2.375 2.875 2.875 3.0625 3.0625 3.0625 3.625 3.625 3.25 3.25 3.25 2.125 2.125 1.875 1.875 1.875 1.5 1.5 1.4375 1.4375 1.4375 1.25 1.25 1.25 1.25 1.25 0.6875 0.6875 0.3125 0.3125 0.3125 0.5625 0.5625 0.4375 0.4375 0.4375 0.1875 0.1875 0.1875 0.1875 0.1875 0.0625 0.0625 0.0625 0.0625 0.0625 0 0 0 0 0
3.3125 3.3125 1 1 1 0 0 0.0625 0.0625 0.0625 0.375 0.375 1 1 1 1.375 1.375 2.5 2.5 2.5 4.375 4.375 6.3125 6.3125 6.3125 6.25 6.25 5.75 5.75 5.75 3.3125 3.3125 1.6875 1.6875 1.6875 1.9375 1.9375 2.625 2.625 2.625 2.6875 2.6875 2.375 2.375 2.375 2.875 2.875 3.0625 3.0625 3.0625 3.625 3.625 3.25 3.25 3.25 2.125 2.125 1.875 1.875 1.875 1.5 1.5 1.4375 1.4375 1.4375 1.25 1.25 1.25 1.25 1.25 0.6875 0.6875 0.3125 0.3125 0.3125 0.5625 0.5625 0.4375 0.4375 0.4375 0.1875 0.1875 0.1875 0.1875 0.1875 0.0625 0.0625 0.0625 0.0625 0.0625 0 0 0 0 0
3.3125 3.3125 1 1 1 0 0 0.0625 0.0625 0.0625 0.375 0.375 1 1 1 1.375 1.375 2.5 2.5 2.5 4.375 4.375 6.3125 6.3125 6.3125 6.25 6.25 5.75 5.75 5.75 3.3125 3.3125 1.6875 1.6875 1.6875 1.9375 1.9375 2.625 2.625 2.625 2.6875 2.6875 2.375 2.375 2.375 2.875 2.875 3.0625 3.0625 3.0625 3.625 3.625 3.25 3.25 3.25 2.125 2.125 1.875 1.875 1.875 1.5 1.5 1.4375 1.4375 1.4375 1.25 1.25 1.25 1.25 1.25 0.6875 0.6875 0.3125 0.3125 0.3125 0.5625 0.5625 0.4375 0.4375 0.4375 0.1875 0.1875 0.1875 0.1875 0.1875 0.0625 0.0625 0.0625 0.0625 0.0625 0 0 0 0 0
3.25 3.25 0.6875 0.6875 0.6875 0.375 0.375 0.3125 0.3125 0.3125 0.5625 0.5625 1.6875 1.6875 1.6875 2.5 2.5 3.6875 3.6875 3.6875 4.875 4.875 5.4375 5.4375 5.4375 5.4375 5.4375 7.3125 7.3125 7.3125 6.4375 6.4375 4.9375 4.9375 4.9375 4.6875 4.6875 4.4375 4.4375 4.4375 3.5625 3.5625 3.1875 3.1875 3.1875 3.0625 3.0625 3.5 3.5 3.5 4.4375 4.4375 4.125 4.125 4.125 3.1875 3.1875 2.4375 2.4375 2.4375 2.3125 2.3125 1.8125 1.8125 1.8125 1.375 1.375 1.3125 1.3125 1.3125 0.9375 0.9375 0.875 0.875 0.875 1 1 0.8125 0.8125 0.8125 0.75 0.75 0.5 0.5 0.5 0.1875 0.1875 0.125 0.125 0.125 0.0625 0.0625 0 0 0
3.25 3.25 0.6875 0.6875 0.6875 0.375 0.375 0.3125 0.3125 0.3125 0.5625 0.5625 1.6875 1.6875 1.6875 2.5 2.5 3.6875 3.6875 3.6875 4.875 4.875 5.4375 5.4375 5.4375 5.4375 5.4375 7.3125 7.3125 7.3125 6.4375 6.4375 4.9375 4.9375 4.9375 4.6875 4.6875 4.4375 4.4375 4.4375 3.5625 3.5625 3.1875 3.1875 3.1875 3.0625 3.0625 3.5 3.5 3.5 4.4375 4.4375 4.125 4.125 4.125 3.1875 3.1875 2.4375 2.4375 2.4375 2.3125 2.3125 1.8125 1.8125 1.8125 1.375 1.375 1.3125 1.3125 1.3125 0.9375 0.9375 0.875 0.875 0.875 1 1 0.8125 0.8125 0.8125 0.75 0.75 0.5 0.5 0.5 0.1875 0.1875 0.125 0.125 0.125 0.0625 0.0625 0 0 0
