Data/APCP/20200108.f087.apcp.gfs.pakistan.txt
ncols        169
nrows        134
xllcorner    60.900000000000
yllcorner    23.700000000000
cellsize     0.100000000000
NODATA_value  -9999
[rows 42 to 83 of 134, columns 0 to 94 of 169]
2.625 2.625 2.3125 2.3125 2.3125 2.125 2.125 1.1875 1.1875 1.1875 1.6875 1.6875 2.6875 2.6875 2.6875 3.25 3.25 4.125 4.125 4.125 5 5 5.3125 5.3125 5.3125 6.6875 6.6875 8.5 8.5 8.5 8.3125 8.3125 6.25 6.25 6.25 5.375 5.375 5 5 5 5.3125 5.3125 5 5 5 3.375 3.375 3.875 3.875 3.875 4.0625 4.0625 3.3125 3.3125 3.3125 2.75 2.75 3 3 3 3.375 3.375 2.75 2.75 2.75 1.9375 1.9375 1.75 1.75 1.75 1.5625 1.5625 1.125 1.125 1.125 1 1 0.875 0.875 0.875 0.75 0.75 0.5 0.5 0.5 0.6875 0.6875 0.625 0.625 0.625 0.25 0.25 0.0625 0.0625 0.0625
2.625 2.625 2.3125 2.3125 2.3125 2.125 2.125 1.1875 1.1875 1.1875 1.6875 1.6875 2.6875 2.6875 2.6875 3.25 3.25 4.125 4.125 4.125 5 5 5.3125 5.3125 5.3125 6.6875 6.6875 8.5 8.5 8.5 8.3125 8.3125 6.25 6.25 6.25 5.375 5.375 5 5 5 5.3125 5.3125 5 5 5 3.375 3.375 3.875 3.875 3.875 4.0625 4.0625 3.3125 3.3125 3.3125 2.75 2.75 3 3 3 3.375 3.375 2.75 2.75 2.75 1.9375 1.9375 1.75 1.75 1.75 1.5625 1.5625 1.125 1.125 1.125 1 1 0.875 0.875 0.875 0.75 0.75 0.5 0.5 0.5 0.6875 0.6875 0.625 0.625 0.625 0.25 0.25 0.0625 0.0625 0.0625
2.625 2.625 2.3125 2.3125 2.3125 2.125 2.125 1.1875 1.1875 1.1875 1.6875 1.6875 2.6875 2.6875 2.6875 3.25 3.25 4.125 4.125 4.125 5 5 5.3125 5.3125 5.3125 6.6875 6.6875 8.5 8.5 8.5 8.3125 8.3125 6.25 6.25 6.25 5.375 5.375 5 5 5 5.3125 5.3125 5 5 5 3.375 3.375 3.875 3.875 3.875 4.0625 4.0625 3.3125 3.3125 3.3125 2.75 2.75 3 3 3 3.375 3.375 2.75 2.75 2.75 1.9375 1.9375 1.75 1.75 1.75 1.5625 1.5625 1.125 1.125 1.125 1 1 0.875 0.875 0.875 0.75 0.75 0.5 0.5 0.5 0.6875 0.6875 0.625 0.625 0.625 0.25 0.25 0.0625 0.0625 0.0625
4.3125 4.3125 4.3125 4.3125 4.3125 3.5 3.5 3.25 3.25 3.25 3.75 3.75 4 4 4 6.375 6.375 8.75 8.75 8.75 8.5625 8.5625 9.0625 9.0625 9.0625 9.125 9.125 9.5 9.5 9.5 8.5 8.5 7 7 7 5.625 5.625 5.3125 5.3125 5.3125 5.6875 5.6875 5.5625 5.5625 5.5625 3.8125 3.8125 3.4375 3.4375 3.4375 3.1875 3.1875 3.625 3.625 3.625 4.6875 4.6875 4.4375 4.4375 4.4375 4 4 3.4375 3.4375 3.4375 2.625 2.625 2.625 2.625 2.625 1.9375 1.9375 1.4375 1.4375 1.4375 1.4375 1.4375 1.75 1.75 1.75 1.75 1.75 1.875 1.875 1.875 1.875 1.875 1.125 1.125 1.125 0.3125 0.3125 0.0625 0.0625 0.0625
4.3125 4.3125 4.3125 4.3125 4.3125 3.5 3.5 3.25 3.25 3.25 3.75 3.75 4 4 4 6.375 6.375 8.75 8.75 8.75 8.5625 8.5625 9.0625 9.0625 9.0625 9.125 9.125 9.5 9.5 9.5 8.5 8.5 7 7 7 5.625 5.625 5.3125 5.3125 5.3125 5.6875 5.6875 5.5625 5.5625 5.5625 3.8125 3.8125 3.4375 3.4375 3.4375 3.1875 3.1875 3.625 3.625 3.625 4.6875 4.6875 4.4375 4.4375 4.4375 4 4 3.4375 3.4375 3.4375 2.625 2.625 2.625 2.625 2.625 1.9375 1.9375 1.4375 1.4375 1.4375 1.4375 1.4375 1.75 1.75 1.75 1.75 1.75 1.875 1.875 1.875 1.875 1.875 1.125 1.125 1.125 0.3125 0.3125 0.0625 0.0625 0.0625
5.625 5.625 4.5 4.5 4.5 4.375 4.375 5.375 5.375 5.375 5.25 5.25 3.9375 3.9375 3.9375 5.5625 5.5625 7 7 7 6.8125 6.8125 8.25 8.25 8.25 8.125 8.125 6.75 6.75 6.75 6.1875 6.1875 5.625 5.625 5.625 4.8125 4.8125 4.8125 4.8125 4.8125 4.5625 4.5625 3.875 3.875 3.875 2.875 2.875 3.0625 3.0625 3.0625 3.75 3.75 4.375 4.375 4.375 5.8125 5.8125 5.875 5.875 5.875 5.25 5.25 4.1875 4.1875 4.1875 3.25 3.25 2.9375 2.9375 2.9375 2.25 2.25 1.4375 1.4375 1.4375 1.125 1.125 1.5625 1.5625 1.5625 1.1875 1.1875 0.6875 0.6875 0.6875 0.4375 0.4375 0.1875 0.1875 0.1875 0.0625 0.0625 0 0 0
5.625 5.625 4.5 4.5 4.5 4.375 4.375 5.375 5.375 5.375 5.25 5.25 3.9375 3.9375 3.9375 5.5625 5.5625 7 7 7 6.8125 6.8125 8.25 8.25 8.25 8.125 8.125 6.75 6.75 6.75 6.1875 6.1875 5.625 5.625 5.625 4.8125 4.8125 4.8125 4.8125 4.8125 4.5625 4.5625 3.875 3.875 3.875 2.875 2.875 3.0625 3.0625 3.0625 3.75 3.75 4.375 4.375 4.375 5.8125 5.8125 5.875 5.875 5.875 5.25 5.25 4.1875 4.1875 4.1875 3.25 3.25 2.9375 2.9375 2.9375 2.25 2.25 1.4375 1.4375 1.4375 1.125 1.125 1.5625 1.5625 1.5625 1.1875 1.1875 0.6875 0.6875 0.6875 0.4375 0.4375 0.1875 0.1875 0.1875 0.0625 0.0625 0 0 0
5.625 5.625 4.5 4.5 4.5 4.375 4.375 5.375 5.375 5.375 5.25 5.25 3.9375 3.9375 3.9375 5.5625 5.5625 7 7 7 6.8125 6.8125 8.25 8.25 8.25 8.125 8.125 6.75 6.75 6.75 6.1875 6.1875 5.625 5.625 5.625 4.8125 4.8125 4.8125 4.8125 4.8125 4.5625 4.5625 3.875 3.875 3.875 2.875 2.875 3.0625 3.0625 3.0625 3.75 3.75 4.375 4.375 4.375 5.8125 5.8125 5.875 5.875 5.875 5.25 5.25 4.1875 4.1875 4.1875 3.25 3.25 2.9375 2.9375 2.9375 2.25 2.25 1.4375 1.4375 1.4375 1.125 1.125 1.5625 1.5625 1.5625 1.1875 1.1875 0.6875 0.6875 0.6875 0.4375 0.4375 0.1875 0.1875 0.1875 0.0625 0.0625 0 0 0
4.25 4.25 5.0625 5.0625 5.0625 5.4375 5.4375 5.25 5.25 5.25 4.125 4.125 3.0625 3.0625 3.0625 3.375 3.375 3.9375 3.9375 3.9375 5.6875 5.6875 7.75 7.75 7.75 8.4375 8.4375 7.1875 7.1875 7.1875 6.1875 6.1875 5.8125 5.8125 5.8125 5.375 5.375 5.0625 5.0625 5.0625 4.8125 4.8125 5.6875 5.6875 5.6875 5.625 5.625 5 5 5 4.375 4.375 4.6875 4.6875 4.6875 6.5625 6.5625 7.25 7.25 7.25 6.9375 6.9375 6.875 6.875 6.875 5.8125 5.8125 4.5 4.5 4.5 3.5625 3.5625 2.3125 2.3125 2.3125 1.375 1.375 1.1875 1.1875 1.1875 1.0625 1.0625 0.3125 0.3125 0.3125 0.0625 0.0625 0.0625 0.0625 0.0625 0.0625 0.0625 0 0 0
4.25 4.25 5.0625 5.0625 5.0625 5.4375 5.4375 5.25 5.25 5.25 4.125 4.125 3.0625 3.0625 3.0625 3.375 3.375 3.9375 3.9375 3.9375 5.6875 5.6875 7.75 7.75 7.75 8.4375 8.4375 7.1875 7.1875 7.1875 6.1875 6.1875 5.8125 5.8125 5.8125 5.375 5.375 5.0625 5.0625 5.0625 4.8125 4.8125 5.6875 5.6875 5.6875 5.625 5.625 5 5 5 4.375 4.375 4.6875 4.6875 4.6875 6.5625 6.5625 7.25 7.25 7.25 6.9375 6.9375 6.875 6.875 6.875 5.8125 5.8125 4.5 4.5 4.5 3.5625 3.5625 2.3125 2.3125 2.3125 1.375 1.375 1.1875 1.1875 1.1875 1.0625 1.0625 0.3125 0.3125 0.3125 0.0625 0.0625 0.0625 0.0625 0.0625 0.0625 0.0625 0 0 0
5.0625 5.0625 5.5625 5.5625 5.5625 3.125 3.125 2.125 2.125 2.125 2.375 2.375 3 3 3 3.375 3.375 4.25 4.25 4.25 6.1875 6.1875 8.0625 8.0625 8.0625 9 9 8.75 8.75 8.75 8.0625 8.0625 7.75 7.75 7.75 6.8125 6.8125 6.1875 6.1875 6.1875 6.1875 6.1875 7.875 7.875 7.875 6.9375 6.9375 5.375 5.375 5.375 5.375 5.375 6.3125 6.3125 6.3125 7.0625 7.0625 7.75 7.75 7.75 8.125 8.125 8.75 8.75 8.75 8.0625 8.0625 6.9375 6.9375 6.9375 5.5 5.5 4.1875 4.1875 4.1875 3.3125 3.3125 2.5 2.5 2.5 1.6875 1.6875 0.8125 0.8125 0.8125 0.375 0.375 0.4375 0.4375 0.4375 0.3125 0.3125 0 0 0
5.0625 5.0625 5.5625 5.5625 5.5625 3.125 3.125 2.125 2.125 2.125 2.375 2.375 3 3 3 3.375 3.375 4.25 4.25 4.25 6.1875 6.1875 8.0625 8.0625 8.0625 9 9 8.75 8.75 8.75 8.0625 8.0625 7.75 7.75 7.75 6.8125 6.8125 6.1875 6.1875 6.1875 6.1875 6.1875 7.875 7.875 7.875 6.9375 6.9375 5.375 5.375 5.375 5.375 5.375 6.3125 6.3125 6.3125 7.0625 7.0625 7.75 7.75 7.75 8.125 8.125 8.75 8.75 8.75 8.0625 8.0625 6.9375 6.9375 6.9375 5.5 5.5 4.1875 4.1875 4.1875 3.3125 3.3125 2.5 2.5 2.5 1.6875 1.6875 0.8125 0.8125 0.8125 0.375 0.375 0.4375 0.4375 0.4375 0.3125 0.3125 0 0 0
5.0625 5.0625 5.5625 5.5625 5.5625 3.125 3.125 2.125 2.125 2.125 2.375 2.375 3 3 3 3.375 3.375 4.25 4.25 4.25 6.1875 6.1875 8.0625 8.0625 8.0625 9 9 8.75 8.75 8.75 8.0625 8.0625 7.75 7.75 7.75 6.8125 6.8125 6.1875 6.1875 6.1875 6.1875 6.1875 7.875 7.875 7.875 6.9375 6.9375 5.375 5.375 5.375 5.375 5.375 6.3125 6.3125 6.3125 7.0625 7.0625 7.75 7.75 7.75 8.125 8.125 8.75 8.75 8.75 8.0625 8.0625 6.9375 6.9375 6.9375 5.5 5.5 4.1875 4.1875 4.1875 3.3125 3.3125 2.5 2.5 2.5 1.6875 1.6875 0.8125 0.8125 0.8125 0.375 0.375 0.4375 0.4375 0.4375 0.3125 0.3125 0 0 0
4.125 4.125 2.875 2.875 2.875 0.75 0.75 0.6875 0.6875 0.6875 1.5625 1.5625 3.1875 3.1875 3.1875 4.6875 4.6875 5.6875 5.6875 5.6875 7.875 7.875 9.75 9.75 9.75 11.5625 11.5625 12.6875 12.6875 12.6875 12.875 12.875 11.0625 11.0625 11.0625 8.8125 8.8125 8.6875 8.6875 8.6875 8.875 8.875 8.375 8.375 8.375 7.375 7.375 6.3125 6.3125 6.3125 6 6 5.8125 5.8125 5.8125 6.5 6.5 7.625 7.625 7.625 7.625 7.625 7.9375 7.9375 7.9375 7.3125 7.3125 6.4375 6.4375 6.4375 5.375 5.375 3.5 3.5 3.5 3.375 3.375 3.4375 3.4375 3.4375 2.4375 2.4375 1.125 1.125 1.125 0.4375 0.4375 0.5 0.5 0.5 0.3125 0.3125 0 0 0
4.125 4.125 2.875 2.875 2.875 0.75 0.75 0.6875 0.6875 0.6875 1.5625 1.5625 3.1875 3.1875 3.1875 4.6875 4.6875 5.6875 5.6875 5.6875 7.875 7.875 9.75 9.75 9.75 11.5625 11.5625 12.6875 12.6875 12.6875 12.875 12.875 11.0625 11.0625 11.0625 8.8125 8.8125 8.6875 8.6875 8.6875 8.875 8.875 8.375 8.375 8.375 7.375 7.375 6.3125 6.3125 6.3125 6 6 5.8125 5.8125 5.8125 6.5 6.5 7.625 7.625 7.625 7.625 7.625 7.9375 7.9375 7.9375 7.3125 7.3125 6.4375 6.4375 6.4375 5.375 5.375 3.5 3.5 3.5 3.375 3.375 3.4375 3.4375 3.4375 2.4375 2.4375 1.125 1.125 1.125 0.4375 0.4375 0.5 0.5 0.5 0.3125 0.3125 0 0 0
1.5625 1.5625 0.6875 0.6875 0.6875 0.1875 0.1875 0.375 0.375 0.375 1.1875 1.1875 2.5 2.5 2.5 4.125 4.125 6.25 6.25 6.25 8.3125 8.3125 9.125 9.125 9.125 10.375 10.375 12.375 12.375 12.375 13.875 13.875 13.0625 13.0625 13.0625 11.8125 11.8125 10.75 10.75 10.75 9.75 9.75 9.125 9.125 9.125 8.9375 8.9375 8 8 8 7.3125 7.3125 6.1875 6.1875 6.1875 5.8125 5.8125 6.375 6.375 6.375 6 6 5.8125 5.8125 5.8125 5.4375 5.4375 4.25 4.25 4.25 2.5625 2.5625 1.75 1.75 1.75 2.3125 2.3125 2.3125 2.3125 2.3125 1.5 1.5 0.8125 0.8125 0.8125 0.75 0.75 0.5 0.5 0.5 0.25 0.25 0.0625 0.0625 0.0625
1.5625 1.5625 0.6875 0.6875 0.6875 0.1875 0.1875 0.375 0.375 0.375 1.1875 1.1875 2.5 2.5 2.5 4.125 4.125 6.25 6.25 6.25 8.3125 8.3125 9.125 9.125 9.125 10.375 10.375 12.375 12.375 12.375 13.875 13.875 13.0625 13.0625 13.0625 11.8125 11.8125 10.75 10.75 10.75 9.75 9.75 9.125 9.125 9.125 8.9375 8.9375 8 8 8 7.3125 7.3125 6.1875 6.1875 6.1875 5.8125 5.8125 6.375 6.375 6.375 6 6 5.8125 5.8125 5.8125 5.4375 5.4375 4.25 4.25 4.25 2.5625 2.5625 1.75 1.75 1.75 2.3125 2.3125 2.3125 2.3125 2.3125 1.5 1.5 0.8125 0.8125 0.8125 0.75 0.75 0.5 0.5 0.5 0.25 0.25 0.0625 0.0625 0.0625
1.5625 1.5625 0.6875 0.6875 0.6875 0.1875 0.1875 0.375 0.375 0.375 1.1875 1.1875 2.5 2.5 2.5 4.125 4.125 6.25 6.25 6.25 8.3125 8.3125 9.125 9.125 9.125 10.375 10.375 12.375 12.375 12.375 13.875 13.875 13.0625 13.0625 13.0625 11.8125 11.8125 10.75 10.75 10.75 9.75 9.75 9.125 9.125 9.125 8.9375 8.9375 8 8 8 7.3125 7.3125 6.1875 6.1875 6.1875 5.8125 5.8125 6.375 6.375 6.375 6 6 5.8125 5.8125 5.8125 5.4375 5.4375 4.25 4.25 4.25 2.5625 2.5625 1.75 1.75 1.75 2.3125 2.3125 2.3125 2.3125 2.3125 1.5 1.5 0.8125 0.8125 0.8125 0.75 0.75 0.5 0.5 0.5 0.25 0.25 0.0625 0.0625 0.0625
0.5625 0.5625 0.1875 0.1875 0.1875 0.0625 0.0625 0.1875 0.1875 0.1875 0.875 0.875 1.875 1.875 1.875 3.5 3.5 5.5625 5.5625 5.5625 6.4375 6.4375 7.125 7.125 7.125 8.6875 8.6875 10.375 10.375 10.375 10.875 10.875 10.6875 10.6875 10.6875 11.25 11.25 12.125 12.125 12.125 11.5 11.5 10.5625 10.5625 10.5625 8.4375 8.4375 7.375 7.375 7.375 7.1875 7.1875 6.4375 6.4375 6.4375 5.8125 5.8125 5.625 5.625 5.625 6.0625 6.0625 7.0625 7.0625 7.0625 6.75 6.75 4.75 4.75 4.75 2.375 2.375 1.75 1.75 1.75 1.875 1.875 1.25 1.25 1.25 1.0625 1.0625 1.4375 1.4375 1.4375 1.5 1.5 0.75 0.75 0.75 0.25 0.25 0.0625 0.0625 0.0625
0.5625 0.5625 0.1875 0.1875 0.1875 0.0625 0.0625 0.1875 0.1875 0.1875 0.875 0.875 1.875 1.875 1.875 3.5 3.5 5.5625 5.5625 5.5625 6.4375 6.4375 7.125 7.125 7.125 8.6875 8.6875 10.375 10.375 10.375 10.875 10.875 10.6875 10.6875 10.6875 11.25 11.25 12.125 12.125 12.125 11.5 11.5 10.5625 10.5625 10.5625 8.4375 8.4375 7.375 7.375 7.375 7.1875 7.1875 6.4375 6.4375 6.4375 5.8125 5.8125 5.625 5.625 5.625 6.0625 6.0625 7.0625 7.0625 7.0625 6.75 6.75 4.75 4.75 4.75 2.375 2.375 1.75 1.75 1.75 1.875 1.875 1.25 1.25 1.25 1.0625 1.0625 1.4375 1.4375 1.4375 1.5 1.5 0.75 0.75 0.75 0.25 0.25 0.0625 0.0625 0.0625
0.0625 0.0625 0.0625 0.0625 0.0625 0.25 0.25 1 1 1 2.25 2.25 3.1875 3.1875 3.1875 5 5 6.8125 6.8125 6.8125 7.375 7.375 8.0625 8.0625 8.0625 8.4375 8.4375 8.375 8.375 8.375 9.1875 9.1875 9.0625 9.0625 9.0625 8.8125 8.8125 9.5 9.5 9.5 9.6875 9.6875 9.625 9.625 9.625 6.625 6.625 5.875 5.875 5.875 6.125 6.125 5.9375 5.9375 5.9375 6.5 6.5 5.875 5.875 5.875 6.75 6.75 7.8125 7.8125 7.8125 7.375 7.375 5.875 5.875 5.875 3.9375 3.9375 2 2 2 1.4375 1.4375 1.4375 1.4375 1.4375 1.6875 1.6875 1.75 1.75 1.75 1.3125 1.3125 0.625 0.625 0.625 0.25 0.25 0.0625 0.0625 0.0625
0.0625 0.0625 0.0625 0.0625 0.0625 0.25 0.25 1 1 1 2.25 2.25 3.1875 3.1875 3.1875 5 5 6.8125 6.8125 6.8125 7.375 7.375 8.0625 8.0625 8.0625 8.4375 8.4375 8.375 8.375 8.375 9.1875 9.1875 9.0625 9.0625 9.0625 8.8125 8.8125 9.5 9.5 9.5 9.6875 9.6875 9.625 9.625 9.625 6.625 6.625 5.875 5.875 5.875 6.125 6.125 5.9375 5.9375 5.9375 6.5 6.5 5.875 5.875 5.875 6.75 6.75 7.8125 7.8125 7.8125 7.375 7.375 5.875 5.875 5.875 3.9375 3.9375 2 2 2 1.4375 1.4375 1.4375 1.4375 1.4375 1.6875 1.6875 1.75 1.75 1.75 1.3125 1.3125 0.625 0.625 0.625 0.25 0.25 0.0625 0.0625 0.0625
0.0625 0.0625 0.0625 0.0625 0.0625 0.25 0.25 1 1 1 2.25 2.25 3.1875 3.1875 3.1875 5 5 6.8125 6.8125 6.8125 7.375 7.375 8.0625 8.0625 8.0625 8.4375 8.4375 8.375 8.375 8.375 9.1875 9.1875 9.0625 9.0625 9.0625 8.8125 8.8125 9.5 9.5 9.5 9.6875 9.6875 9.625 9.625 9.625 6.625 6.625 5.875 5.875 5.875 6.125 6.125 5.9375 5.9375 5.9375 6.5 6.5 5.875 5.875 5.875 6.75 6.75 7.8125 7.8125 7.8125 7.375 7.375 5.875 5.875 5.875 3.9375 3.9375 2 2 2 1.4375 1.4375 1.4375 1.4375 1.4375 1.6875 1.6875 1.75 1.75 1.75 1.3125 1.3125 0.625 0.625 0.625 0.25 0.25 0.0625 0.0625 0.0625
0.0625 0.0625 0.1875 0.1875 0.1875 0.6875 0.6875 2.1875 2.1875 2.1875 3.625 3.625 4.4375 4.4375 4.4375 5.25 5.25 6.4375 6.4375 6.4375 7.375 7.375 7.1875 7.1875 7.1875 7.1875 7.1875 8.25 8.25 8.25 9.5625 9.5625 10.25 10.25 10.25 9.1875 9.1875 8.0625 8.0625 8.0625 6.9375 6.9375 7.375 7.375 7.375 6.125 6.125 5.5 5.5 5.5 5.9375 5.9375 6.3125 6.3125 6.3125 6.625 6.625 5.75 5.75 5.75 6.1875 6.1875 6.75 6.75 6.75 6.6875 6.6875 6.6875 6.6875 6.6875 6.875 6.875 5.5 5.5 5.5 3.375 3.375 2.375 2.375 2.375 1.6875 1.6875 1.125 1.125 1.125 0.75 0.75 0.5 0.5 0.5 0.25 0.25 0.0625 0.0625 0.0625
0.0625 0.0625 0.1875 0.1875 0.1875 0.6875 0.6875 2.1875 2.1875 2.1875 3.625 3.625 4.4375 4.4375 4.4375 5.25 5.25 6.4375 6.4375 6.4375 7.375 7.375 7.1875 7.1875 7.1875 7.1875 7.1875 8.25 8.25 8.25 9.5625 9.5625 10.25 10.25 10.25 9.1875 9.1875 8.0625 8.0625 8.0625 6.9375 6.9375 7.375 7.375 7.375 6.125 6.125 5.5 5.5 5.5 5.9375 5.9375 6.3125 6.3125 6.3125 6.625 6.625 5.75 5.75 5.75 6.1875 6.1875 6.75 6.75 6.75 6.6875 6.6875 6.6875 6.6875 6.6875 6.875 6.875 5.5 5.5 5.5 3.375 3.375 2.375 2.375 2.375 1.6875 1.6875 1.125 1.125 1.125 0.75 0.75 0.5 0.5 0.5 0.25 0.25 0.0625 0.0625 0.0625
0.0625 0.0625 0.0625 0.0625 0.0625 0.75 0.75 2.75 2.75 2.75 4.3125 4.3125 6.125 6.125 6.125 6.8125 6.8125 6.3125 6.3125 6.3125 6.4375 6.4375 6.875 6.875 6.875 7.125 7.125 6.125 6.125 6.125 6.125 6.125 9.25 9.25 9.25 10.125 10.125 7.5625 7.5625 7.5625 5.8125 5.8125 6.125 6.125 6.125 6.125 6.125 6.125 6.125 6.125 6.75 6.75 7.25 7.25 7.25 6.875 6.875 5.4375 5.4375 5.4375 5 5 5.4375 5.4375 5.4375 4.875 4.875 5 5 5 6.25 6.25 6.0625 6.0625 6.0625 4.375 4.375 2.375 2.375 2.375 1.0625 1.0625 0.5 0.5 0.5 0.375 0.375 0.375 0.375 0.375 0.3125 0.3125 0.0625 0.0625 0.0625
0.0625 0.0625 0.0625 0.0625 0.0625 0.75 0.75 2.75 2.75 2.75 4.3125 4.3125 6.125 6.125 6.125 6.8125 6.8125 6.3125 6.3125 6.3125 6.4375 6.4375 6.875 6.875 6.875 7.125 7.125 6.125 6.125 6.125 6.125 6.125 9.25 9.25 9.25 10.125 10.125 7.5625 7.5625 7.5625 5.8125 5.8125 6.125 6.125 6.125 6.125 6.125 6.125 6.125 6.125 6.75 6.75 7.25 7.25 7.25 6.875 6.875 5.4375 5.4375 5.4375 5 5 5.4375 5.4375 5.4375 4.875 4.875 5 5 5 6.25 6.25 6.0625 6.0625 6.0625 4.375 4.375 2.375 2.375 2.375 1.0625 1.0625 0.5 0.5 0.5 0.375 0.375 0.375 0.375 0.375 0.3125 0.3125 0.0625 0.0625 0.0625
0.0625 0.0625 0.0625 0.0625 0.0625 0.75 0.75 2.75 2.75 2.75 4.3125 4.3125 6.125 6.125 6.125 6.8125 6.8125 6.3125 6.3125 6.3125 6.4375 6.4375 6.875 6.875 6.875 7.125 7.125 6.125 6.125 6.125 6.125 6.125 9.25 9.25 9.25 10.125 10.125 7.5625 7.5625 7.5625 5.8125 5.8125 6.125 6.125 6.125 6.125 6.125 6.125 6.125 6.125 6.75 6.75 7.25 7.25 7.25 6.875 6.875 5.4375 5.4375 5.4375 5 5 5.4375 5.4375 5.4375 4.875 4.875 5 5 5 6.25 6.25 6.0625 6.0625 6.0625 4.375 4.375 2.375 2.375 2.375 1.0625 1.0625 0.5 0.5 0.5 0.375 0.375 0.375 0.375 0.375 0.3125 0.3125 0.0625 0.0625 0.0625
0 0 0.125 0.125 0.125 1 1 2.9375 2.9375 2.9375 3.6875 3.6875 4.8125 4.8125 4.8125 4.9375 4.9375 3.3125 3.3125 3.3125 2.5625 2.5625 2.5625 2.5625 2.5625 1.875 1.875 1.125 1.125 1.125 1 1 2.4375 2.4375 2.4375 4.875 4.875 5.9375 5.9375 5.9375 5.9375 5.9375 6 6 6 6.6875 6.6875 6.4375 6.4375 6.4375 6.5 6.5 7.125 7.125 7.125 6.5625 6.5625 5.125 5.125 5.125 3.875 3.875 3.1875 3.1875 3.1875 2.0625 2.0625 1.25 1.25 1.25 1.25 1.25 1.5 1.5 1.5 1.25 1.25 0.4375 0.4375 0.4375 0.125 0.125 0.0625 0.0625 0.0625 0.125 0.125 0.1875 0.1875 0.1875 0.1875 0.1875 0 0 0
0 0 0.125 0.125 0.125 1 1 2.9375 2.9375 2.9375 3.6875 3.6875 4.8125 4.8125 4.8125 4.9375 4.9375 3.3125 3.3125 3.3125 2.5625 2.5625 2.5625 2.5625 2.5625 1.875 1.875 1.125 1.125 1.125 1 1 2.4375 2.4375 2.4375 4.875 4.875 5.9375 5.9375 5.9375 5.9375 5.9375 6 6 6 6.6875 6.6875 6.4375 6.4375 6.4375 6.5 6.5 7.125 7.125 7.125 6.5625 6.5625 5.125 5.125 5.125 3.875 3.875 3.1875 3.1875 3.1875 2.0625 2.0625 1.25 1.25 1.25 1.25 1.25 1.5 1.5 1.5 1.25 1.25 0.4375 0.4375 0.4375 0.125 0.125 0.0625 0.0625 0.0625 0.125 0.125 0.1875 0.1875 0.1875 0.1875 0.1875 0 0 0
0.75 0.75 1.4375 1.4375 1.4375 2 2 2.5625 2.5625 2.5625 1.9375 1.9375 1.375 1.375 1.375 1.1875 1.1875 0.875 0.875 0.875 0.8125 0.8125 0.625 0.625 0.625 0.5 0.5 0.5 0.5 0.5 0.4375 0.4375 0.5625 0.5625 0.5625 1.1875 1.1875 2.1875 2.1875 2.1875 3.4375 3.4375 4.5 4.5 4.5 5.75 5.75 6.0625 6.0625 6.0625 5.625 5.625 6.1875 6.1875 6.1875 6.8125 6.8125 5.6875 5.6875 5.6875 3.9375 3.9375 1.8125 1.8125 1.8125 0.4375 0.4375 0.0625 0.0625 0.0625 0 0 0.0625 0.0625 0.0625 0.0625 0.0625 0 0 0 0 0 0 0 0 0 0 0 0 0 0 0 0 0 0
0.75 0.75 1.4375 1.4375 1.4375 2 2 2.5625 2.5625 2.5625 1.9375 1.9375 1.375 1.375 1.375 1.1875 1.1875 0.875 0.875 0.875 0.8125 0.8125 0.625 0.625 0.625 0.5 0.5 0.5 0.5 0.5 0.4375 0.4375 0.5625 0.5625 0.5625 1.1875 1.1875 2.1875 2.1875 2.1875 3.4375 3.4375 4.5 4.5 4.5 5.75 5.75 6.0625 6.0625 6.0625 5.625 5.625 6.1875 6.1875 6.1875 6.8125 6.8125 5.6875 5.6875 5.6875 3.9375 3.9375 1.8125 1.8125 1.8125 0.4375 0.4375 0.0625 0.0625 0.0625 0 0 0.0625 0.0625 0.0625 0.0625 0.0625 0 0 0 0 0 0 0 0 0 0 0 0 0 0 0 0 0 0
0.75 0.75 1.4375 1.4375 1.4375 2 2 2.5625 2.5625 2.5625 1.9375 1.9375 1.375 1.375 1.375 1.1875 1.1875 0.875 0.875 0.875 0.8125 0.8125 0.625 0.625 0.625 0.5 0.5 0.5 0.5 0.5 0.4375 0.4375 0.5625 0.5625 0.5625 1.1875 1.1875 2.1875 2.1875 2.1875 3.4375 3.4375 4.5 4.5 4.5 5.75 5.75 6.0625 6.0625 6.0625 5.625 5.625 6.1875 6.1875 6.1875 6.8125 6.8125 5.6875 5.6875 5.6875 3.9375 3.9375 1.8125 1.8125 1.8125 0.4375 0.4375 0.0625 0.0625 0.0625 0 0 0.0625 0.0625 0.0625 0.0625 0.0625 0 0 0 0 0 0 0 0 0 0 0 0 0 0 0 0 0 0
3.875 3.875 5.75 5.75 5.75 5.125 5.125 3.9375 3.9375 3.9375 2.75 2.75 1.6875 1.6875 1.6875 1.25 1.25 1.1875 1.1875 1.1875 1.5 1.5 1.8125 1.8125 1.8125 2.375 2.375 2.625 2.625 2.625 2.625 2.625 2.4375 2.4375 2.4375 2.3125 2.3125 2.25 2.25 2.25 2.75 2.75 3.375 3.375 3.375 4.25 4.25 4.75 4.75 4.75 4.625 4.625 5.3125 5.3125 5.3125 5.3125 5.3125 3.9375 3.9375 3.9375 2.25 2.25 0.625 0.625 0.625 0.0625 0.0625 0 0 0 0 0 0 0 0 0 0 0 0 0 0 0 0 0 0 0 0 0 0 0 0 0 0 0 0
3.875 3.875 5.75 5.75 5.75 5.125 5.125 3.9375 3.9375 3.9375 2.75 2.75 1.6875 1.6875 1.6875 1.25 1.25 1.1875 1.1875 1.1875 1.5 1.5 1.8125 1.8125 1.8125 2.375 2.375 2.625 2.625 2.625 2.625 2.625 2.4375 2.4375 2.4375 2.3125 2.3125 2.25 2.25 2.25 2.75 2.75 3.375 3.375 3.375 4.25 4.25 4.75 4.75 4.75 4.625 4.625 5.3125 5.3125 5.3125 5.3125 5.3125 3.9375 3.9375 3.9375 2.25 2.25 0.625 0.625 0.625 0.0625 0.0625 0 0 0 0 0 0 0 0 0 0 0 0 0 0 0 0 0 0 0 0 0 0 0 0 0 0 0 0
8.75 8.75 8.375 8.375 8.375 7.4375 7.4375 7.5625 7.5625 7.5625 5.9375 5.9375 4 4 4 4.1875 4.1875 4.1875 4.1875 4.1875 4.0625 4.0625 2.875 2.875 2.875 2.5 2.5 2.6875 2.6875 2.6875 3.0625 3.0625 3.1875 3.1875 3.1875 2.875 2.875 2.625 2.625 2.625 3.5625 3.5625 4.125 4.125 4.125 4.0625 4.0625 3.5 3.5 3.5 2.875 2.875 2.3125 2.3125 2.3125 1.875 1.875 1.3125 1.3125 1.3125 0.9375 0.9375 0.375 0.375 0.375 0 0 0 0 0 0 0 0 0 0 0 0 0 0 0 0 0 0 0 0 0 0 0 0 0 0 0 0 0 0
8.75 8.75 8.375 8.375 8.375 7.4375 7.4375 7.5625 7.5625 7.5625 5.9375 5.9375 4 4 4 4.1875 4.1875 4.1875 4.1875 4.1875 4.0625 4.0625 2.875 2.875 2.875 2.5 2.5 2.6875 2.6875 2.6875 3.0625 3.0625 3.1875 3.1875 3.1875 2.875 2.875 2.625 2.625 2.625 3.5625 3.5625 4.125 4.125 4.125 4.0625 4.0625 3.5 3.5 3.5 2.875 2.875 2.3125 2.3125 2.3125 1.875 1.875 1.3125 1.3125 1.3125 0.9375 0.9375 0.375 0.375 0.375 0 0 0 0 0 0 0 0 0 0 0 0 0 0 0 0 0 0 0 0 0 0 0 0 0 0 0 0 0 0
8.75 8.75 8.375 8.375 8.375 7.4375 7.4375 7.5625 7.5625 7.5625 5.9375 5.9375 4 4 4 4.1875 4.1875 4.1875 4.1875 4.1875 4.0625 4.0625 2.875 2.875 2.875 2.5 2.5 2.6875 2.6875 2.6875 3.0625 3.0625 3.1875 3.1875 3.1875 2.875 2.875 2.625 2.625 2.625 3.5625 3.5625 4.125 4.125 4.125 4.0625 4.0625 3.5 3.5 3.5 2.875 2.875 2.3125 2.3125 2.3125 1.875 1.875 1.3125 1.3125 1.3125 0.9375 0.9375 0.375 0.375 0.375 0 0 0 0 0 0 0 0 0 0 0 0 0 0 0 0 0 0 0 0 0 0 0 0 0 0 0 0 0 0
11.875 11.875 8.5625 8.5625 8.5625 7.0625 7.0625 7.5625 7.5625 7.5625 5.9375 5.9375 5.625 5.625 5.625 6.0625 6.0625 5.0625 5.0625 5.0625 3.375 3.375 1.375 1.375 1.375 0.875 0.875 1.125 1.125 1.125 1.5625 1.5625 1.9375 1.9375 1.9375 2.0625 2.0625 2.4375 2.4375 2.4375 3.9375 3.9375 5.0625 5.0625 5.0625 3.375 3.375 1.4375 1.4375 1.4375 0.5 0.5 0.375 0.375 0.375 0.4375 0.4375 0.5 0.5 0.5 0.4375 0.4375 0.125 0.125 0.125 0 0 0 0 0 0 0 0 0 0 0 0 0 0 0 0 0 0 0 0 0 0 0 0 0 0 0 0 0 0
11.875 11.875 8.5625 8.5625 8.5625 7.0625 7.0625 7.5625 7.5625 7.5625 5.9375 5.9375 5.625 5.625 5.625 6.0625 6.0625 5.0625 5.0625 5.0625 3.375 3.375 1.375 1.375 1.375 0.875 0.875 1.125 1.125 1.125 1.5625 1.5625 1.9375 1.9375 1.9375 2.0625 2.0625 2.4375 2.4375 2.4375 3.9375 3.9375 5.0625 5.0625 5.0625 3.375 3.375 1.4375 1.4375 1.4375 0.5 0.5 0.375 0.375 0.375 0.4375 0.4375 0.5 0.5 0.5 0.4375 0.4375 0.125 0.125 0.125 0 0 0 0 0 0 0 0 0 0 0 0 0 0 0 0 0 0 0 0 0 0 0 0 0 0 0 0 0 0
13.625 13.625 12.25 12.25 12.25 12.3125 12.3125 8 8 8 5.125 5.125 6.8125 6.8125 6.8125 7.1875 7.1875 4.1875 4.1875 4.1875 1.75 1.75 0.5 0.5 0.5 0.1875 0.1875 0.4375 0.4375 0.4375 1 1 1.3125 1.3125 1.3125 1.1875 1.1875 1.5 1.5 1.5 1.9375 1.9375 2.375 2.375 2.375 1.0625 1.0625 0.1875 0.1875 0.1875 0 0 0 0 0 0.125 0.125 0.125 0.125 0.125 0.0625 0.0625 0 0 0 0 0 0 0 0 0 0 0 0 0 0 0 0 0 0 0 0 0 0 0 0 0 0 0 0 0 0 0 0 0
13.625 13.625 12.25 12.25 12.25 12.3125 12.3125 8 8 8 5.125 5.125 6.8125 6.8125 6.8125 7.1875 7.1875 4.1875 4.1875 4.1875 1.75 1.75 0.5 0.5 0.5 0.1875 0.1875 0.4375 0.4375 0.4375 1 1 1.3125 1.3125 1.3125 1.1875 1.1875 1.5 1.5 1.5 1.9375 1.9375 2.375 2.375 2.375 1.0625 1.0625 0.1875 0.1875 0.1875 0 0 0 0 0 0.125 0.125 0.125 0.125 0.125 0.0625 0.0625 0 0 0 0 0 0 0 0 0 0 0 0 0 0 0 0 0 0 0 0 0 0 0 0 0 0 0 0 0 0 0 0 0
