Data/APCP/20200108.f084.apcp.gfs.pakistan.txt
ncols        169
nrows        134
xllcorner    60.900000000000
yllcorner    23.700000000000
cellsize     0.100000000000
NODATA_value  -9999
[rows 0 to 40 of 134, columns 0 to 91 of 169]
3.75 3.75 2.5 2.5 2.5 1.8125 1.8125 1.625 1.625 1.625 1.125 1.125 0.5 0.5 0.5 0.1875 0.1875 0.125 0.125 0.125 0 0 0 0 0 0.25 0.25 0.4375 0.4375 0.4375 1.4375 1.4375 1.5 1.5 1.5 0.9375 0.9375 0.5 0.5 0.5 0.0625 0.0625 0 0 0 0 0 0.0625 0.0625 0.0625 0.0625 0.0625 0.0625 0.0625 0.0625 0.0625 0.0625 0 0 0 0 0 0 0 0 0 0 0 0 0 0 0 0 0 0 0 0 0 0 0 0 0 0 0 0 0 0 0.0625 0.0625 0.0625 0.125 0.125
3.75 3.75 2.5 2.5 2.5 1.8125 1.8125 1.625 1.625 1.625 1.125 1.125 0.5 0.5 0.5 0.1875 0.1875 0.125 0.125 0.125 0 0 0 0 0 0.25 0.25 0.4375 0.4375 0.4375 1.4375 1.4375 1.5 1.5 1.5 0.9375 0.9375 0.5 0.5 0.5 0.0625 0.0625 0 0 0 0 0 0.0625 0.0625 0.0625 0.0625 0.0625 0.0625 0.0625 0.0625 0.0625 0.0625 0 0 0 0 0 0 0 0 0 0 0 0 0 0 0 0 0 0 0 0 0 0 0 0 0 0 0 0 0 0 0.0625 0.0625 0.0625 0.125 0.125
5 5 3.25 3.25 3.25 2.75 2.75 2.125 2.125 2.125 1.0625 1.0625 0.1875 0.1875 0.1875 0.125 0.125 0.1875 0.1875 0.1875 0.1875 0.1875 0.125 0.125 0.125 0.25 0.25 0.9375 0.9375 0.9375 2.1875 2.1875 1.6875 1.6875 1.6875 0.6875 0.6875 0.3125 0.3125 0.3125 0 0 0 0 0 0.0625 0.0625 0.0625 0.0625 0.0625 0.125 0.125 0.1875 0.1875 0.1875 0.125 0.125 0 0 0 0 0 0.125 0.125 0.125 0.1875 0.1875 0.0625 0.0625 0.0625 0 0 0 0 0 0 0 0 0 0 0 0 0 0 0 0 0 0.0625 0.0625 0.0625 0.0625 0.0625
5 5 3.25 3.25 3.25 2.75 2.75 2.125 2.125 2.125 1.0625 1.0625 0.1875 0.1875 0.1875 0.125 0.125 0.1875 0.1875 0.1875 0.1875 0.1875 0.125 0.125 0.125 0.25 0.25 0.9375 0.9375 0.9375 2.1875 2.1875 1.6875 1.6875 1.6875 0.6875 0.6875 0.3125 0.3125 0.3125 0 0 0 0 0 0.0625 0.0625 0.0625 0.0625 0.0625 0.125 0.125 0.1875 0.1875 0.1875 0.125 0.125 0 0 0 0 0 0.125 0.125 0.125 0.1875 0.1875 0.0625 0.0625 0.0625 0 0 0 0 0 0 0 0 0 0 0 0 0 0 0 0 0 0.0625 0.0625 0.0625 0.0625 0.0625
5 5 3.25 3.25 3.25 2.75 2.75 2.125 2.125 2.125 1.0625 1.0625 0.1875 0.1875 0.1875 0.125 0.125 0.1875 0.1875 0.1875 0.1875 0.1875 0.125 0.125 0.125 0.25 0.25 0.9375 0.9375 0.9375 2.1875 2.1875 1.6875 1.6875 1.6875 0.6875 0.6875 0.3125 0.3125 0.3125 0 0 0 0 0 0.0625 0.0625 0.0625 0.0625 0.0625 0.125 0.125 0.1875 0.1875 0.1875 0.125 0.125 0 0 0 0 0 0.125 0.125 0.125 0.1875 0.1875 0.0625 0.0625 0.0625 0 0 0 0 0 0 0 0 0 0 0 0 0 0 0 0 0 0.0625 0.0625 0.0625 0.0625 0.0625
6 6 3.625 3.625 3.625 2.625 2.625 2.0625 2.0625 2.0625 1.8125 1.8125 1.625 1.625 1.625 1.5 1.5 0.9375 0.9375 0.9375 0.6875 0.6875 0.5 0.5 0.5 0.875 0.875 2.0625 2.0625 2.0625 2.875 2.875 1.75 1.75 1.75 0.6875 0.6875 0.25 0.25 0.25 0.0625 0.0625 0.1875 0.1875 0.1875 0.125 0.125 0.0625 0.0625 0.0625 0.125 0.125 0.1875 0.1875 0.1875 0.1875 0.1875 0.125 0.125 0.125 0.25 0.25 0.8125 0.8125 0.8125 0.5 0.5 0.1875 0.1875 0.1875 0.0625 0.0625 0 0 0 0 0 0 0 0 0 0 0.0625 0.0625 0.0625 0.1875 0.1875 0.1875 0.1875 0.1875 0.125 0.125
6 6 3.625 3.625 3.625 2.625 2.625 2.0625 2.0625 2.0625 1.8125 1.8125 1.625 1.625 1.625 1.5 1.5 0.9375 0.9375 0.9375 0.6875 0.6875 0.5 0.5 0.5 0.875 0.875 2.0625 2.0625 2.0625 2.875 2.875 1.75 1.75 1.75 0.6875 0.6875 0.25 0.25 0.25 0.0625 0.0625 0.1875 0.1875 0.1875 0.125 0.125 0.0625 0.0625 0.0625 0.125 0.125 0.1875 0.1875 0.1875 0.1875 0.1875 0.125 0.125 0.125 0.25 0.25 0.8125 0.8125 0.8125 0.5 0.5 0.1875 0.1875 0.1875 0.0625 0.0625 0 0 0 0 0 0 0 0 0 0 0.0625 0.0625 0.0625 0.1875 0.1875 0.1875 0.1875 0.1875 0.125 0.125
6.25 6.25 4.75 4.75 4.75 4 4 3.4375 3.4375 3.4375 3.3125 3.3125 2.8125 2.8125 2.8125 1.75 1.75 0.6875 0.6875 0.6875 0.6875 0.6875 1.0625 1.0625 1.0625 1.75 1.75 2.375 2.375 2.375 2.3125 2.3125 1.4375 1.4375 1.4375 0.6875 0.6875 0.25 0.25 0.25 0.1875 0.1875 0.375 0.375 0.375 0.1875 0.1875 0.0625 0.0625 0.0625 0.0625 0.0625 0.3125 0.3125 0.3125 0.3125 0.3125 0.1875 0.1875 0.1875 0.25 0.25 0.25 0.25 0.25 0.125 0.125 0.1875 0.1875 0.1875 0.1875 0.1875 0.0625 0.0625 0.0625 0 0 0 0 0 0.0625 0.0625 0.1875 0.1875 0.1875 0.25 0.25 0.1875 0.1875 0.1875 0.5625 0.5625
6.25 6.25 4.75 4.75 4.75 4 4 3.4375 3.4375 3.4375 3.3125 3.3125 2.8125 2.8125 2.8125 1.75 1.75 0.6875 0.6875 0.6875 0.6875 0.6875 1.0625 1.0625 1.0625 1.75 1.75 2.375 2.375 2.375 2.3125 2.3125 1.4375 1.4375 1.4375 0.6875 0.6875 0.25 0.25 0.25 0.1875 0.1875 0.375 0.375 0.375 0.1875 0.1875 0.0625 0.0625 0.0625 0.0625 0.0625 0.3125 0.3125 0.3125 0.3125 0.3125 0.1875 0.1875 0.1875 0.25 0.25 0.25 0.25 0.25 0.125 0.125 0.1875 0.1875 0.1875 0.1875 0.1875 0.0625 0.0625 0.0625 0 0 0 0 0 0.0625 0.0625 0.1875 0.1875 0.1875 0.25 0.25 0.1875 0.1875 0.1875 0.5625 0.5625
6.25 6.25 4.75 4.75 4.75 4 4 3.4375 3.4375 3.4375 3.3125 3.3125 2.8125 2.8125 2.8125 1.75 1.75 0.6875 0.6875 0.6875 0.6875 0.6875 1.0625 1.0625 1.0625 1.75 1.75 2.375 2.375 2.375 2.3125 2.3125 1.4375 1.4375 1.4375 0.6875 0.6875 0.25 0.25 0.25 0.1875 0.1875 0.375 0.375 0.375 0.1875 0.1875 0.0625 0.0625 0.0625 0.0625 0.0625 0.3125 0.3125 0.3125 0.3125 0.3125 0.1875 0.1875 0.1875 0.25 0.25 0.25 0.25 0.25 0.125 0.125 0.1875 0.1875 0.1875 0.1875 0.1875 0.0625 0.0625 0.0625 0 0 0 0 0 0.0625 0.0625 0.1875 0.1875 0.1875 0.25 0.25 0.1875 0.1875 0.1875 0.5625 0.5625
7.875 7.875 5.9375 5.9375 5.9375 5.25 5.25 3.8125 3.8125 3.8125 2.8125 2.8125 1.875 1.875 1.875 1.25 1.25 1.5625 1.5625 1.5625 2.25 2.25 2.8125 2.8125 2.8125 3.0625 3.0625 3.3125 3.3125 3.3125 2.625 2.625 2.0625 2.0625 2.0625 1.3125 1.3125 0.4375 0.4375 0.4375 0.3125 0.3125 0.5 0.5 0.5 1 1 1.25 1.25 1.25 0.5 0.5 0.375 0.375 0.375 0.1875 0.1875 0.125 0.125 0.125 0.0625 0.0625 0 0 0 0 0 0.0625 0.0625 0.0625 0.0625 0.0625 0.0625 0.0625 0.0625 0 0 0 0 0 0.125 0.125 0.1875 0.1875 0.1875 0.375 0.375 0.875 0.875 0.875 1.1875 1.1875
7.875 7.875 5.9375 5.9375 5.9375 5.25 5.25 3.8125 3.8125 3.8125 2.8125 2.8125 1.875 1.875 1.875 1.25 1.25 1.5625 1.5625 1.5625 2.25 2.25 2.8125 2.8125 2.8125 3.0625 3.0625 3.3125 3.3125 3.3125 2.625 2.625 2.0625 2.0625 2.0625 1.3125 1.3125 0.4375 0.4375 0.4375 0.3125 0.3125 0.5 0.5 0.5 1 1 1.25 1.25 1.25 0.5 0.5 0.375 0.375 0.375 0.1875 0.1875 0.125 0.125 0.125 0.0625 0.0625 0 0 0 0 0 0.0625 0.0625 0.0625 0.0625 0.0625 0.0625 0.0625 0.0625 0 0 0 0 0 0.125 0.125 0.1875 0.1875 0.1875 0.375 0.375 0.875 0.875 0.875 1.1875 1.1875
9.3125 9.3125 8.125 8.125 8.125 7.875 7.875 6.3125 6.3125 6.3125 4.625 4.625 3.9375 3.9375 3.9375 4.9375 4.9375 6 6 6 5.9375 5.9375 5.375 5.375 5.375 6.125 6.125 5.375 5.375 5.375 4.5 4.5 3.4375 3.4375 3.4375 1.25 1.25 0.5625 0.5625 0.5625 0.375 0.375 0.25 0.25 0.25 1.125 1.125 1.6875 1.6875 1.6875 0.4375 0.4375 0.3125 0.3125 0.3125 0.1875 0.1875 0.0625 0.0625 0.0625 0 0 0 0 0 0.0625 0.0625 0.0625 0.0625 0.0625 0 0 0 0 0 0 0 0.0625 0.0625 0.0625 0.375 0.375 0.375 0.375 0.375 0.4375 0.4375 1.3125 1.3125 1.3125 1.4375 1.4375
9.3125 9.3125 8.125 8.125 8.125 7.875 7.875 6.3125 6.3125 6.3125 4.625 4.625 3.9375 3.9375 3.9375 4.9375 4.9375 6 6 6 5.9375 5.9375 5.375 5.375 5.375 6.125 6.125 5.375 5.375 5.375 4.5 4.5 3.4375 3.4375 3.4375 1.25 1.25 0.5625 0.5625 0.5625 0.375 0.375 0.25 0.25 0.25 1.125 1.125 1.6875 1.6875 1.6875 0.4375 0.4375 0.3125 0.3125 0.3125 0.1875 0.1875 0.0625 0.0625 0.0625 0 0 0 0 0 0.0625 0.0625 0.0625 0.0625 0.0625 0 0 0 0 0 0 0 0.0625 0.0625 0.0625 0.375 0.375 0.375 0.375 0.375 0.4375 0.4375 1.3125 1.3125 1.3125 1.4375 1.4375
9.3125 9.3125 8.125 8.125 8.125 7.875 7.875 6.3125 6.3125 6.3125 4.625 4.625 3.9375 3.9375 3.9375 4.9375 4.9375 6 6 6 5.9375 5.9375 5.375 5.375 5.375 6.125 6.125 5.375 5.375 5.375 4.5 4.5 3.4375 3.4375 3.4375 1.25 1.25 0.5625 0.5625 0.5625 0.375 0.375 0.25 0.25 0.25 1.125 1.125 1.6875 1.6875 1.6875 0.4375 0.4375 0.3125 0.3125 0.3125 0.1875 0.1875 0.0625 0.0625 0.0625 0 0 0 0 0 0.0625 0.0625 0.0625 0.0625 0.0625 0 0 0 0 0 0 0 0.0625 0.0625 0.0625 0.375 0.375 0.375 0.375 0.375 0.4375 0.4375 1.3125 1.3125 1.3125 1.4375 1.4375
14.5 14.5 13.375 13.375 13.375 12 12 9 9 9 6.9375 6.9375 6.625 6.625 6.625 6.5625 6.5625 6.625 6.625 6.625 6.4375 6.4375 7.4375 7.4375 7.4375 7.375 7.375 6.4375 6.4375 6.4375 4.9375 4.9375 4.375 4.375 4.375 4.625 4.625 3.875 3.875 3.875 3.5625 3.5625 2.5 2.5 2.5 1.4375 1.4375 1.3125 1.3125 1.3125 0.75 0.75 0.9375 0.9375 0.9375 1 1 0.625 0.625 0.625 0.625 0.625 0.5625 0.5625 0.5625 0.8125 0.8125 0.3125 0.3125 0.3125 0.0625 0.0625 0 0 0 0.125 0.125 0.3125 0.3125 0.3125 0.3125 0.3125 0.1875 0.1875 0.1875 0.875 0.875 1.9375 1.9375 1.9375 1.625 1.625
14.5 14.5 13.375 13.375 13.375 12 12 9 9 9 6.9375 6.9375 6.625 6.625 6.625 6.5625 6.5625 6.625 6.625 6.625 6.4375 6.4375 7.4375 7.4375 7.4375 7.375 7.375 6.4375 6.4375 6.4375 4.9375 4.9375 4.375 4.375 4.375 4.625 4.625 3.875 3.875 3.875 3.5625 3.5625 2.5 2.5 2.5 1.4375 1.4375 1.3125 1.3125 1.3125 0.75 0.75 0.9375 0.9375 0.9375 1 1 0.625 0.625 0.625 0.625 0.625 0.5625 0.5625 0.5625 0.8125 0.8125 0.3125 0.3125 0.3125 0.0625 0.0625 0 0 0 0.125 0.125 0.3125 0.3125 0.3125 0.3125 0.3125 0.1875 0.1875 0.1875 0.875 0.875 1.9375 1.9375 1.9375 1.625 1.625
12.75 12.75 13.4375 13.4375 13.4375 11.3125 11.3125 9.25 9.25 9.25 8.5 8.5 6.875 6.875 6.875 5.3125 5.3125 4.875 4.875 4.875 4.4375 4.4375 5 5 5 4.25 4.25 3.375 3.375 3.375 3.125 3.125 3.4375 3.4375 3.4375 3.8125 3.8125 2.625 2.625 2.625 2.5625 2.5625 3 3 3 3.0625 3.0625 3 3 3 2.9375 2.9375 2.9375 2.9375 2.9375 1.9375 1.9375 3.125 3.125 3.125 2.3125 2.3125 1.1875 1.1875 1.1875 0.75 0.75 0.1875 0.1875 0.1875 0.0625 0.0625 0.1875 0.1875 0.1875 0.625 0.625 1.125 1.125 1.125 0.75 0.75 0.25 0.25 0.25 0.375 0.375 1.25 1.25 1.25 2.375 2.375
12.75 12.75 13.4375 13.4375 13.4375 11.3125 11.3125 9.25 9.25 9.25 8.5 8.5 6.875 6.875 6.875 5.3125 5.3125 4.875 4.875 4.875 4.4375 4.4375 5 5 5 4.25 4.25 3.375 3.375 3.375 3.125 3.125 3.4375 3.4375 3.4375 3.8125 3.8125 2.625 2.625 2.625 2.5625 2.5625 3 3 3 3.0625 3.0625 3 3 3 2.9375 2.9375 2.9375 2.9375 2.9375 1.9375 1.9375 3.125 3.125 3.125 2.3125 2.3125 1.1875 1.1875 1.1875 0.75 0.75 0.1875 0.1875 0.1875 0.0625 0.0625 0.1875 0.1875 0.1875 0.625 0.625 1.125 1.125 1.125 0.75 0.75 0.25 0.25 0.25 0.375 0.375 1.25 1.25 1.25 2.375 2.375
12.75 12.75 13.4375 13.4375 13.4375 11.3125 11.3125 9.25 9.25 9.25 8.5 8.5 6.875 6.875 6.875 5.3125 5.3125 4.875 4.875 4.875 4.4375 4.4375 5 5 5 4.25 4.25 3.375 3.375 3.375 3.125 3.125 3.4375 3.4375 3.4375 3.8125 3.8125 2.625 2.625 2.625 2.5625 2.5625 3 3 3 3.0625 3.0625 3 3 3 2.9375 2.9375 2.9375 2.9375 2.9375 1.9375 1.9375 3.125 3.125 3.125 2.3125 2.3125 1.1875 1.1875 1.1875 0.75 0.75 0.1875 0.1875 0.1875 0.0625 0.0625 0.1875 0.1875 0.1875 0.625 0.625 1.125 1.125 1.125 0.75 0.75 0.25 0.25 0.25 0.375 0.375 1.25 1.25 1.25 2.375 2.375
11.0625 11.0625 10.5625 10.5625 10.5625 10.9375 10.9375 10.5625 10.5625 10.5625 9 9 6.0625 6.0625 6.0625 3.8125 3.8125 3.125 3.125 3.125 1.5 1.5 0.875 0.875 0.875 0.5 0.5 0.375 0.375 0.375 0.125 0.125 0.1875 0.1875 0.1875 0.3125 0.3125 0.25 0.25 0.25 0.5 0.5 1.3125 1.3125 1.3125 1.5625 1.5625 1.5625 1.5625 1.5625 2.375 2.375 2.5625 2.5625 2.5625 3.4375 3.4375 4.5625 4.5625 4.5625 3.8125 3.8125 2.375 2.375 2.375 1 1 0.8125 0.8125 0.8125 0.5 0.5 1.1875 1.1875 1.1875 1.6875 1.6875 0.875 0.875 0.875 0.75 0.75 0.75 0.75 0.75 0.4375 0.4375 0.8125 0.8125 0.8125 1.25 1.25
11.0625 11.0625 10.5625 10.5625 10.5625 10.9375 10.9375 10.5625 10.5625 10.5625 9 9 6.0625 6.0625 6.0625 3.8125 3.8125 3.125 3.125 3.125 1.5 1.5 0.875 0.875 0.875 0.5 0.5 0.375 0.375 0.375 0.125 0.125 0.1875 0.1875 0.1875 0.3125 0.3125 0.25 0.25 0.25 0.5 0.5 1.3125 1.3125 1.3125 1.5625 1.5625 1.5625 1.5625 1.5625 2.375 2.375 2.5625 2.5625 2.5625 3.4375 3.4375 4.5625 4.5625 4.5625 3.8125 3.8125 2.375 2.375 2.375 1 1 0.8125 0.8125 0.8125 0.5 0.5 1.1875 1.1875 1.1875 1.6875 1.6875 0.875 0.875 0.875 0.75 0.75 0.75 0.75 0.75 0.4375 0.4375 0.8125 0.8125 0.8125 1.25 1.25
12.3125 12.3125 9.5 9.5 9.5 10.0625 10.0625 10.5625 10.5625 10.5625 9.0625 9.0625 5.5625 5.5625 5.5625 3.6875 3.6875 3.6875 3.6875 3.6875 2 2 1.125 1.125 1.125 0.875 0.875 0.375 0.375 0.375 0.125 0.125 0.125 0.125 0.125 0.25 0.25 0.5625 0.5625 0.5625 0.9375 0.9375 0.9375 0.9375 0.9375 0.6875 0.6875 0.75 0.75 0.75 1.375 1.375 1.9375 1.9375 1.9375 1.875 1.875 2.6875 2.6875 2.6875 2.75 2.75 1.8125 1.8125 1.8125 1.5 1.5 1.9375 1.9375 1.9375 1.5 1.5 2.5 2.5 2.5 2.875 2.875 1.8125 1.8125 1.8125 0.875 0.875 1 1 1 1.0625 1.0625 0.6875 0.6875 0.6875 0.4375 0.4375
12.3125 12.3125 9.5 9.5 9.5 10.0625 10.0625 10.5625 10.5625 10.5625 9.0625 9.0625 5.5625 5.5625 5.5625 3.6875 3.6875 3.6875 3.6875 3.6875 2 2 1.125 1.125 1.125 0.875 0.875 0.375 0.375 0.375 0.125 0.125 0.125 0.125 0.125 0.25 0.25 0.5625 0.5625 0.5625 0.9375 0.9375 0.9375 0.9375 0.9375 0.6875 0.6875 0.75 0.75 0.75 1.375 1.375 1.9375 1.9375 1.9375 1.875 1.875 2.6875 2.6875 2.6875 2.75 2.75 1.8125 1.8125 1.8125 1.5 1.5 1.9375 1.9375 1.9375 1.5 1.5 2.5 2.5 2.5 2.875 2.875 1.8125 1.8125 1.8125 0.875 0.875 1 1 1 1.0625 1.0625 0.6875 0.6875 0.6875 0.4375 0.4375
12.3125 12.3125 9.5 9.5 9.5 10.0625 10.0625 10.5625 10.5625 10.5625 9.0625 9.0625 5.5625 5.5625 5.5625 3.6875 3.6875 3.6875 3.6875 3.6875 2 2 1.125 1.125 1.125 0.875 0.875 0.375 0.375 0.375 0.125 0.125 0.125 0.125 0.125 0.25 0.25 0.5625 0.5625 0.5625 0.9375 0.9375 0.9375 0.9375 0.9375 0.6875 0.6875 0.75 0.75 0.75 1.375 1.375 1.9375 1.9375 1.9375 1.875 1.875 2.6875 2.6875 2.6875 2.75 2.75 1.8125 1.8125 1.8125 1.5 1.5 1.9375 1.9375 1.9375 1.5 1.5 2.5 2.5 2.5 2.875 2.875 1.8125 1.8125 1.8125 0.875 0.875 1 1 1 1.0625 1.0625 0.6875 0.6875 0.6875 0.4375 0.4375
11.125 11.125 8.6875 8.6875 8.6875 8.4375 8.4375 8.4375 8.4375 8.4375 6.25 6.25 3.4375 3.4375 3.4375 1.875 1.875 2 2 2 3.5625 3.5625 2.3125 2.3125 2.3125 1 1 0.75 0.75 0.75 0.4375 0.4375 0.4375 0.4375 0.4375 0.5 0.5 0.3125 0.3125 0.3125 0.1875 0.1875 0.1875 0.1875 0.1875 0.3125 0.3125 0.375 0.375 0.375 0.625 0.625 0.9375 0.9375 0.9375 1.25 1.25 1.75 1.75 1.75 1.4375 1.4375 1.3125 1.3125 1.3125 1.9375 1.9375 2.1875 2.1875 2.1875 1.875 1.875 2.125 2.125 2.125 3.0625 3.0625 2.0625 2.0625 2.0625 0.875 0.875 1 1 1 1.1875 1.1875 0.625 0.625 0.625 0.1875 0.1875
11.125 11.125 8.6875 8.6875 8.6875 8.4375 8.4375 8.4375 8.4375 8.4375 6.25 6.25 3.4375 3.4375 3.4375 1.875 1.875 2 2 2 3.5625 3.5625 2.3125 2.3125 2.3125 1 1 0.75 0.75 0.75 0.4375 0.4375 0.4375 0.4375 0.4375 0.5 0.5 0.3125 0.3125 0.3125 0.1875 0.1875 0.1875 0.1875 0.1875 0.3125 0.3125 0.375 0.375 0.375 0.625 0.625 0.9375 0.9375 0.9375 1.25 1.25 1.75 1.75 1.75 1.4375 1.4375 1.3125 1.3125 1.3125 1.9375 1.9375 2.1875 2.1875 2.1875 1.875 1.875 2.125 2.125 2.125 3.0625 3.0625 2.0625 2.0625 2.0625 0.875 0.875 1 1 1 1.1875 1.1875 0.625 0.625 0.625 0.1875 0.1875
8 8 6.6875 6.6875 6.6875 6.125 6.125 7.0625 7.0625 7.0625 5.5625 5.5625 2.6875 2.6875 2.6875 1 1 0.5 0.5 0.5 0.9375 0.9375 0.4375 0.4375 0.4375 0.1875 0.1875 0.0625 0.0625 0.0625 0.0625 0.0625 0.0625 0.0625 0.0625 0.0625 0.0625 0.0625 0.0625 0.0625 0.0625 0.0625 0.125 0.125 0.125 0.3125 0.3125 0.75 0.75 0.75 1.0625 1.0625 1.25 1.25 1.25 1.5 1.5 1.5 1.5 1.5 1.25 1.25 0.9375 0.9375 0.9375 1.0625 1.0625 1.5625 1.5625 1.5625 1 1 1.25 1.25 1.25 1.625 1.625 1.0625 1.0625 1.0625 0.5 0.5 0.5625 0.5625 0.5625 0.75 0.75 0.4375 0.4375 0.4375 0.375 0.375
8 8 6.6875 6.6875 6.6875 6.125 6.125 7.0625 7.0625 7.0625 5.5625 5.5625 2.6875 2.6875 2.6875 1 1 0.5 0.5 0.5 0.9375 0.9375 0.4375 0.4375 0.4375 0.1875 0.1875 0.0625 0.0625 0.0625 0.0625 0.0625 0.0625 0.0625 0.0625 0.0625 0.0625 0.0625 0.0625 0.0625 0.0625 0.0625 0.125 0.125 0.125 0.3125 0.3125 0.75 0.75 0.75 1.0625 1.0625 1.25 1.25 1.25 1.5 1.5 1.5 1.5 1.5 1.25 1.25 0.9375 0.9375 0.9375 1.0625 1.0625 1.5625 1.5625 1.5625 1 1 1.25 1.25 1.25 1.625 1.625 1.0625 1.0625 1.0625 0.5 0.5 0.5625 0.5625 0.5625 0.75 0.75 0.4375 0.4375 0.4375 0.375 0.375
8 8 6.6875 6.6875 6.6875 6.125 6.125 7.0625 7.0625 7.0625 5.5625 5.5625 2.6875 2.6875 2.6875 1 1 0.5 0.5 0.5 0.9375 0.9375 0.4375 0.4375 0.4375 0.1875 0.1875 0.0625 0.0625 0.0625 0.0625 0.0625 0.0625 0.0625 0.0625 0.0625 0.0625 0.0625 0.0625 0.0625 0.0625 0.0625 0.125 0.125 0.125 0.3125 0.3125 0.75 0.75 0.75 1.0625 1.0625 1.25 1.25 1.25 1.5 1.5 1.5 1.5 1.5 1.25 1.25 0.9375 0.9375 0.9375 1.0625 1.0625 1.5625 1.5625 1.5625 1 1 1.25 1.25 1.25 1.625 1.625 1.0625 1.0625 1.0625 0.5 0.5 0.5625 0.5625 0.5625 0.75 0.75 0.4375 0.4375 0.4375 0.375 0.375
3.625 3.625 3.4375 3.4375 3.4375 4.3125 4.3125 3.8125 3.8125 3.8125 2.0625 2.0625 1.25 1.25 1.25 1.375 1.375 3 3 3 3.5625 3.5625 1.5625 1.5625 1.5625 0.625 0.625 0.375 0.375 0.375 0.125 0.125 0.0625 0.0625 0.0625 0 0 0 0 0 0 0 0.1875 0.1875 0.1875 1.125 1.125 1.375 1.375 1.375 1.5 1.5 2.3125 2.3125 2.3125 3.3125 3.3125 3.375 3.375 3.375 2.9375 2.9375 1.5 1.5 1.5 1.1875 1.1875 2.125 2.125 2.125 1.625 1.625 2.1875 2.1875 2.1875 1.6875 1.6875 0.5625 0.5625 0.5625 0.25 0.25 0.25 0.25 0.25 0.375 0.375 0.125 0.125 0.125 0.25 0.25
3.625 3.625 3.4375 3.4375 3.4375 4.3125 4.3125 3.8125 3.8125 3.8125 2.0625 2.0625 1.25 1.25 1.25 1.375 1.375 3 3 3 3.5625 3.5625 1.5625 1.5625 1.5625 0.625 0.625 0.375 0.375 0.375 0.125 0.125 0.0625 0.0625 0.0625 0 0 0 0 0 0 0 0.1875 0.1875 0.1875 1.125 1.125 1.375 1.375 1.375 1.5 1.5 2.3125 2.3125 2.3125 3.3125 3.3125 3.375 3.375 3.375 2.9375 2.9375 1.5 1.5 1.5 1.1875 1.1875 2.125 2.125 2.125 1.625 1.625 2.1875 2.1875 2.1875 1.6875 1.6875 0.5625 0.5625 0.5625 0.25 0.25 0.25 0.25 0.25 0.375 0.375 0.125 0.125 0.125 0.25 0.25
1.5625 1.5625 2.375 2.375 2.375 2.625 2.625 1.6875 1.6875 1.6875 1.0625 1.0625 1 1 1 1.75 1.75 4 4 4 3.9375 3.9375 3.1875 3.1875 3.1875 3.6875 3.6875 2 2 2 0.3125 0.3125 0 0 0 0 0 0.0625 0.0625 0.0625 0.4375 0.4375 1.125 1.125 1.125 1.625 1.625 2.25 2.25 2.25 3.6875 3.6875 3.9375 3.9375 3.9375 4.5 4.5 3.0625 3.0625 3.0625 2.4375 2.4375 2.625 2.625 2.625 2.125 2.125 3.0625 3.0625 3.0625 2.625 2.625 2.25 2.25 2.25 0.625 0.625 0.25 0.25 0.25 0.25 0.25 0.4375 0.4375 0.4375 0.4375 0.4375 0.1875 0.1875 0.1875 0.125 0.125
1.5625 1.5625 2.375 2.375 2.375 2.625 2.625 1.6875 1.6875 1.6875 1.0625 1.0625 1 1 1 1.75 1.75 4 4 4 3.9375 3.9375 3.1875 3.1875 3.1875 3.6875 3.6875 2 2 2 0.3125 0.3125 0 0 0 0 0 0.0625 0.0625 0.0625 0.4375 0.4375 1.125 1.125 1.125 1.625 1.625 2.25 2.25 2.25 3.6875 3.6875 3.9375 3.9375 3.9375 4.5 4.5 3.0625 3.0625 3.0625 2.4375 2.4375 2.625 2.625 2.625 2.125 2.125 3.0625 3.0625 3.0625 2.625 2.625 2.25 2.25 2.25 0.625 0.625 0.25 0.25 0.25 0.25 0.25 0.4375 0.4375 0.4375 0.4375 0.4375 0.1875 0.1875 0.1875 0.125 0.125
1.5625 1.5625 2.375 2.375 2.375 2.625 2.625 1.6875 1.6875 1.6875 1.0625 1.0625 1 1 1 1.75 1.75 4 4 4 3.9375 3.9375 3.1875 3.1875 3.1875 3.6875 3.6875 2 2 2 0.3125 0.3125 0 0 0 0 0 0.0625 0.0625 0.0625 0.4375 0.4375 1.125 1.125 1.125 1.625 1.625 2.25 2.25 2.25 3.6875 3.6875 3.9375 3.9375 3.9375 4.5 4.5 3.0625 3.0625 3.0625 2.4375 2.4375 2.625 2.625 2.625 2.125 2.125 3.0625 3.0625 3.0625 2.625 2.625 2.25 2.25 2.25 0.625 0.625 0.25 0.25 0.25 0.25 0.25 0.4375 0.4375 0.4375 0.4375 0.4375 0.1875 0.1875 0.1875 0.125 0.125
1.3125 1.3125 1.125 1.125 1.125 0.9375 0.9375 0.5625 0.5625 0.5625 0.5 0.5 0.625 0.625 0.625 0.9375 0.9375 1.375 1.375 1.375 2.6875 2.6875 5 5 5 3.875 3.875 1.25 1.25 1.25 0.125 0.125 0.0625 0.0625 0.0625 0.3125 0.3125 1.125 1.125 1.125 1.8125 1.8125 2 2 2 2.4375 2.4375 3.625 3.625 3.625 5.125 5.125 4.625 4.625 4.625 4 4 3 3 3 3.375 3.375 2.625 2.625 2.625 2.9375 2.9375 3.875 3.875 3.875 3.5625 3.5625 1.3125 1.3125 1.3125 0.125 0.125 0.1875 0.1875 0.1875 0.3125 0.3125 0.5 0.5 0.5 0.3125 0.3125 0.125 0.125 0.125 0.0625 0.0625
1.3125 1.3125 1.125 1.125 1.125 0.9375 0.9375 0.5625 0.5625 0.5625 0.5 0.5 0.625 0.625 0.625 0.9375 0.9375 1.375 1.375 1.375 2.6875 2.6875 5 5 5 3.875 3.875 1.25 1.25 1.25 0.125 0.125 0.0625 0.0625 0.0625 0.3125 0.3125 1.125 1.125 1.125 1.8125 1.8125 2 2 2 2.4375 2.4375 3.625 3.625 3.625 5.125 5.125 4.625 4.625 4.625 4 4 3 3 3 3.375 3.375 2.625 2.625 2.625 2.9375 2.9375 3.875 3.875 3.875 3.5625 3.5625 1.3125 1.3125 1.3125 0.125 0.125 0.1875 0.1875 0.1875 0.3125 0.3125 0.5 0.5 0.5 0.3125 0.3125 0.125 0.125 0.125 0.0625 0.0625
1.125 1.125 0.5625 0.5625 0.5625 0.375 0.375 0.375 0.375 0.375 0.9375 0.9375 1.5 1.5 1.5 0.75 0.75 0.9375 0.9375 0.9375 2.4375 2.4375 4.125 4.125 4.125 3.1875 3.1875 2.0625 2.0625 2.0625 1.25 1.25 1.5625 1.5625 1.5625 2.375 2.375 3.375 3.375 3.375 2.875 2.875 2.75 2.75 2.75 4.1875 4.1875 4.1875 4.1875 4.1875 5.1875 5.1875 5.75 5.75 5.75 5.8125 5.8125 4.375 4.375 4.375 3 3 2.9375 2.9375 2.9375 3.0625 3.0625 3.5 3.5 3.5 2.25 2.25 0.75 0.75 0.75 0.625 0.625 0.8125 0.8125 0.8125 0.75 0.75 0.8125 0.8125 0.8125 0.5625 0.5625 0.1875 0.1875 0.1875 0.0625 0.0625
1.125 1.125 0.5625 0.5625 0.5625 0.375 0.375 0.375 0.375 0.375 0.9375 0.9375 1.5 1.5 1.5 0.75 0.75 0.9375 0.9375 0.9375 2.4375 2.4375 4.125 4.125 4.125 3.1875 3.1875 2.0625 2.0625 2.0625 1.25 1.25 1.5625 1.5625 1.5625 2.375 2.375 3.375 3.375 3.375 2.875 2.875 2.75 2.75 2.75 4.1875 4.1875 4.1875 4.1875 4.1875 5.1875 5.1875 5.75 5.75 5.75 5.8125 5.8125 4.375 4.375 4.375 3 3 2.9375 2.9375 2.9375 3.0625 3.0625 3.5 3.5 3.5 2.25 2.25 0.75 0.75 0.75 0.625 0.625 0.8125 0.8125 0.8125 0.75 0.75 0.8125 0.8125 0.8125 0.5625 0.5625 0.1875 0.1875 0.1875 0.0625 0.0625
1.125 1.125 0.5625 0.5625 0.5625 0.375 0.375 0.375 0.375 0.375 0.9375 0.9375 1.5 1.5 1.5 0.75 0.75 0.9375 0.9375 0.9375 2.4375 2.4375 4.125 4.125 4.125 3.1875 3.1875 2.0625 2.0625 2.0625 1.25 1.25 1.5625 1.5625 1.5625 2.375 2.375 3.375 3.375 3.375 2.875 2.875 2.75 2.75 2.75 4.1875 4.1875 4.1875 4.1875 4.1875 5.1875 5.1875 5.75 5.75 5.75 5.8125 5.8125 4.375 4.375 4.375 3 3 2.9375 2.9375 2.9375 3.0625 3.0625 3.5 3.5 3.5 2.25 2.25 0.75 0.75 0.75 0.625 0.625 0.8125 0.8125 0.8125 0.75 0.75 0.8125 0.8125 0.8125 0.5625 0.5625 0.1875 0.1875 0.1875 0.0625 0.0625
0.625 0.625 0.5 0.5 0.5 1.125 1.125 1.875 1.875 1.875 3.9375 3.9375 3.6875 3.6875 3.6875 0.9375 0.9375 0.6875 0.6875 0.6875 1.125 1.125 2 2 2 2.5 2.5 5.375 5.375 5.375 7.5 7.5 7.5625 7.5625 7.5625 6.4375 6.4375 4.6875 4.6875 4.6875 3.375 3.375 5.0625 5.0625 5.0625 5.6875 5.6875 5 5 5 6.4375 6.4375 7.375 7.375 7.375 7.0625 7.0625 4.8125 4.8125 4.8125 4.8125 4.8125 4.4375 4.4375 4.4375 4.125 4.125 3.75 3.75 3.75 2.5625 2.5625 2.1875 2.1875 2.1875 2.25 2.25 2 2 2 1.25 1.25 0.9375 0.9375 0.9375 0.625 0.625 0.25 0.25 0.25 0.0625 0.0625
