Data/APCP/20200108.L2.apcp.gfs.pakistan.txt
ncols    	169
nrows    	134
xllcorner	60.9
yllcorner	23.7
cellsize 	0.1
NODATA_value  -9999
[rows 56 to 83 of 134, columns 0 to 62 of 169]
4.453125 4.453125 3.914062 3.914062 3.914062 3.320312 3.320312 3.367188 3.367188 3.367188 2.710938 2.710938 2.109375 2.109375 2.109375 2.203125 2.203125 1.828125 1.828125 1.828125 1.351562 1.351562 1.039062 1.039062 1.039062 1.007812 1.007812 0.984375 0.984375 0.984375 0.570312 0.570312 0.304688 0.304688 0.304688 0.187500 0.187500 0.117188 0.117188 0.117188 0.093750 0.093750 0.078125 0.078125 0.078125 0.031250 0.031250 0.007812 0.007812 0.007812 0.007812 0.007812 0.015625 0.015625 0.015625 0.007812 0.007812 0.015625 0.015625 0.015625 0.015625 0.015625 0.000000
4.328125 4.328125 4.820312 4.820312 4.820312 4.234375 4.234375 3.953125 3.953125 3.953125 2.914062 2.914062 2.421875 2.421875 2.421875 2.453125 2.453125 2.015625 2.015625 2.015625 1.703125 1.703125 1.343750 1.343750 1.343750 1.351562 1.351562 1.250000 1.250000 1.250000 0.804688 0.804688 0.359375 0.359375 0.359375 0.218750 0.218750 0.171875 0.171875 0.171875 0.109375 0.109375 0.101562 0.101562 0.101562 0.078125 0.078125 0.023438 0.023438 0.023438 0.007812 0.007812 0.007812 0.007812 0.007812 0.023438 0.023438 0.054688 0.054688 0.054688 0.031250 0.031250 0.007812
4.328125 4.328125 4.820312 4.820312 4.820312 4.234375 4.234375 3.953125 3.953125 3.953125 2.914062 2.914062 2.421875 2.421875 2.421875 2.453125 2.453125 2.015625 2.015625 2.015625 1.703125 1.703125 1.343750 1.343750 1.343750 1.351562 1.351562 1.250000 1.250000 1.250000 0.804688 0.804688 0.359375 0.359375 0.359375 0.218750 0.218750 0.171875 0.171875 0.171875 0.109375 0.109375 0.101562 0.101562 0.101562 0.078125 0.078125 0.023438 0.023438 0.023438 0.007812 0.007812 0.007812 0.007812 0.007812 0.023438 0.023438 0.054688 0.054688 0.054688 0.031250 0.031250 0.007812
4.328125 4.328125 4.820312 4.820312 4.820312 4.234375 4.234375 3.953125 3.953125 3.953125 2.914062 2.914062 2.421875 2.421875 2.421875 2.453125 2.453125 2.015625 2.015625 2.015625 1.703125 1.703125 1.343750 1.343750 1.343750 1.351562 1.351562 1.250000 1.250000 1.250000 0.804688 0.804688 0.359375 0.359375 0.359375 0.218750 0.218750 0.171875 0.171875 0.171875 0.109375 0.109375 0.101562 0.101562 0.101562 0.078125 0.078125 0.023438 0.023438 0.023438 0.007812 0.007812 0.007812 0.007812 0.007812 0.023438 0.023438 0.054688 0.054688 0.054688 0.031250 0.031250 0.007812
3.726562 3.726562 4.000000 4.000000 4.000000 3.601562 3.601562 3.382812 3.382812 3.382812 2.875000 2.875000 2.367188 2.367188 2.367188 1.960938 1.960938 1.890625 1.890625 1.890625 1.882812 1.882812 1.773438 1.773438 1.773438 1.593750 1.593750 1.328125 1.328125 1.328125 0.937500 0.937500 0.546875 0.546875 0.546875 0.421875 0.421875 0.328125 0.328125 0.328125 0.148438 0.148438 0.109375 0.109375 0.109375 0.093750 0.093750 0.031250 0.031250 0.031250 0.000000 0.000000 0.007812 0.007812 0.007812 0.031250 0.031250 0.046875 0.046875 0.046875 0.015625 0.015625 0.000000
3.726562 3.726562 4.000000 4.000000 4.000000 3.601562 3.601562 3.382812 3.382812 3.382812 2.875000 2.875000 2.367188 2.367188 2.367188 1.960938 1.960938 1.890625 1.890625 1.890625 1.882812 1.882812 1.773438 1.773438 1.773438 1.593750 1.593750 1.328125 1.328125 1.328125 0.937500 0.937500 0.546875 0.546875 0.546875 0.421875 0.421875 0.328125 0.328125 0.328125 0.148438 0.148438 0.109375 0.109375 0.109375 0.093750 0.093750 0.031250 0.031250 0.031250 0.000000 0.000000 0.007812 0.007812 0.007812 0.031250 0.031250 0.046875 0.046875 0.046875 0.015625 0.015625 0.000000
3.429688 3.429688 3.109375 3.109375 3.109375 2.804688 2.804688 2.726562 2.726562 2.726562 2.515625 2.515625 2.101562 2.101562 2.101562 1.875000 1.875000 2.273438 2.273438 2.273438 2.242188 2.242188 1.851562 1.851562 1.851562 1.406250 1.406250 1.117188 1.117188 1.117188 0.882812 0.882812 0.718750 0.718750 0.718750 0.609375 0.609375 0.406250 0.406250 0.406250 0.195312 0.195312 0.093750 0.093750 0.093750 0.062500 0.062500 0.023438 0.023438 0.023438 0.000000 0.000000 0.007812 0.007812 0.007812 0.023438 0.023438 0.015625 0.015625 0.015625 0.000000 0.000000 0.000000
3.429688 3.429688 3.109375 3.109375 3.109375 2.804688 2.804688 2.726562 2.726562 2.726562 2.515625 2.515625 2.101562 2.101562 2.101562 1.875000 1.875000 2.273438 2.273438 2.273438 2.242188 2.242188 1.851562 1.851562 1.851562 1.406250 1.406250 1.117188 1.117188 1.117188 0.882812 0.882812 0.718750 0.718750 0.718750 0.609375 0.609375 0.406250 0.406250 0.406250 0.195312 0.195312 0.093750 0.093750 0.093750 0.062500 0.062500 0.023438 0.023438 0.023438 0.000000 0.000000 0.007812 0.007812 0.007812 0.023438 0.023438 0.015625 0.015625 0.015625 0.000000 0.000000 0.000000
3.429688 3.429688 3.109375 3.109375 3.109375 2.804688 2.804688 2.726562 2.726562 2.726562 2.515625 2.515625 2.101562 2.101562 2.101562 1.875000 1.875000 2.273438 2.273438 2.273438 2.242188 2.242188 1.851562 1.851562 1.851562 1.406250 1.406250 1.117188 1.117188 1.117188 0.882812 0.882812 0.718750 0.718750 0.718750 0.609375 0.609375 0.406250 0.406250 0.406250 0.195312 0.195312 0.093750 0.093750 0.093750 0.062500 0.062500 0.023438 0.023438 0.023438 0.000000 0.000000 0.007812 0.007812 0.007812 0.023438 0.023438 0.015625 0.015625 0.015625 0.000000 0.000000 0.000000
3.843750 3.843750 3.226562 3.226562 3.226562 2.976562 2.976562 2.492188 2.492188 2.492188 2.007812 2.007812 1.906250 1.906250 1.906250 1.992188 1.992188 2.359375 2.359375 2.359375 2.250000 2.250000 1.632812 1.632812 1.632812 1.312500 1.312500 1.015625 1.015625 1.015625 0.804688 0.804688 0.734375 0.734375 0.734375 0.695312 0.695312 0.367188 0.367188 0.367188 0.117188 0.117188 0.031250 0.031250 0.031250 0.015625 0.015625 0.007812 0.007812 0.007812 0.000000 0.000000 0.000000 0.000000 0.000000 0.015625 0.015625 0.000000 0.000000 0.000000 0.000000 0.000000 0.000000
3.843750 3.843750 3.226562 3.226562 3.226562 2.976562 2.976562 2.492188 2.492188 2.492188 2.007812 2.007812 1.906250 1.906250 1.906250 1.992188 1.992188 2.359375 2.359375 2.359375 2.250000 2.250000 1.632812 1.632812 1.632812 1.312500 1.312500 1.015625 1.015625 1.015625 0.804688 0.804688 0.734375 0.734375 0.734375 0.695312 0.695312 0.367188 0.367188 0.367188 0.117188 0.117188 0.031250 0.031250 0.031250 0.015625 0.015625 0.007812 0.007812 0.007812 0.000000 0.000000 0.000000 0.000000 0.000000 0.015625 0.015625 0.000000 0.000000 0.000000 0.000000 0.000000 0.000000
4.531250 4.531250 3.609375 3.609375 3.609375 2.960938 2.960938 2.242188 2.242188 2.242188 1.875000 1.875000 1.882812 1.882812 1.882812 1.859375 1.859375 1.859375 1.859375 1.859375 1.851562 1.851562 1.507812 1.507812 1.507812 1.320312 1.320312 1.140625 1.140625 1.140625 0.992188 0.992188 0.835938 0.835938 0.835938 0.585938 0.585938 0.320312 0.320312 0.320312 0.132812 0.132812 0.054688 0.054688 0.054688 0.015625 0.015625 0.000000 0.000000 0.000000 0.000000 0.000000 0.000000 0.000000 0.000000 0.000000 0.000000 0.000000 0.000000 0.000000 0.000000 0.000000 0.007812
4.531250 4.531250 3.609375 3.609375 3.609375 2.960938 2.960938 2.242188 2.242188 2.242188 1.875000 1.875000 1.882812 1.882812 1.882812 1.859375 1.859375 1.859375 1.859375 1.859375 1.851562 1.851562 1.507812 1.507812 1.507812 1.320312 1.320312 1.140625 1.140625 1.140625 0.992188 0.992188 0.835938 0.835938 0.835938 0.585938 0.585938 0.320312 0.320312 0.320312 0.132812 0.132812 0.054688 0.054688 0.054688 0.015625 0.015625 0.000000 0.000000 0.000000 0.000000 0.000000 0.000000 0.000000 0.000000 0.000000 0.000000 0.000000 0.000000 0.000000 0.000000 0.000000 0.007812
4.531250 4.531250 3.609375 3.609375 3.609375 2.960938 2.960938 2.242188 2.242188 2.242188 1.875000 1.875000 1.882812 1.882812 1.882812 1.859375 1.859375 1.859375 1.859375 1.859375 1.851562 1.851562 1.507812 1.507812 1.507812 1.320312 1.320312 1.140625 1.140625 1.140625 0.992188 0.992188 0.835938 0.835938 0.835938 0.585938 0.585938 0.320312 0.320312 0.320312 0.132812 0.132812 0.054688 0.054688 0.054688 0.015625 0.015625 0.000000 0.000000 0.000000 0.000000 0.000000 0.000000 0.000000 0.000000 0.000000 0.000000 0.000000 0.000000 0.000000 0.000000 0.000000 0.007812
4.703125 4.703125 3.710938 3.710938 3.710938 3.062500 3.062500 2.351562 2.351562 2.351562 1.882812 1.882812 1.507812 1.507812 1.507812 0.929688 0.929688 0.609375 0.609375 0.609375 0.640625 0.640625 0.617188 0.617188 0.617188 0.570312 0.570312 0.546875 0.546875 0.546875 0.593750 0.593750 0.632812 0.632812 0.632812 0.546875 0.546875 0.453125 0.453125 0.453125 0.265625 0.265625 0.093750 0.093750 0.093750 0.007812 0.007812 0.000000 0.000000 0.000000 0.000000 0.000000 0.000000 0.000000 0.000000 0.000000 0.000000 0.000000 0.000000 0.000000 0.007812 0.007812 0.007812
4.703125 4.703125 3.710938 3.710938 3.710938 3.062500 3.062500 2.351562 2.351562 2.351562 1.882812 1.882812 1.507812 1.507812 1.507812 0.929688 0.929688 0.609375 0.609375 0.609375 0.640625 0.640625 0.617188 0.617188 0.617188 0.570312 0.570312 0.546875 0.546875 0.546875 0.593750 0.593750 0.632812 0.632812 0.632812 0.546875 0.546875 0.453125 0.453125 0.453125 0.265625 0.265625 0.093750 0.093750 0.093750 0.007812 0.007812 0.000000 0.000000 0.000000 0.000000 0.000000 0.000000 0.000000 0.000000 0.000000 0.000000 0.000000 0.000000 0.000000 0.007812 0.007812 0.007812
6.117188 6.117188 5.039062 5.039062 5.039062 3.328125 3.328125 2.250000 2.250000 2.250000 1.515625 1.515625 0.804688 0.804688 0.804688 0.320312 0.320312 0.187500 0.187500 0.187500 0.148438 0.148438 0.164062 0.164062 0.164062 0.156250 0.156250 0.132812 0.132812 0.132812 0.117188 0.117188 0.164062 0.164062 0.164062 0.187500 0.187500 0.156250 0.156250 0.156250 0.085938 0.085938 0.015625 0.015625 0.015625 0.000000 0.000000 0.000000 0.000000 0.000000 0.000000 0.000000 0.000000 0.000000 0.000000 0.000000 0.000000 0.000000 0.000000 0.000000 0.000000 0.000000 0.000000
6.117188 6.117188 5.039062 5.039062 5.039062 3.328125 3.328125 2.250000 2.250000 2.250000 1.515625 1.515625 0.804688 0.804688 0.804688 0.320312 0.320312 0.187500 0.187500 0.187500 0.148438 0.148438 0.164062 0.164062 0.164062 0.156250 0.156250 0.132812 0.132812 0.132812 0.117188 0.117188 0.164062 0.164062 0.164062 0.187500 0.187500 0.156250 0.156250 0.156250 0.085938 0.085938 0.015625 0.015625 0.015625 0.000000 0.000000 0.000000 0.000000 0.000000 0.000000 0.000000 0.000000 0.000000 0.000000 0.000000 0.000000 0.000000 0.000000 0.000000 0.000000 0.000000 0.000000
6.117188 6.117188 5.039062 5.039062 5.039062 3.328125 3.328125 2.250000 2.250000 2.250000 1.515625 1.515625 0.804688 0.804688 0.804688 0.320312 0.320312 0.187500 0.187500 0.187500 0.148438 0.148438 0.164062 0.164062 0.164062 0.156250 0.156250 0.132812 0.132812 0.132812 0.117188 0.117188 0.164062 0.164062 0.164062 0.187500 0.187500 0.156250 0.156250 0.156250 0.085938 0.085938 0.015625 0.015625 0.015625 0.000000 0.000000 0.000000 0.000000 0.000000 0.000000 0.000000 0.000000 0.000000 0.000000 0.000000 0.000000 0.000000 0.000000 0.000000 0.000000 0.000000 0.000000
6.320312 6.320312 4.562500 4.562500 4.562500 2.656250 2.656250 1.382812 1.382812 1.382812 0.656250 0.656250 0.273438 0.273438 0.273438 0.171875 0.171875 0.093750 0.093750 0.093750 0.101562 0.101562 0.148438 0.148438 0.148438 0.210938 0.210938 0.203125 0.203125 0.203125 0.171875 0.171875 0.179688 0.179688 0.179688 0.125000 0.125000 0.015625 0.015625 0.015625 0.000000 0.000000 0.000000 0.000000 0.000000 0.000000 0.000000 0.000000 0.000000 0.000000 0.000000 0.000000 0.000000 0.000000 0.000000 0.007812 0.007812 0.000000 0.000000 0.000000 0.000000 0.000000 0.000000
6.320312 6.320312 4.562500 4.562500 4.562500 2.656250 2.656250 1.382812 1.382812 1.382812 0.656250 0.656250 0.273438 0.273438 0.273438 0.171875 0.171875 0.093750 0.093750 0.093750 0.101562 0.101562 0.148438 0.148438 0.148438 0.210938 0.210938 0.203125 0.203125 0.203125 0.171875 0.171875 0.179688 0.179688 0.179688 0.125000 0.125000 0.015625 0.015625 0.015625 0.000000 0.000000 0.000000 0.000000 0.000000 0.000000 0.000000 0.000000 0.000000 0.000000 0.000000 0.000000 0.000000 0.000000 0.000000 0.007812 0.007812 0.000000 0.000000 0.000000 0.000000 0.000000 0.000000
3.312500 3.312500 2.601562 2.601562 2.601562 1.289062 1.289062 0.445312 0.445312 0.445312 0.234375 0.234375 0.179688 0.179688 0.179688 0.132812 0.132812 0.226562 0.226562 0.226562 0.312500 0.312500 0.312500 0.312500 0.312500 0.421875 0.421875 0.375000 0.375000 0.375000 0.351562 0.351562 0.312500 0.312500 0.312500 0.117188 0.117188 0.007812 0.007812 0.007812 0.000000 0.000000 0.000000 0.000000 0.000000 0.000000 0.000000 0.000000 0.000000 0.000000 0.000000 0.000000 0.007812 0.007812 0.007812 0.007812 0.007812 0.000000 0.000000 0.000000 0.007812 0.007812 0.000000
3.312500 3.312500 2.601562 2.601562 2.601562 1.289062 1.289062 0.445312 0.445312 0.445312 0.234375 0.234375 0.179688 0.179688 0.179688 0.132812 0.132812 0.226562 0.226562 0.226562 0.312500 0.312500 0.312500 0.312500 0.312500 0.421875 0.421875 0.375000 0.375000 0.375000 0.351562 0.351562 0.312500 0.312500 0.312500 0.117188 0.117188 0.007812 0.007812 0.007812 0.000000 0.000000 0.000000 0.000000 0.000000 0.000000 0.000000 0.000000 0.000000 0.000000 0.000000 0.000000 0.007812 0.007812 0.007812 0.007812 0.007812 0.000000 0.000000 0.000000 0.007812 0.007812 0.000000
3.312500 3.312500 2.601562 2.601562 2.601562 1.289062 1.289062 0.445312 0.445312 0.445312 0.234375 0.234375 0.179688 0.179688 0.179688 0.132812 0.132812 0.226562 0.226562 0.226562 0.312500 0.312500 0.312500 0.312500 0.312500 0.421875 0.421875 0.375000 0.375000 0.375000 0.351562 0.351562 0.312500 0.312500 0.312500 0.117188 0.117188 0.007812 0.007812 0.007812 0.000000 0.000000 0.000000 0.000000 0.000000 0.000000 0.000000 0.000000 0.000000 0.000000 0.000000 0.000000 0.007812 0.007812 0.007812 0.007812 0.007812 0.000000 0.000000 0.000000 0.007812 0.007812 0.000000
1.703125 1.703125 1.148438 1.148438 1.148438 0.539062 0.539062 0.335938 0.335938 0.335938 0.203125 0.203125 0.203125 0.203125 0.203125 0.257812 0.257812 0.406250 0.406250 0.406250 0.390625 0.390625 0.257812 0.257812 0.257812 0.296875 0.296875 0.304688 0.304688 0.304688 0.273438 0.273438 0.179688 0.179688 0.179688 0.070312 0.070312 0.023438 0.023438 0.023438 0.007812 0.007812 0.000000 0.000000 0.000000 0.000000 0.000000 0.000000 0.000000 0.000000 0.007812 0.007812 0.023438 0.023438 0.023438 0.031250 0.031250 0.031250 0.031250 0.031250 0.015625 0.015625 0.000000
1.703125 1.703125 1.148438 1.148438 1.148438 0.539062 0.539062 0.335938 0.335938 0.335938 0.203125 0.203125 0.203125 0.203125 0.203125 0.257812 0.257812 0.406250 0.406250 0.406250 0.390625 0.390625 0.257812 0.257812 0.257812 0.296875 0.296875 0.304688 0.304688 0.304688 0.273438 0.273438 0.179688 0.179688 0.179688 0.070312 0.070312 0.023438 0.023438 0.023438 0.007812 0.007812 0.000000 0.000000 0.000000 0.000000 0.000000 0.000000 0.000000 0.000000 0.007812 0.007812 0.023438 0.023438 0.023438 0.031250 0.031250 0.031250 0.031250 0.031250 0.015625 0.015625 0.000000
2.171875 2.171875 2.265625 2.265625 2.265625 1.367188 1.367188 0.500000 0.500000 0.500000 0.179688 0.179688 0.101562 0.101562 0.101562 0.085938 0.085938 0.140625 0.140625 0.140625 0.203125 0.203125 0.210938 0.210938 0.210938 0.257812 0.257812 0.226562 0.226562 0.226562 0.140625 0.140625 0.093750 0.093750 0.093750 0.070312 0.070312 0.039062 0.039062 0.039062 0.023438 0.023438 0.015625 0.015625 0.015625 0.000000 0.000000 0.000000 0.000000 0.000000 0.031250 0.031250 0.062500 0.062500 0.062500 0.078125 0.078125 0.062500 0.062500 0.062500 0.023438 0.023438 0.000000
2.171875 2.171875 2.265625 2.265625 2.265625 1.367188 1.367188 0.500000 0.500000 0.500000 0.179688 0.179688 0.101562 0.101562 0.101562 0.085938 0.085938 0.140625 0.140625 0.140625 0.203125 0.203125 0.210938 0.210938 0.210938 0.257812 0.257812 0.226562 0.226562 0.226562 0.140625 0.140625 0.093750 0.093750 0.093750 0.070312 0.070312 0.039062 0.039062 0.039062 0.023438 0.023438 0.015625 0.015625 0.015625 0.000000 0.000000 0.000000 0.000000 0.000000 0.031250 0.031250 0.062500 0.062500 0.062500 0.078125 0.078125 0.062500 0.062500 0.062500 0.023438 0.023438 0.000000
