Data/APCP/20200108.L3.apcp.gfs.pakistan.txt
ncols    	169
nrows    	134
xllcorner	60.9
yllcorner	23.7
cellsize 	0.1
NODATA_value  -9999
[rows 28 to 55 of 134, columns 0 to 62 of 169]
15.937500 15.937500 16.632812 16.632812 16.632812 11.539062 11.539062 6.734375 6.734375 6.734375 3.890625 3.890625 1.875000 1.875000 1.875000 0.789062 0.789062 0.539062 0.539062 0.539062 0.960938 0.960938 0.835938 0.835938 0.835938 0.554688 0.554688 0.398438 0.398438 0.398438 0.226562 0.226562 0.171875 0.171875 0.171875 0.257812 0.257812 0.289062 0.289062 0.289062 0.179688 0.179688 0.210938 0.210938 0.210938 0.460938 0.460938 0.796875 0.796875 0.796875 1.046875 1.046875 1.085938 1.085938 1.085938 0.976562 0.976562 0.960938 0.960938 0.960938 0.859375 0.859375 0.882812
15.937500 15.937500 16.632812 16.632812 16.632812 11.539062 11.539062 6.734375 6.734375 6.734375 3.890625 3.890625 1.875000 1.875000 1.875000 0.789062 0.789062 0.539062 0.539062 0.539062 0.960938 0.960938 0.835938 0.835938 0.835938 0.554688 0.554688 0.398438 0.398438 0.398438 0.226562 0.226562 0.171875 0.171875 0.171875 0.257812 0.257812 0.289062 0.289062 0.289062 0.179688 0.179688 0.210938 0.210938 0.210938 0.460938 0.460938 0.796875 0.796875 0.796875 1.046875 1.046875 1.085938 1.085938 1.085938 0.976562 0.976562 0.960938 0.960938 0.960938 0.859375 0.859375 0.882812
13.664062 13.664062 11.476562 11.476562 11.476562 6.492188 6.492188 3.664062 3.664062 3.664062 1.851562 1.851562 1.406250 1.406250 1.406250 1.859375 1.859375 3.218750 3.218750 3.218750 3.398438 3.398438 2.132812 2.132812 2.132812 1.476562 1.476562 1.156250 1.156250 1.156250 0.812500 0.812500 0.500000 0.500000 0.500000 0.296875 0.296875 0.171875 0.171875 0.171875 0.132812 0.132812 0.429688 0.429688 0.429688 1.414062 1.414062 1.640625 1.640625 1.640625 1.656250 1.656250 2.062500 2.062500 2.062500 2.031250 2.031250 1.765625 1.765625 1.765625 1.398438 1.398438 0.804688
13.664062 13.664062 11.476562 11.476562 11.476562 6.492188 6.492188 3.664062 3.664062 3.664062 1.851562 1.851562 1.406250 1.406250 1.406250 1.859375 1.859375 3.218750 3.218750 3.218750 3.398438 3.398438 2.132812 2.132812 2.132812 1.476562 1.476562 1.156250 1.156250 1.156250 0.812500 0.812500 0.500000 0.500000 0.500000 0.296875 0.296875 0.171875 0.171875 0.171875 0.132812 0.132812 0.429688 0.429688 0.429688 1.414062 1.414062 1.640625 1.640625 1.640625 1.656250 1.656250 2.062500 2.062500 2.062500 2.031250 2.031250 1.765625 1.765625 1.765625 1.398438 1.398438 0.804688
10.726562 10.726562 6.539062 6.539062 6.539062 3.625000 3.625000 2.156250 2.156250 2.156250 1.554688 1.554688 1.867188 1.867188 1.867188 2.960938 2.960938 5.039062 5.039062 5.039062 5.445312 5.445312 5.554688 5.554688 5.554688 5.804688 5.804688 3.812500 3.812500 3.812500 1.890625 1.890625 0.742188 0.742188 0.742188 0.500000 0.500000 0.484375 0.484375 0.484375 0.835938 0.835938 1.570312 1.570312 1.570312 2.406250 2.406250 2.812500 2.812500 2.812500 3.343750 3.343750 2.976562 2.976562 2.976562 2.835938 2.835938 1.632812 1.632812 1.632812 1.203125 1.203125 1.484375
10.726562 10.726562 6.539062 6.539062 6.539062 3.625000 3.625000 2.156250 2.156250 2.156250 1.554688 1.554688 1.867188 1.867188 1.867188 2.960938 2.960938 5.039062 5.039062 5.039062 5.445312 5.445312 5.554688 5.554688 5.554688 5.804688 5.804688 3.812500 3.812500 3.812500 1.890625 1.890625 0.742188 0.742188 0.742188 0.500000 0.500000 0.484375 0.484375 0.484375 0.835938 0.835938 1.570312 1.570312 1.570312 2.406250 2.406250 2.812500 2.812500 2.812500 3.343750 3.343750 2.976562 2.976562 2.976562 2.835938 2.835938 1.632812 1.632812 1.632812 1.203125 1.203125 1.484375
10.726562 10.726562 6.539062 6.539062 6.539062 3.625000 3.625000 2.156250 2.156250 2.156250 1.554688 1.554688 1.867188 1.867188 1.867188 2.960938 2.960938 5.039062 5.039062 5.039062 5.445312 5.445312 5.554688 5.554688 5.554688 5.804688 5.804688 3.812500 3.812500 3.812500 1.890625 1.890625 0.742188 0.742188 0.742188 0.500000 0.500000 0.484375 0.484375 0.484375 0.835938 0.835938 1.570312 1.570312 1.570312 2.406250 2.406250 2.812500 2.812500 2.812500 3.343750 3.343750 2.976562 2.976562 2.976562 2.835938 2.835938 1.632812 1.632812 1.632812 1.203125 1.203125 1.484375
6.531250 6.531250 4.656250 4.656250 4.656250 2.648438 2.648438 1.726562 1.726562 1.726562 1.734375 1.734375 2.148438 2.148438 2.148438 2.523438 2.523438 3.359375 3.359375 3.359375 5.523438 5.523438 7.687500 7.687500 7.687500 6.125000 6.125000 3.382812 3.382812 3.382812 1.554688 1.554688 0.796875 0.796875 0.796875 1.203125 1.203125 1.789062 1.789062 1.789062 2.296875 2.296875 2.554688 2.554688 2.554688 3.093750 3.093750 3.578125 3.578125 3.578125 4.234375 4.234375 3.257812 3.257812 3.257812 2.335938 2.335938 1.726562 1.726562 1.726562 2.273438 2.273438 1.937500
6.531250 6.531250 4.656250 4.656250 4.656250 2.648438 2.648438 1.726562 1.726562 1.726562 1.734375 1.734375 2.148438 2.148438 2.148438 2.523438 2.523438 3.359375 3.359375 3.359375 5.523438 5.523438 7.687500 7.687500 7.687500 6.125000 6.125000 3.382812 3.382812 3.382812 1.554688 1.554688 0.796875 0.796875 0.796875 1.203125 1.203125 1.789062 1.789062 1.789062 2.296875 2.296875 2.554688 2.554688 2.554688 3.093750 3.093750 3.578125 3.578125 3.578125 4.234375 4.234375 3.257812 3.257812 3.257812 2.335938 2.335938 1.726562 1.726562 1.726562 2.273438 2.273438 1.937500
5.203125 5.203125 4.414062 4.414062 4.414062 2.460938 2.460938 1.726562 1.726562 1.726562 1.960938 1.960938 2.507812 2.507812 2.507812 2.789062 2.789062 3.757812 3.757812 3.757812 5.796875 5.796875 7.023438 7.023438 7.023438 5.351562 5.351562 4.093750 4.093750 4.093750 2.460938 2.460938 2.656250 2.656250 2.656250 3.820312 3.820312 4.562500 4.562500 4.562500 3.664062 3.664062 3.554688 3.554688 3.554688 4.460938 4.460938 4.109375 4.109375 4.109375 4.398438 4.398438 3.929688 3.929688 3.929688 3.367188 3.367188 2.820312 2.820312 2.820312 2.125000 2.125000 2.289062
5.203125 5.203125 4.414062 4.414062 4.414062 2.460938 2.460938 1.726562 1.726562 1.726562 1.960938 1.960938 2.507812 2.507812 2.507812 2.789062 2.789062 3.757812 3.757812 3.757812 5.796875 5.796875 7.023438 7.023438 7.023438 5.351562 5.351562 4.093750 4.093750 4.093750 2.460938 2.460938 2.656250 2.656250 2.656250 3.820312 3.820312 4.562500 4.562500 4.562500 3.664062 3.664062 3.554688 3.554688 3.554688 4.460938 4.460938 4.109375 4.109375 4.109375 4.398438 4.398438 3.929688 3.929688 3.929688 3.367188 3.367188 2.820312 2.820312 2.820312 2.125000 2.125000 2.289062
5.203125 5.203125 4.414062 4.414062 4.414062 2.460938 2.460938 1.726562 1.726562 1.726562 1.960938 1.960938 2.507812 2.507812 2.507812 2.789062 2.789062 3.757812 3.757812 3.757812 5.796875 5.796875 7.023438 7.023438 7.023438 5.351562 5.351562 4.093750 4.093750 4.093750 2.460938 2.460938 2.656250 2.656250 2.656250 3.820312 3.820312 4.562500 4.562500 4.562500 3.664062 3.664062 3.554688 3.554688 3.554688 4.460938 4.460938 4.109375 4.109375 4.109375 4.398438 4.398438 3.929688 3.929688 3.929688 3.367188 3.367188 2.820312 2.820312 2.820312 2.125000 2.125000 2.289062
4.703125 4.703125 4.304688 4.304688 4.304688 2.937500 2.937500 2.539062 2.539062 2.539062 3.492188 3.492188 3.945312 3.945312 3.945312 3.312500 3.312500 3.906250 3.906250 3.906250 4.921875 4.921875 4.882812 4.882812 4.882812 4.421875 4.421875 5.789062 5.789062 5.789062 6.820312 6.820312 7.679688 7.679688 7.679688 7.828125 7.828125 6.609375 6.609375 6.609375 4.289062 4.289062 4.867188 4.867188 4.867188 5.078125 5.078125 4.789062 4.789062 4.789062 5.132812 5.132812 4.289062 4.289062 4.289062 3.773438 3.773438 2.851562 2.851562 2.851562 3.148438 3.148438 3.039062
4.703125 4.703125 4.304688 4.304688 4.304688 2.937500 2.937500 2.539062 2.539062 2.539062 3.492188 3.492188 3.945312 3.945312 3.945312 3.312500 3.312500 3.906250 3.906250 3.906250 4.921875 4.921875 4.882812 4.882812 4.882812 4.421875 4.421875 5.789062 5.789062 5.789062 6.820312 6.820312 7.679688 7.679688 7.679688 7.828125 7.828125 6.609375 6.609375 6.609375 4.289062 4.289062 4.867188 4.867188 4.867188 5.078125 5.078125 4.789062 4.789062 4.789062 5.132812 5.132812 4.289062 4.289062 4.289062 3.773438 3.773438 2.851562 2.851562 2.851562 3.148438 3.148438 3.039062
4.156250 4.156250 4.906250 4.906250 4.906250 4.171875 4.171875 3.789062 3.789062 3.789062 4.531250 4.531250 3.281250 3.281250 3.281250 2.539062 2.539062 4.015625 4.015625 4.015625 4.257812 4.257812 3.335938 3.335938 3.335938 4.093750 4.093750 5.914062 5.914062 5.914062 9.703125 9.703125 9.906250 9.906250 9.906250 8.937500 8.937500 7.468750 7.468750 7.468750 6.859375 6.859375 7.273438 7.273438 7.273438 5.671875 5.671875 5.476562 5.476562 5.476562 4.820312 4.820312 3.554688 3.554688 3.554688 3.695312 3.695312 4.250000 4.250000 4.250000 4.843750 4.843750 4.171875
4.156250 4.156250 4.906250 4.906250 4.906250 4.171875 4.171875 3.789062 3.789062 3.789062 4.531250 4.531250 3.281250 3.281250 3.281250 2.539062 2.539062 4.015625 4.015625 4.015625 4.257812 4.257812 3.335938 3.335938 3.335938 4.093750 4.093750 5.914062 5.914062 5.914062 9.703125 9.703125 9.906250 9.906250 9.906250 8.937500 8.937500 7.468750 7.468750 7.468750 6.859375 6.859375 7.273438 7.273438 7.273438 5.671875 5.671875 5.476562 5.476562 5.476562 4.820312 4.820312 3.554688 3.554688 3.554688 3.695312 3.695312 4.250000 4.250000 4.250000 4.843750 4.843750 4.171875
4.156250 4.156250 4.906250 4.906250 4.906250 4.171875 4.171875 3.789062 3.789062 3.789062 4.531250 4.531250 3.281250 3.281250 3.281250 2.539062 2.539062 4.015625 4.015625 4.015625 4.257812 4.257812 3.335938 3.335938 3.335938 4.093750 4.093750 5.914062 5.914062 5.914062 9.703125 9.703125 9.906250 9.906250 9.906250 8.937500 8.937500 7.468750 7.468750 7.468750 6.859375 6.859375 7.273438 7.273438 7.273438 5.671875 5.671875 5.476562 5.476562 5.476562 4.820312 4.820312 3.554688 3.554688 3.554688 3.695312 3.695312 4.250000 4.250000 4.250000 4.843750 4.843750 4.171875
4.625000 4.625000 5.335938 5.335938 5.335938 4.273438 4.273438 4.054688 4.054688 4.054688 3.593750 3.593750 2.851562 2.851562 2.851562 4.750000 4.750000 7.570312 7.570312 7.570312 5.867188 5.867188 5.187500 5.187500 5.187500 5.906250 5.906250 7.164062 7.164062 7.164062 9.562500 9.562500 10.085938 10.085938 10.085938 8.734375 8.734375 7.875000 7.875000 7.875000 7.679688 7.679688 7.023438 7.023438 7.023438 5.718750 5.718750 4.921875 4.921875 4.921875 3.875000 3.875000 4.476562 4.476562 4.476562 6.867188 6.867188 6.148438 6.148438 6.148438 5.351562 5.351562 5.148438
4.625000 4.625000 5.335938 5.335938 5.335938 4.273438 4.273438 4.054688 4.054688 4.054688 3.593750 3.593750 2.851562 2.851562 2.851562 4.750000 4.750000 7.570312 7.570312 7.570312 5.867188 5.867188 5.187500 5.187500 5.187500 5.906250 5.906250 7.164062 7.164062 7.164062 9.562500 9.562500 10.085938 10.085938 10.085938 8.734375 8.734375 7.875000 7.875000 7.875000 7.679688 7.679688 7.023438 7.023438 7.023438 5.718750 5.718750 4.921875 4.921875 4.921875 3.875000 3.875000 4.476562 4.476562 4.476562 6.867188 6.867188 6.148438 6.148438 6.148438 5.351562 5.351562 5.148438
5.554688 5.554688 4.781250 4.781250 4.781250 4.296875 4.296875 3.843750 3.843750 3.843750 2.976562 2.976562 2.726562 2.726562 2.726562 5.039062 5.039062 6.531250 6.531250 6.531250 4.750000 4.750000 4.781250 4.781250 4.781250 4.976562 4.976562 5.703125 5.703125 5.703125 7.210938 7.210938 8.500000 8.500000 8.500000 8.460938 8.460938 7.375000 7.375000 7.375000 7.039062 7.039062 6.523438 6.523438 6.523438 6.554688 6.554688 5.726562 5.726562 5.726562 5.359375 5.359375 5.781250 5.781250 5.781250 7.585938 7.585938 7.500000 7.500000 7.500000 6.968750 6.968750 6.000000
5.554688 5.554688 4.781250 4.781250 4.781250 4.296875 4.296875 3.843750 3.843750 3.843750 2.976562 2.976562 2.726562 2.726562 2.726562 5.039062 5.039062 6.531250 6.531250 6.531250 4.750000 4.750000 4.781250 4.781250 4.781250 4.976562 4.976562 5.703125 5.703125 5.703125 7.210938 7.210938 8.500000 8.500000 8.500000 8.460938 8.460938 7.375000 7.375000 7.375000 7.039062 7.039062 6.523438 6.523438 6.523438 6.554688 6.554688 5.726562 5.726562 5.726562 5.359375 5.359375 5.781250 5.781250 5.781250 7.585938 7.585938 7.500000 7.500000 7.500000 6.968750 6.968750 6.000000
5.554688 5.554688 4.781250 4.781250 4.781250 4.296875 4.296875 3.843750 3.843750 3.843750 2.976562 2.976562 2.726562 2.726562 2.726562 5.039062 5.039062 6.531250 6.531250 6.531250 4.750000 4.750000 4.781250 4.781250 4.781250 4.976562 4.976562 5.703125 5.703125 5.703125 7.210938 7.210938 8.500000 8.500000 8.500000 8.460938 8.460938 7.375000 7.375000 7.375000 7.039062 7.039062 6.523438 6.523438 6.523438 6.554688 6.554688 5.726562 5.726562 5.726562 5.359375 5.359375 5.781250 5.781250 5.781250 7.585938 7.585938 7.500000 7.500000 7.500000 6.968750 6.968750 6.000000
5.570312 5.570312 5.312500 5.312500 5.312500 4.101562 4.101562 3.445312 3.445312 3.445312 2.890625 2.890625 2.687500 2.687500 2.687500 3.414062 3.414062 3.960938 3.960938 3.960938 3.835938 3.835938 4.242188 4.242188 4.242188 5.179688 5.179688 6.437500 6.437500 6.437500 7.453125 7.453125 8.398438 8.398438 8.398438 7.937500 7.937500 7.125000 7.125000 7.125000 7.492188 7.492188 9.539062 9.539062 9.539062 10.671875 10.671875 8.562500 8.562500 8.562500 6.953125 6.953125 7.062500 7.062500 7.062500 8.960938 8.960938 9.250000 9.250000 9.250000 7.906250 7.906250 7.398438
5.570312 5.570312 5.312500 5.312500 5.312500 4.101562 4.101562 3.445312 3.445312 3.445312 2.890625 2.890625 2.687500 2.687500 2.687500 3.414062 3.414062 3.960938 3.960938 3.960938 3.835938 3.835938 4.242188 4.242188 4.242188 5.179688 5.179688 6.437500 6.437500 6.437500 7.453125 7.453125 8.398438 8.398438 8.398438 7.937500 7.937500 7.125000 7.125000 7.125000 7.492188 7.492188 9.539062 9.539062 9.539062 10.671875 10.671875 8.562500 8.562500 8.562500 6.953125 6.953125 7.062500 7.062500 7.062500 8.960938 8.960938 9.250000 9.250000 9.250000 7.906250 7.906250 7.398438
6.398438 6.398438 5.429688 5.429688 5.429688 3.281250 3.281250 2.921875 2.921875 2.921875 2.914062 2.914062 3.132812 3.132812 3.132812 3.234375 3.234375 3.312500 3.312500 3.312500 3.640625 3.640625 4.296875 4.296875 4.296875 5.671875 5.671875 7.335938 7.335938 7.335938 8.898438 8.898438 9.117188 9.117188 9.117188 8.742188 8.742188 8.226562 8.226562 8.226562 7.984375 7.984375 9.429688 9.429688 9.429688 9.375000 9.375000 8.125000 8.125000 8.125000 7.875000 7.875000 8.406250 8.406250 8.406250 9.140625 9.140625 9.242188 9.242188 9.242188 8.867188 8.867188 8.953125
6.398438 6.398438 5.429688 5.429688 5.429688 3.281250 3.281250 2.921875 2.921875 2.921875 2.914062 2.914062 3.132812 3.132812 3.132812 3.234375 3.234375 3.312500 3.312500 3.312500 3.640625 3.640625 4.296875 4.296875 4.296875 5.671875 5.671875 7.335938 7.335938 7.335938 8.898438 8.898438 9.117188 9.117188 9.117188 8.742188 8.742188 8.226562 8.226562 8.226562 7.984375 7.984375 9.429688 9.429688 9.429688 9.375000 9.375000 8.125000 8.125000 8.125000 7.875000 7.875000 8.406250 8.406250 8.406250 9.140625 9.140625 9.242188 9.242188 9.242188 8.867188 8.867188 8.953125
6.398438 6.398438 5.429688 5.429688 5.429688 3.281250 3.281250 2.921875 2.921875 2.921875 2.914062 2.914062 3.132812 3.132812 3.132812 3.234375 3.234375 3.312500 3.312500 3.312500 3.640625 3.640625 4.296875 4.296875 4.296875 5.671875 5.671875 7.335938 7.335938 7.335938 8.898438 8.898438 9.117188 9.117188 9.117188 8.742188 8.742188 8.226562 8.226562 8.226562 7.984375 7.984375 9.429688 9.429688 9.429688 9.375000 9.375000 8.125000 8.125000 8.125000 7.875000 7.875000 8.406250 8.406250 8.406250 9.140625 9.140625 9.242188 9.242188 9.242188 8.867188 8.867188 8.953125
6.695312 6.695312 5.390625 5.390625 5.390625 2.859375 2.859375 2.984375 2.984375 2.984375 3.601562 3.601562 4.289062 4.289062 4.289062 4.226562 4.226562 3.679688 3.679688 3.679688 4.148438 4.148438 5.546875 5.546875 5.546875 7.648438 7.648438 9.812500 9.812500 9.812500 10.781250 10.781250 9.687500 9.687500 9.687500 8.734375 8.734375 8.281250 8.281250 8.281250 7.656250 7.656250 7.929688 7.929688 7.929688 8.140625 8.140625 7.750000 7.750000 7.750000 7.773438 7.773438 7.835938 7.835938 7.835938 7.945312 7.945312 8.609375 8.609375 8.609375 8.375000 8.375000 8.062500
