Data/APCP/20200108.L4.apcp.gfs.pakistan.txt
ncols    	169
nrows    	134
xllcorner	60.9
yllcorner	23.7
cellsize 	0.1
NODATA_value  -9999
[rows 84 to 111 of 134, columns 0 to 62 of 169]
0.085938 0.085938 0.054688 0.054688 0.054688 0.023438 0.023438 0.000000 0.000000 0.000000 0.015625 0.015625 0.015625 0.015625 0.015625 0.000000 0.000000 0.023438 0.023438 0.023438 0.085938 0.085938 0.101562 0.101562 0.101562 0.101562 0.101562 0.132812 0.132812 0.132812 0.281250 0.281250 0.507812 0.507812 0.507812 0.625000 0.625000 0.796875 0.796875 0.796875 1.804688 1.804688 2.859375 2.859375 2.859375 2.656250 2.656250 2.398438 2.398438 2.398438 2.648438 2.648438 3.054688 3.054688 3.054688 4.390625 4.390625 5.625000 5.625000 5.625000 5.000000 5.000000 2.125000
0.093750 0.093750 0.312500 0.312500 0.312500 0.179688 0.179688 0.156250 0.156250 0.156250 0.000000 0.000000 0.015625 0.015625 0.015625 0.000000 0.000000 0.039062 0.039062 0.039062 0.109375 0.109375 0.132812 0.132812 0.132812 0.296875 0.296875 0.351562 0.351562 0.351562 0.460938 0.460938 0.398438 0.398438 0.398438 0.453125 0.453125 1.304688 1.304688 1.304688 2.703125 2.703125 3.562500 3.562500 3.562500 2.820312 2.820312 2.679688 2.679688 2.679688 3.687500 3.687500 4.195312 4.195312 4.195312 5.210938 5.210938 5.226562 5.226562 5.226562 3.671875 3.671875 1.203125
0.093750 0.093750 0.312500 0.312500 0.312500 0.179688 0.179688 0.156250 0.156250 0.156250 0.000000 0.000000 0.015625 0.015625 0.015625 0.000000 0.000000 0.039062 0.039062 0.039062 0.109375 0.109375 0.132812 0.132812 0.132812 0.296875 0.296875 0.351562 0.351562 0.351562 0.460938 0.460938 0.398438 0.398438 0.398438 0.453125 0.453125 1.304688 1.304688 1.304688 2.703125 2.703125 3.562500 3.562500 3.562500 2.820312 2.820312 2.679688 2.679688 2.679688 3.687500 3.687500 4.195312 4.195312 4.195312 5.210938 5.210938 5.226562 5.226562 5.226562 3.671875 3.671875 1.203125
0.023438 0.023438 0.203125 0.203125 0.203125 0.218750 0.218750 0.554688 0.554688 0.554688 0.187500 0.187500 0.039062 0.039062 0.039062 0.015625 0.015625 0.007812 0.007812 0.007812 0.070312 0.070312 0.195312 0.195312 0.195312 0.281250 0.281250 0.335938 0.335938 0.335938 0.226562 0.226562 0.187500 0.187500 0.187500 0.445312 0.445312 1.445312 1.445312 1.445312 3.109375 3.109375 3.359375 3.359375 3.359375 3.359375 3.359375 4.234375 4.234375 4.234375 5.210938 5.210938 5.031250 5.031250 5.031250 4.312500 4.312500 3.382812 3.382812 3.382812 2.015625 2.015625 0.781250
0.023438 0.023438 0.203125 0.203125 0.203125 0.218750 0.218750 0.554688 0.554688 0.554688 0.187500 0.187500 0.039062 0.039062 0.039062 0.015625 0.015625 0.007812 0.007812 0.007812 0.070312 0.070312 0.195312 0.195312 0.195312 0.281250 0.281250 0.335938 0.335938 0.335938 0.226562 0.226562 0.187500 0.187500 0.187500 0.445312 0.445312 1.445312 1.445312 1.445312 3.109375 3.109375 3.359375 3.359375 3.359375 3.359375 3.359375 4.234375 4.234375 4.234375 5.210938 5.210938 5.031250 5.031250 5.031250 4.312500 4.312500 3.382812 3.382812 3.382812 2.015625 2.015625 0.781250
0.023438 0.023438 0.203125 0.203125 0.203125 0.218750 0.218750 0.554688 0.554688 0.554688 0.187500 0.187500 0.039062 0.039062 0.039062 0.015625 0.015625 0.007812 0.007812 0.007812 0.070312 0.070312 0.195312 0.195312 0.195312 0.281250 0.281250 0.335938 0.335938 0.335938 0.226562 0.226562 0.187500 0.187500 0.187500 0.445312 0.445312 1.445312 1.445312 1.445312 3.109375 3.109375 3.359375 3.359375 3.359375 3.359375 3.359375 4.234375 4.234375 4.234375 5.210938 5.210938 5.031250 5.031250 5.031250 4.312500 4.312500 3.382812 3.382812 3.382812 2.015625 2.015625 0.781250
0.015625 0.015625 0.046875 0.046875 0.046875 0.070312 0.070312 0.289062 0.289062 0.289062 0.250000 0.250000 0.085938 0.085938 0.085938 0.031250 0.031250 0.007812 0.007812 0.007812 0.062500 0.062500 0.093750 0.093750 0.093750 0.093750 0.093750 0.140625 0.140625 0.140625 0.085938 0.085938 0.304688 0.304688 0.304688 1.000000 1.000000 2.335938 2.335938 2.335938 4.304688 4.304688 4.179688 4.179688 4.179688 4.859375 4.859375 5.664062 5.664062 5.664062 5.281250 5.281250 4.351562 4.351562 4.351562 3.250000 3.250000 2.375000 2.375000 2.375000 1.414062 1.414062 0.781250
0.015625 0.015625 0.046875 0.046875 0.046875 0.070312 0.070312 0.289062 0.289062 0.289062 0.250000 0.250000 0.085938 0.085938 0.085938 0.031250 0.031250 0.007812 0.007812 0.007812 0.062500 0.062500 0.093750 0.093750 0.093750 0.093750 0.093750 0.140625 0.140625 0.140625 0.085938 0.085938 0.304688 0.304688 0.304688 1.000000 1.000000 2.335938 2.335938 2.335938 4.304688 4.304688 4.179688 4.179688 4.179688 4.859375 4.859375 5.664062 5.664062 5.664062 5.281250 5.281250 4.351562 4.351562 4.351562 3.250000 3.250000 2.375000 2.375000 2.375000 1.414062 1.414062 0.781250
0.023438 0.023438 0.031250 0.031250 0.031250 0.000000 0.000000 0.015625 0.015625 0.015625 0.062500 0.062500 0.148438 0.148438 0.148438 0.101562 0.101562 0.109375 0.109375 0.109375 0.140625 0.140625 0.226562 0.226562 0.226562 0.203125 0.203125 0.125000 0.125000 0.125000 0.148438 0.148438 0.382812 0.382812 0.382812 1.367188 1.367188 2.468750 2.468750 2.468750 3.000000 3.000000 3.437500 3.437500 3.437500 4.367188 4.367188 4.453125 4.453125 4.453125 3.546875 3.546875 2.859375 2.859375 2.859375 2.296875 2.296875 1.640625 1.640625 1.640625 1.367188 1.367188 1.281250
0.023438 0.023438 0.031250 0.031250 0.031250 0.000000 0.000000 0.015625 0.015625 0.015625 0.062500 0.062500 0.148438 0.148438 0.148438 0.101562 0.101562 0.109375 0.109375 0.109375 0.140625 0.140625 0.226562 0.226562 0.226562 0.203125 0.203125 0.125000 0.125000 0.125000 0.148438 0.148438 0.382812 0.382812 0.382812 1.367188 1.367188 2.468750 2.468750 2.468750 3.000000 3.000000 3.437500 3.437500 3.437500 4.367188 4.367188 4.453125 4.453125 4.453125 3.546875 3.546875 2.859375 2.859375 2.859375 2.296875 2.296875 1.640625 1.640625 1.640625 1.367188 1.367188 1.281250
0.023438 0.023438 0.031250 0.031250 0.031250 0.000000 0.000000 0.015625 0.015625 0.015625 0.062500 0.062500 0.148438 0.148438 0.148438 0.101562 0.101562 0.109375 0.109375 0.109375 0.140625 0.140625 0.226562 0.226562 0.226562 0.203125 0.203125 0.125000 0.125000 0.125000 0.148438 0.148438 0.382812 0.382812 0.382812 1.367188 1.367188 2.468750 2.468750 2.468750 3.000000 3.000000 3.437500 3.437500 3.437500 4.367188 4.367188 4.453125 4.453125 4.453125 3.546875 3.546875 2.859375 2.859375 2.859375 2.296875 2.296875 1.640625 1.640625 1.640625 1.367188 1.367188 1.281250
0.023438 0.023438 0.031250 0.031250 0.031250 0.000000 0.000000 0.007812 0.007812 0.007812 0.015625 0.015625 0.218750 0.218750 0.218750 0.156250 0.156250 0.140625 0.140625 0.140625 0.179688 0.179688 0.164062 0.164062 0.164062 0.218750 0.218750 0.500000 0.500000 0.500000 0.671875 0.671875 0.960938 0.960938 0.960938 1.328125 1.328125 2.195312 2.195312 2.195312 2.742188 2.742188 3.804688 3.804688 3.804688 4.257812 4.257812 3.906250 3.906250 3.906250 3.171875 3.171875 2.265625 2.265625 2.265625 1.859375 1.859375 1.773438 1.773438 1.773438 1.937500 1.937500 1.851562
0.023438 0.023438 0.031250 0.031250 0.031250 0.000000 0.000000 0.007812 0.007812 0.007812 0.015625 0.015625 0.218750 0.218750 0.218750 0.156250 0.156250 0.140625 0.140625 0.140625 0.179688 0.179688 0.164062 0.164062 0.164062 0.218750 0.218750 0.500000 0.500000 0.500000 0.671875 0.671875 0.960938 0.960938 0.960938 1.328125 1.328125 2.195312 2.195312 2.195312 2.742188 2.742188 3.804688 3.804688 3.804688 4.257812 4.257812 3.906250 3.906250 3.906250 3.171875 3.171875 2.265625 2.265625 2.265625 1.859375 1.859375 1.773438 1.773438 1.773438 1.937500 1.937500 1.851562
0.031250 0.031250 0.015625 0.015625 0.015625 0.000000 0.000000 0.023438 0.023438 0.023438 0.031250 0.031250 0.125000 0.125000 0.125000 0.140625 0.140625 0.390625 0.390625 0.390625 0.515625 0.515625 0.453125 0.453125 0.453125 0.453125 0.453125 0.796875 0.796875 0.796875 1.132812 1.132812 1.460938 1.460938 1.460938 1.820312 1.820312 2.750000 2.750000 2.750000 3.781250 3.781250 4.531250 4.531250 4.531250 4.437500 4.437500 3.734375 3.734375 3.734375 2.429688 2.429688 1.789062 1.789062 1.789062 1.960938 1.960938 2.453125 2.453125 2.453125 2.656250 2.656250 1.898438
0.031250 0.031250 0.015625 0.015625 0.015625 0.000000 0.000000 0.023438 0.023438 0.023438 0.031250 0.031250 0.125000 0.125000 0.125000 0.140625 0.140625 0.390625 0.390625 0.390625 0.515625 0.515625 0.453125 0.453125 0.453125 0.453125 0.453125 0.796875 0.796875 0.796875 1.132812 1.132812 1.460938 1.460938 1.460938 1.820312 1.820312 2.750000 2.750000 2.750000 3.781250 3.781250 4.531250 4.531250 4.531250 4.437500 4.437500 3.734375 3.734375 3.734375 2.429688 2.429688 1.789062 1.789062 1.789062 1.960938 1.960938 2.453125 2.453125 2.453125 2.656250 2.656250 1.898438
0.031250 0.031250 0.015625 0.015625 0.015625 0.000000 0.000000 0.023438 0.023438 0.023438 0.031250 0.031250 0.125000 0.125000 0.125000 0.140625 0.140625 0.390625 0.390625 0.390625 0.515625 0.515625 0.453125 0.453125 0.453125 0.453125 0.453125 0.796875 0.796875 0.796875 1.132812 1.132812 1.460938 1.460938 1.460938 1.820312 1.820312 2.750000 2.750000 2.750000 3.781250 3.781250 4.531250 4.531250 4.531250 4.437500 4.437500 3.734375 3.734375 3.734375 2.429688 2.429688 1.789062 1.789062 1.789062 1.960938 1.960938 2.453125 2.453125 2.453125 2.656250 2.656250 1.898438
0.031250 0.031250 0.015625 0.015625 0.015625 0.000000 0.000000 0.000000 0.000000 0.000000 0.070312 0.070312 0.429688 0.429688 0.429688 0.703125 0.703125 0.648438 0.648438 0.648438 0.546875 0.546875 0.359375 0.359375 0.359375 0.382812 0.382812 0.851562 0.851562 0.851562 1.390625 1.390625 2.031250 2.031250 2.031250 2.671875 2.671875 3.687500 3.687500 3.687500 4.468750 4.468750 4.398438 4.398438 4.398438 3.796875 3.796875 2.968750 2.968750 2.968750 2.656250 2.656250 2.468750 2.468750 2.468750 2.921875 2.921875 3.343750 3.343750 3.343750 2.445312 2.445312 1.343750
0.031250 0.031250 0.015625 0.015625 0.015625 0.000000 0.000000 0.000000 0.000000 0.000000 0.070312 0.070312 0.429688 0.429688 0.429688 0.703125 0.703125 0.648438 0.648438 0.648438 0.546875 0.546875 0.359375 0.359375 0.359375 0.382812 0.382812 0.851562 0.851562 0.851562 1.390625 1.390625 2.031250 2.031250 2.031250 2.671875 2.671875 3.687500 3.687500 3.687500 4.468750 4.468750 4.398438 4.398438 4.398438 3.796875 3.796875 2.968750 2.968750 2.968750 2.656250 2.656250 2.468750 2.468750 2.468750 2.921875 2.921875 3.343750 3.343750 3.343750 2.445312 2.445312 1.343750
0.000000 0.000000 0.000000 0.000000 0.000000 0.000000 0.000000 0.000000 0.000000 0.000000 0.046875 0.046875 0.296875 0.296875 0.296875 0.781250 0.781250 0.914062 0.914062 0.914062 0.406250 0.406250 0.750000 0.750000 0.750000 1.281250 1.281250 1.679688 1.679688 1.679688 2.492188 2.492188 3.054688 3.054688 3.054688 3.687500 3.687500 3.960938 3.960938 3.960938 3.921875 3.921875 3.460938 3.460938 3.460938 2.726562 2.726562 2.734375 2.734375 2.734375 2.937500 2.937500 3.273438 3.273438 3.273438 3.507812 3.507812 2.828125 2.828125 2.828125 2.062500 2.062500 1.812500
0.000000 0.000000 0.000000 0.000000 0.000000 0.000000 0.000000 0.000000 0.000000 0.000000 0.046875 0.046875 0.296875 0.296875 0.296875 0.781250 0.781250 0.914062 0.914062 0.914062 0.406250 0.406250 0.750000 0.750000 0.750000 1.281250 1.281250 1.679688 1.679688 1.679688 2.492188 2.492188 3.054688 3.054688 3.054688 3.687500 3.687500 3.960938 3.960938 3.960938 3.921875 3.921875 3.460938 3.460938 3.460938 2.726562 2.726562 2.734375 2.734375 2.734375 2.937500 2.937500 3.273438 3.273438 3.273438 3.507812 3.507812 2.828125 2.828125 2.828125 2.062500 2.062500 1.812500
0.000000 0.000000 0.000000 0.000000 0.000000 0.000000 0.000000 0.000000 0.000000 0.000000 0.046875 0.046875 0.296875 0.296875 0.296875 0.781250 0.781250 0.914062 0.914062 0.914062 0.406250 0.406250 0.750000 0.750000 0.750000 1.281250 1.281250 1.679688 1.679688 1.679688 2.492188 2.492188 3.054688 3.054688 3.054688 3.687500 3.687500 3.960938 3.960938 3.960938 3.921875 3.921875 3.460938 3.460938 3.460938 2.726562 2.726562 2.734375 2.734375 2.734375 2.937500 2.937500 3.273438 3.273438 3.273438 3.507812 3.507812 2.828125 2.828125 2.828125 2.062500 2.062500 1.812500
0.000000 0.000000 0.000000 0.000000 0.000000 0.000000 0.000000 0.046875 0.046875 0.046875 0.140625 0.140625 0.273438 0.273438 0.273438 0.460938 0.460938 0.460938 0.460938 0.460938 0.804688 0.804688 1.351562 1.351562 1.351562 2.171875 2.171875 2.437500 2.437500 2.437500 2.937500 2.937500 3.578125 3.578125 3.578125 3.164062 3.164062 2.984375 2.984375 2.984375 3.132812 3.132812 2.570312 2.570312 2.570312 2.500000 2.500000 2.742188 2.742188 2.742188 3.156250 3.156250 2.679688 2.679688 2.679688 1.992188 1.992188 2.250000 2.250000 2.250000 2.187500 2.187500 1.296875
0.000000 0.000000 0.000000 0.000000 0.000000 0.000000 0.000000 0.046875 0.046875 0.046875 0.140625 0.140625 0.273438 0.273438 0.273438 0.460938 0.460938 0.460938 0.460938 0.460938 0.804688 0.804688 1.351562 1.351562 1.351562 2.171875 2.171875 2.437500 2.437500 2.437500 2.937500 2.937500 3.578125 3.578125 3.578125 3.164062 3.164062 2.984375 2.984375 2.984375 3.132812 3.132812 2.570312 2.570312 2.570312 2.500000 2.500000 2.742188 2.742188 2.742188 3.156250 3.156250 2.679688 2.679688 2.679688 1.992188 1.992188 2.250000 2.250000 2.250000 2.187500 2.187500 1.296875
0.000000 0.000000 0.000000 0.000000 0.000000 0.015625 0.015625 0.046875 0.046875 0.046875 0.046875 0.046875 0.070312 0.070312 0.070312 0.242188 0.242188 0.726562 0.726562 0.726562 1.250000 1.250000 1.375000 1.375000 1.375000 1.898438 1.898438 1.976562 1.976562 1.976562 2.335938 2.335938 2.320312 2.320312 2.320312 2.328125 2.328125 4.078125 4.078125 4.078125 3.953125 3.953125 3.343750 3.343750 3.343750 3.484375 3.484375 3.523438 3.523438 3.523438 2.328125 2.328125 1.296875 1.296875 1.296875 1.234375 1.234375 1.554688 1.554688 1.554688 1.000000 1.000000 0.664062
0.000000 0.000000 0.000000 0.000000 0.000000 0.015625 0.015625 0.046875 0.046875 0.046875 0.046875 0.046875 0.070312 0.070312 0.070312 0.242188 0.242188 0.726562 0.726562 0.726562 1.250000 1.250000 1.375000 1.375000 1.375000 1.898438 1.898438 1.976562 1.976562 1.976562 2.335938 2.335938 2.320312 2.320312 2.320312 2.328125 2.328125 4.078125 4.078125 4.078125 3.953125 3.953125 3.343750 3.343750 3.343750 3.484375 3.484375 3.523438 3.523438 3.523438 2.328125 2.328125 1.296875 1.296875 1.296875 1.234375 1.234375 1.554688 1.554688 1.554688 1.000000 1.000000 0.664062
0.000000 0.000000 0.000000 0.000000 0.000000 0.015625 0.015625 0.046875 0.046875 0.046875 0.046875 0.046875 0.070312 0.070312 0.070312 0.242188 0.242188 0.726562 0.726562 0.726562 1.250000 1.250000 1.375000 1.375000 1.375000 1.898438 1.898438 1.976562 1.976562 1.976562 2.335938 2.335938 2.320312 2.320312 2.320312 2.328125 2.328125 4.078125 4.078125 4.078125 3.953125 3.953125 3.343750 3.343750 3.343750 3.484375 3.484375 3.523438 3.523438 3.523438 2.328125 2.328125 1.296875 1.296875 1.296875 1.234375 1.234375 1.554688 1.554688 1.554688 1.000000 1.000000 0.664062
0.000000 0.000000 0.000000 0.000000 0.000000 0.000000 0.000000 0.000000 0.000000 0.000000 0.007812 0.007812 0.000000 0.000000 0.000000 0.062500 0.062500 0.453125 0.453125 0.453125 0.734375 0.734375 1.242188 1.242188 1.242188 1.398438 1.398438 1.523438 1.523438 1.523438 1.187500 1.187500 1.070312 1.070312 1.070312 2.117188 2.117188 4.742188 4.742188 4.742188 5.875000 5.875000 5.109375 5.109375 5.109375 4.679688 4.679688 2.632812 2.632812 2.632812 1.523438 1.523438 1.007812 1.007812 1.007812 0.507812 0.507812 0.375000 0.375000 0.375000 0.648438 0.648438 1.500000
0.000000 0.000000 0.000000 0.000000 0.000000 0.000000 0.000000 0.000000 0.000000 0.000000 0.007812 0.007812 0.000000 0.000000 0.000000 0.062500 0.062500 0.453125 0.453125 0.453125 0.734375 0.734375 1.242188 1.242188 1.242188 1.398438 1.398438 1.523438 1.523438 1.523438 1.187500 1.187500 1.070312 1.070312 1.070312 2.117188 2.117188 4.742188 4.742188 4.742188 5.875000 5.875000 5.109375 5.109375 5.109375 4.679688 4.679688 2.632812 2.632812 2.632812 1.523438 1.523438 1.007812 1.007812 1.007812 0.507812 0.507812 0.375000 0.375000 0.375000 0.648438 0.648438 1.500000
