Data/APCP/20200108.f102.apcp.gfs.pakistan.txt
ncols        169
nrows        134
xllcorner    60.900000000000
yllcorner    23.700000000000
cellsize     0.100000000000
NODATA_value  -9999
[rows 86 to 128 of 134, columns 0 to 94 of 169]
0.125 0.125 0 0 0 0 0 0 0 0 0 0 0 0 0 0 0 0 0 0 0.0625 0.0625 0.125 0.125 0.125 0.125 0.125 0.125 0.125 0.125 0.1875 0.1875 0.25 0.25 0.25 1.0625 1.0625 3.25 3.25 3.25 7.9375 7.9375 11.5 11.5 11.5 10.375 10.375 10.1875 10.1875 10.1875 13.0625 13.0625 15.375 15.375 15.375 19.5625 19.5625 18 18 18 11.125 11.125 3.875 3.875 3.875 1.125 1.125 0.375 0.375 0.375 0.0625 0.0625 0 0 0 0 0 0 0 0 0 0 0 0 0 0 0 0 0 0 0 0 0 0 0
0 0 0 0 0 0.0625 0.0625 0 0 0 0 0 0 0 0 0 0 0 0 0 0 0 0.125 0.125 0.125 0.125 0.125 0.0625 0.0625 0.0625 0 0 0.125 0.125 0.125 1.0625 1.0625 4.1875 4.1875 4.1875 9.0625 9.0625 10.375 10.375 10.375 9.25 9.25 12.625 12.625 12.625 17.25 17.25 16.25 16.25 16.25 14.5 14.5 11.0625 11.0625 11.0625 6.875 6.875 2.75 2.75 2.75 0.5 0.5 0.0625 0.0625 0.0625 0 0 0 0 0 0 0 0 0 0 0 0 0 0 0 0 0 0 0 0 0 0 0 0 0
0 0 0 0 0 0.0625 0.0625 0 0 0 0 0 0 0 0 0 0 0 0 0 0 0 0.125 0.125 0.125 0.125 0.125 0.0625 0.0625 0.0625 0 0 0.125 0.125 0.125 1.0625 1.0625 4.1875 4.1875 4.1875 9.0625 9.0625 10.375 10.375 10.375 9.25 9.25 12.625 12.625 12.625 17.25 17.25 16.25 16.25 16.25 14.5 14.5 11.0625 11.0625 11.0625 6.875 6.875 2.75 2.75 2.75 0.5 0.5 0.0625 0.0625 0.0625 0 0 0 0 0 0 0 0 0 0 0 0 0 0 0 0 0 0 0 0 0 0 0 0 0
0 0 0 0 0 0.0625 0.0625 0 0 0 0 0 0 0 0 0 0 0 0 0 0 0 0.125 0.125 0.125 0.125 0.125 0.0625 0.0625 0.0625 0 0 0.125 0.125 0.125 1.0625 1.0625 4.1875 4.1875 4.1875 9.0625 9.0625 10.375 10.375 10.375 9.25 9.25 12.625 12.625 12.625 17.25 17.25 16.25 16.25 16.25 14.5 14.5 11.0625 11.0625 11.0625 6.875 6.875 2.75 2.75 2.75 0.5 0.5 0.0625 0.0625 0.0625 0 0 0 0 0 0 0 0 0 0 0 0 0 0 0 0 0 0 0 0 0 0 0 0 0
0.0625 0.0625 0.0625 0.0625 0.0625 0.0625 0.0625 0 0 0 0 0 0 0 0 0 0 0 0 0 0 0 0 0 0 0 0 0 0 0 0 0 0.1875 0.1875 0.1875 2.5625 2.5625 6.8125 6.8125 6.8125 8.9375 8.9375 9.5 9.5 9.5 12.5 12.5 17.125 17.125 17.125 16.5625 16.5625 13 13 13 9.5 9.5 7.4375 7.4375 7.4375 4.5625 4.5625 1.3125 1.3125 1.3125 0.125 0.125 0.0625 0.0625 0.0625 0 0 0 0 0 0 0 0 0 0 0 0 0 0 0 0 0 0 0 0 0 0 0 0 0
0.0625 0.0625 0.0625 0.0625 0.0625 0.0625 0.0625 0 0 0 0 0 0 0 0 0 0 0 0 0 0 0 0 0 0 0 0 0 0 0 0 0 0.1875 0.1875 0.1875 2.5625 2.5625 6.8125 6.8125 6.8125 8.9375 8.9375 9.5 9.5 9.5 12.5 12.5 17.125 17.125 17.125 16.5625 16.5625 13 13 13 9.5 9.5 7.4375 7.4375 7.4375 4.5625 4.5625 1.3125 1.3125 1.3125 0.125 0.125 0.0625 0.0625 0.0625 0 0 0 0 0 0 0 0 0 0 0 0 0 0 0 0 0 0 0 0 0 0 0 0 0
0.125 0.125 0.125 0.125 0.125 0 0 0 0 0 0 0 0 0 0 0 0 0 0 0 0 0 0 0 0 0 0 0 0 0 0 0 0.625 0.625 0.625 3.9375 3.9375 6.625 6.625 6.625 7.1875 7.1875 9.375 9.375 9.375 14.375 14.375 16.5625 16.5625 16.5625 13.5625 13.5625 9.5 9.5 9.5 6.1875 6.1875 3.375 3.375 3.375 1.6875 1.6875 0.6875 0.6875 0.6875 0.25 0.25 0.0625 0.0625 0.0625 0 0 0 0 0 0 0 0 0 0 0 0 0 0 0 0 0 0 0 0 0 0 0 0 0
0.125 0.125 0.125 0.125 0.125 0 0 0 0 0 0 0 0 0 0 0 0 0 0 0 0 0 0 0 0 0 0 0 0 0 0 0 0.625 0.625 0.625 3.9375 3.9375 6.625 6.625 6.625 7.1875 7.1875 9.375 9.375 9.375 14.375 14.375 16.5625 16.5625 16.5625 13.5625 13.5625 9.5 9.5 9.5 6.1875 6.1875 3.375 3.375 3.375 1.6875 1.6875 0.6875 0.6875 0.6875 0.25 0.25 0.0625 0.0625 0.0625 0 0 0 0 0 0 0 0 0 0 0 0 0 0 0 0 0 0 0 0 0 0 0 0 0
0.125 0.125 0.125 0.125 0.125 0 0 0 0 0 0 0 0 0 0 0 0 0 0 0 0 0 0 0 0 0 0 0 0 0 0 0 0.625 0.625 0.625 3.9375 3.9375 6.625 6.625 6.625 7.1875 7.1875 9.375 9.375 9.375 14.375 14.375 16.5625 16.5625 16.5625 13.5625 13.5625 9.5 9.5 9.5 6.1875 6.1875 3.375 3.375 3.375 1.6875 1.6875 0.6875 0.6875 0.6875 0.25 0.25 0.0625 0.0625 0.0625 0 0 0 0 0 0 0 0 0 0 0 0 0 0 0 0 0 0 0 0 0 0 0 0 0
0.125 0.125 0.125 0.125 0.125 0 0 0 0 0 0 0 0 0 0 0 0 0 0 0 0 0 0.0625 0.0625 0.0625 0 0 0 0 0 0.1875 0.1875 1.5 1.5 1.5 3.4375 3.4375 5.75 5.75 5.75 9 9 13.75 13.75 13.75 16.6875 16.6875 16.375 16.375 16.375 12.5625 12.5625 7.3125 7.3125 7.3125 4.3125 4.3125 2.0625 2.0625 2.0625 1.4375 1.4375 1 1 1 0.3125 0.3125 0.0625 0.0625 0.0625 0 0 0 0 0 0 0 0 0 0 0 0 0 0 0 0 0 0 0 0 0 0 0 0 0
0.125 0.125 0.125 0.125 0.125 0 0 0 0 0 0 0 0 0 0 0 0 0 0 0 0 0 0.0625 0.0625 0.0625 0 0 0 0 0 0.1875 0.1875 1.5 1.5 1.5 3.4375 3.4375 5.75 5.75 5.75 9 9 13.75 13.75 13.75 16.6875 16.6875 16.375 16.375 16.375 12.5625 12.5625 7.3125 7.3125 7.3125 4.3125 4.3125 2.0625 2.0625 2.0625 1.4375 1.4375 1 1 1 0.3125 0.3125 0.0625 0.0625 0.0625 0 0 0 0 0 0 0 0 0 0 0 0 0 0 0 0 0 0 0 0 0 0 0 0 0
0.125 0.125 0.0625 0.0625 0.0625 0 0 0 0 0 0 0 0 0 0 0 0 0 0 0 0 0 0.0625 0.0625 0.0625 0.0625 0.0625 0.125 0.125 0.125 1.25 1.25 3.4375 3.4375 3.4375 5.5 5.5 8.8125 8.8125 8.8125 14.125 14.125 18.25 18.25 18.25 19 19 17.5625 17.5625 17.5625 10.5625 10.5625 5.1875 5.1875 5.1875 3.4375 3.4375 2.625 2.625 2.625 2.125 2.125 1.125 1.125 1.125 0.25 0.25 0.125 0.125 0.125 0.0625 0.0625 0 0 0 0 0 0 0 0 0 0 0 0 0 0 0 0 0 0 0 0 0 0 0
0.125 0.125 0.0625 0.0625 0.0625 0 0 0 0 0 0 0 0 0 0 0 0 0 0 0 0 0 0.0625 0.0625 0.0625 0.0625 0.0625 0.125 0.125 0.125 1.25 1.25 3.4375 3.4375 3.4375 5.5 5.5 8.8125 8.8125 8.8125 14.125 14.125 18.25 18.25 18.25 19 19 17.5625 17.5625 17.5625 10.5625 10.5625 5.1875 5.1875 5.1875 3.4375 3.4375 2.625 2.625 2.625 2.125 2.125 1.125 1.125 1.125 0.25 0.25 0.125 0.125 0.125 0.0625 0.0625 0 0 0 0 0 0 0 0 0 0 0 0 0 0 0 0 0 0 0 0 0 0 0
0.125 0.125 0.0625 0.0625 0.0625 0 0 0 0 0 0 0 0 0 0 0 0 0 0 0 0 0 0.0625 0.0625 0.0625 0.0625 0.0625 0.125 0.125 0.125 1.25 1.25 3.4375 3.4375 3.4375 5.5 5.5 8.8125 8.8125 8.8125 14.125 14.125 18.25 18.25 18.25 19 19 17.5625 17.5625 17.5625 10.5625 10.5625 5.1875 5.1875 5.1875 3.4375 3.4375 2.625 2.625 2.625 2.125 2.125 1.125 1.125 1.125 0.25 0.25 0.125 0.125 0.125 0.0625 0.0625 0 0 0 0 0 0 0 0 0 0 0 0 0 0 0 0 0 0 0 0 0 0 0
0.125 0.125 0.0625 0.0625 0.0625 0 0 0 0 0 0 0 0 0 0 0 0 0.0625 0.0625 0.0625 0 0 0.0625 0.0625 0.0625 0.0625 0.0625 0.375 0.375 0.375 2.4375 2.4375 5.5 5.5 5.5 8.1875 8.1875 12.75 12.75 12.75 17.1875 17.1875 18.625 18.625 18.625 17.25 17.25 13.1875 13.1875 13.1875 9.75 9.75 5.625 5.625 5.625 4.1875 4.1875 3.625 3.625 3.625 2.4375 2.4375 1.375 1.375 1.375 0.75 0.75 0.25 0.25 0.25 0 0 0 0 0 0 0 0 0 0 0 0 0 0 0 0 0 0 0 0 0 0 0 0 0
0.125 0.125 0.0625 0.0625 0.0625 0 0 0 0 0 0 0 0 0 0 0 0 0.0625 0.0625 0.0625 0 0 0.0625 0.0625 0.0625 0.0625 0.0625 0.375 0.375 0.375 2.4375 2.4375 5.5 5.5 5.5 8.1875 8.1875 12.75 12.75 12.75 17.1875 17.1875 18.625 18.625 18.625 17.25 17.25 13.1875 13.1875 13.1875 9.75 9.75 5.625 5.625 5.625 4.1875 4.1875 3.625 3.625 3.625 2.4375 2.4375 1.375 1.375 1.375 0.75 0.75 0.25 0.25 0.25 0 0 0 0 0 0 0 0 0 0 0 0 0 0 0 0 0 0 0 0 0 0 0 0 0
0 0 0 0 0 0 0 0 0 0 0.0625 0.0625 0.1875 0.1875 0.1875 0.1875 0.1875 0.1875 0.1875 0.1875 0.1875 0.1875 0.0625 0.0625 0.0625 0.125 0.125 1.0625 1.0625 1.0625 4.125 4.125 7.5625 7.5625 7.5625 11.3125 11.3125 14.375 14.375 14.375 16.5625 16.5625 16.3125 16.3125 16.3125 12.3125 12.3125 10.1875 10.1875 10.1875 8 8 6.1875 6.1875 6.1875 6 6 5.1875 5.1875 5.1875 3.875 3.875 2.3125 2.3125 2.3125 0.5 0.5 0 0 0 0 0 0 0 0 0 0 0 0 0 0 0 0 0 0 0 0 0 0 0 0 0 0 0 0
0 0 0 0 0 0 0 0 0 0 0.0625 0.0625 0.1875 0.1875 0.1875 0.1875 0.1875 0.1875 0.1875 0.1875 0.1875 0.1875 0.0625 0.0625 0.0625 0.125 0.125 1.0625 1.0625 1.0625 4.125 4.125 7.5625 7.5625 7.5625 11.3125 11.3125 14.375 14.375 14.375 16.5625 16.5625 16.3125 16.3125 16.3125 12.3125 12.3125 10.1875 10.1875 10.1875 8 8 6.1875 6.1875 6.1875 6 6 5.1875 5.1875 5.1875 3.875 3.875 2.3125 2.3125 2.3125 0.5 0.5 0 0 0 0 0 0 0 0 0 0 0 0 0 0 0 0 0 0 0 0 0 0 0 0 0 0 0 0
0 0 0 0 0 0 0 0 0 0 0.0625 0.0625 0.1875 0.1875 0.1875 0.1875 0.1875 0.1875 0.1875 0.1875 0.1875 0.1875 0.0625 0.0625 0.0625 0.125 0.125 1.0625 1.0625 1.0625 4.125 4.125 7.5625 7.5625 7.5625 11.3125 11.3125 14.375 14.375 14.375 16.5625 16.5625 16.3125 16.3125 16.3125 12.3125 12.3125 10.1875 10.1875 10.1875 8 8 6.1875 6.1875 6.1875 6 6 5.1875 5.1875 5.1875 3.875 3.875 2.3125 2.3125 2.3125 0.5 0.5 0 0 0 0 0 0 0 0 0 0 0 0 0 0 0 0 0 0 0 0 0 0 0 0 0 0 0 0
0 0 0 0 0 0 0 0.0625 0.0625 0.0625 0.125 0.125 0.25 0.25 0.25 0.3125 0.3125 0.3125 0.3125 0.3125 0.3125 0.3125 0.0625 0.0625 0.0625 0.5 0.5 2.4375 2.4375 2.4375 6.4375 6.4375 10.625 10.625 10.625 11.625 11.625 12.625 12.625 12.625 14.1875 14.1875 12.5 12.5 12.5 9.9375 9.9375 6.3125 6.3125 6.3125 6.375 6.375 5.9375 5.9375 5.9375 5.625 5.625 5.75 5.75 5.75 3.3125 3.3125 0.8125 0.8125 0.8125 0.0625 0.0625 0 0 0 0 0 0 0 0 0 0 0 0 0 0 0 0 0 0 0 0 0 0 0 0 0 0 0 0
0 0 0 0 0 0 0 0.0625 0.0625 0.0625 0.125 0.125 0.25 0.25 0.25 0.3125 0.3125 0.3125 0.3125 0.3125 0.3125 0.3125 0.0625 0.0625 0.0625 0.5 0.5 2.4375 2.4375 2.4375 6.4375 6.4375 10.625 10.625 10.625 11.625 11.625 12.625 12.625 12.625 14.1875 14.1875 12.5 12.5 12.5 9.9375 9.9375 6.3125 6.3125 6.3125 6.375 6.375 5.9375 5.9375 5.9375 5.625 5.625 5.75 5.75 5.75 3.3125 3.3125 0.8125 0.8125 0.8125 0.0625 0.0625 0 0 0 0 0 0 0 0 0 0 0 0 0 0 0 0 0 0 0 0 0 0 0 0 0 0 0 0
0 0 0 0 0 0.0625 0.0625 0.0625 0.0625 0.0625 0.0625 0.0625 0.125 0.125 0.125 0.1875 0.1875 0.1875 0.1875 0.1875 0.1875 0.1875 0.3125 0.3125 0.3125 1.4375 1.4375 3.5 3.5 3.5 7.25 7.25 8.125 8.125 8.125 9.75 9.75 17.25 17.25 17.25 18 18 14.9375 14.9375 14.9375 9.125 9.125 9.125 9.125 9.125 8.1875 8.1875 5.4375 5.4375 5.4375 3.8125 3.8125 2.625 2.625 2.625 0.625 0.625 0.0625 0.0625 0.0625 0 0 0 0 0 0 0 0 0 0 0 0 0 0 0 0 0 0 0 0 0 0 0 0 0 0 0 0 0 0
0 0 0 0 0 0.0625 0.0625 0.0625 0.0625 0.0625 0.0625 0.0625 0.125 0.125 0.125 0.1875 0.1875 0.1875 0.1875 0.1875 0.1875 0.1875 0.3125 0.3125 0.3125 1.4375 1.4375 3.5 3.5 3.5 7.25 7.25 8.125 8.125 8.125 9.75 9.75 17.25 17.25 17.25 18 18 14.9375 14.9375 14.9375 9.125 9.125 9.125 9.125 9.125 8.1875 8.1875 5.4375 5.4375 5.4375 3.8125 3.8125 2.625 2.625 2.625 0.625 0.625 0.0625 0.0625 0.0625 0 0 0 0 0 0 0 0 0 0 0 0 0 0 0 0 0 0 0 0 0 0 0 0 0 0 0 0 0 0
0 0 0 0 0 0.0625 0.0625 0.0625 0.0625 0.0625 0.0625 0.0625 0.125 0.125 0.125 0.1875 0.1875 0.1875 0.1875 0.1875 0.1875 0.1875 0.3125 0.3125 0.3125 1.4375 1.4375 3.5 3.5 3.5 7.25 7.25 8.125 8.125 8.125 9.75 9.75 17.25 17.25 17.25 18 18 14.9375 14.9375 14.9375 9.125 9.125 9.125 9.125 9.125 8.1875 8.1875 5.4375 5.4375 5.4375 3.8125 3.8125 2.625 2.625 2.625 0.625 0.625 0.0625 0.0625 0.0625 0 0 0 0 0 0 0 0 0 0 0 0 0 0 0 0 0 0 0 0 0 0 0 0 0 0 0 0 0 0
0 0 0 0 0 0 0 0 0 0 0 0 0 0 0 0.0625 0.0625 0.0625 0.0625 0.0625 0.0625 0.0625 0.5625 0.5625 0.5625 2.125 2.125 3.875 3.875 3.875 3.625 3.625 4.125 4.125 4.125 8.875 8.875 20.75 20.75 20.75 26.875 26.875 18.4375 18.4375 18.4375 16.375 16.375 12.3125 12.3125 12.3125 7.875 7.875 3.625 3.625 3.625 0.8125 0.8125 0.25 0.25 0.25 0 0 0 0 0 0 0 0 0 0 0 0 0 0 0 0 0 0 0 0 0 0 0 0 0 0 0 0 0 0 0 0 0 0 0
0 0 0 0 0 0 0 0 0 0 0 0 0 0 0 0.0625 0.0625 0.0625 0.0625 0.0625 0.0625 0.0625 0.5625 0.5625 0.5625 2.125 2.125 3.875 3.875 3.875 3.625 3.625 4.125 4.125 4.125 8.875 8.875 20.75 20.75 20.75 26.875 26.875 18.4375 18.4375 18.4375 16.375 16.375 12.3125 12.3125 12.3125 7.875 7.875 3.625 3.625 3.625 0.8125 0.8125 0.25 0.25 0.25 0 0 0 0 0 0 0 0 0 0 0 0 0 0 0 0 0 0 0 0 0 0 0 0 0 0 0 0 0 0 0 0 0 0 0
0 0 0 0 0 0 0 0 0 0 0 0 0 0 0 0 0 0.125 0.125 0.125 0.375 0.375 0.5625 0.5625 0.5625 1.0625 1.0625 1.5 1.5 1.5 2.3125 2.3125 3.4375 3.4375 3.4375 6.375 6.375 17.375 17.375 17.375 35.3125 35.3125 27.3125 27.3125 27.3125 15.4375 15.4375 7.375 7.375 7.375 2.3125 2.3125 0.5625 0.5625 0.5625 0.0625 0.0625 0 0 0 0 0 0 0 0 0 0 0 0 0 0 0 0 0 0 0 0 0 0 0 0 0 0 0 0 0 0 0 0 0 0 0 0 0 0
0 0 0 0 0 0 0 0 0 0 0 0 0 0 0 0 0 0.125 0.125 0.125 0.375 0.375 0.5625 0.5625 0.5625 1.0625 1.0625 1.5 1.5 1.5 2.3125 2.3125 3.4375 3.4375 3.4375 6.375 6.375 17.375 17.375 17.375 35.3125 35.3125 27.3125 27.3125 27.3125 15.4375 15.4375 7.375 7.375 7.375 2.3125 2.3125 0.5625 0.5625 0.5625 0.0625 0.0625 0 0 0 0 0 0 0 0 0 0 0 0 0 0 0 0 0 0 0 0 0 0 0 0 0 0 0 0 0 0 0 0 0 0 0 0 0 0
0 0 0 0 0 0 0 0 0 0 0 0 0 0 0 0 0 0.125 0.125 0.125 0.375 0.375 0.5625 0.5625 0.5625 1.0625 1.0625 1.5 1.5 1.5 2.3125 2.3125 3.4375 3.4375 3.4375 6.375 6.375 17.375 17.375 17.375 35.3125 35.3125 27.3125 27.3125 27.3125 15.4375 15.4375 7.375 7.375 7.375 2.3125 2.3125 0.5625 0.5625 0.5625 0.0625 0.0625 0 0 0 0 0 0 0 0 0 0 0 0 0 0 0 0 0 0 0 0 0 0 0 0 0 0 0 0 0 0 0 0 0 0 0 0 0 0
0 0 0 0 0 0 0 0 0 0 0 0 0 0 0 0.125 0.125 0.4375 0.4375 0.4375 0.5625 0.5625 0.5 0.5 0.5 0.3125 0.3125 0.4375 0.4375 0.4375 0.875 0.875 2.8125 2.8125 2.8125 8.5625 8.5625 20.5 20.5 20.5 34.5625 34.5625 29.4375 29.4375 29.4375 10.1875 10.1875 1.875 1.875 1.875 0.5 0.5 0.125 0.125 0.125 0 0 0 0 0 0 0 0 0 0 0 0 0 0 0 0 0 0 0 0 0 0 0 0 0 0 0 0 0 0 0 0 0 0 0 0 0 0 0 0
0 0 0 0 0 0 0 0 0 0 0 0 0 0 0 0.125 0.125 0.4375 0.4375 0.4375 0.5625 0.5625 0.5 0.5 0.5 0.3125 0.3125 0.4375 0.4375 0.4375 0.875 0.875 2.8125 2.8125 2.8125 8.5625 8.5625 20.5 20.5 20.5 34.5625 34.5625 29.4375 29.4375 29.4375 10.1875 10.1875 1.875 1.875 1.875 0.5 0.5 0.125 0.125 0.125 0 0 0 0 0 0 0 0 0 0 0 0 0 0 0 0 0 0 0 0 0 0 0 0 0 0 0 0 0 0 0 0 0 0 0 0 0 0 0 0
0 0 0 0 0 0 0 0 0 0 0 0 0.0625 0.0625 0.0625 0.3125 0.3125 0.375 0.375 0.375 0.4375 0.4375 0.375 0.375 0.375 0.4375 0.4375 0.8125 0.8125 0.8125 2.3125 2.3125 6 6 6 13.75 13.75 20.25 20.25 20.25 21.25 21.25 22.75 22.75 22.75 9.375 9.375 1.6875 1.6875 1.6875 0.6875 0.6875 0.3125 0.3125 0.3125 0.0625 0.0625 0 0 0 0 0 0 0 0 0 0 0 0 0 0 0 0 0 0 0 0 0 0 0 0 0 0 0 0 0 0 0 0 0 0 0 0 0 0
0 0 0 0 0 0 0 0 0 0 0 0 0.0625 0.0625 0.0625 0.3125 0.3125 0.375 0.375 0.375 0.4375 0.4375 0.375 0.375 0.375 0.4375 0.4375 0.8125 0.8125 0.8125 2.3125 2.3125 6 6 6 13.75 13.75 20.25 20.25 20.25 21.25 21.25 22.75 22.75 22.75 9.375 9.375 1.6875 1.6875 1.6875 0.6875 0.6875 0.3125 0.3125 0.3125 0.0625 0.0625 0 0 0 0 0 0 0 0 0 0 0 0 0 0 0 0 0 0 0 0 0 0 0 0 0 0 0 0 0 0 0 0 0 0 0 0 0 0
0 0 0 0 0 0 0 0 0 0 0 0 0.0625 0.0625 0.0625 0.3125 0.3125 0.375 0.375 0.375 0.4375 0.4375 0.375 0.375 0.375 0.4375 0.4375 0.8125 0.8125 0.8125 2.3125 2.3125 6 6 6 13.75 13.75 20.25 20.25 20.25 21.25 21.25 22.75 22.75 22.75 9.375 9.375 1.6875 1.6875 1.6875 0.6875 0.6875 0.3125 0.3125 0.3125 0.0625 0.0625 0 0 0 0 0 0 0 0 0 0 0 0 0 0 0 0 0 0 0 0 0 0 0 0 0 0 0 0 0 0 0 0 0 0 0 0 0 0
0.125 0.125 0 0 0 0 0 0 0 0 0 0 0.1875 0.1875 0.1875 0.375 0.375 0.625 0.625 0.625 0.6875 0.6875 0.6875 0.6875 0.6875 1.5 1.5 3.0625 3.0625 3.0625 5.625 5.625 10.5625 10.5625 10.5625 13.875 13.875 12.9375 12.9375 12.9375 11.625 11.625 13.875 13.875 13.875 13.125 13.125 3.0625 3.0625 3.0625 0.6875 0.6875 0.375 0.375 0.375 0.0625 0.0625 0 0 0 0 0 0 0 0 0 0 0 0 0 0 0 0 0 0 0 0 0 0 0 0 0 0 0 0 0 0 0 0 0 0 0 0 0 0
0.125 0.125 0 0 0 0 0 0 0 0 0 0 0.1875 0.1875 0.1875 0.375 0.375 0.625 0.625 0.625 0.6875 0.6875 0.6875 0.6875 0.6875 1.5 1.5 3.0625 3.0625 3.0625 5.625 5.625 10.5625 10.5625 10.5625 13.875 13.875 12.9375 12.9375 12.9375 11.625 11.625 13.875 13.875 13.875 13.125 13.125 3.0625 3.0625 3.0625 0.6875 0.6875 0.375 0.375 0.375 0.0625 0.0625 0 0 0 0 0 0 0 0 0 0 0 0 0 0 0 0 0 0 0 0 0 0 0 0 0 0 0 0 0 0 0 0 0 0 0 0 0 0
0.5 0.5 0.25 0.25 0.25 0.0625 0.0625 0 0 0 0.0625 0.0625 0.375 0.375 0.375 1 1 1 1 1 1.125 1.125 3 3 3 3.5625 3.5625 4.0625 4.0625 4.0625 5.375 5.375 7.3125 7.3125 7.3125 7.9375 7.9375 7.5 7.5 7.5 7.5 7.5 8.8125 8.8125 8.8125 11.375 11.375 4.75 4.75 4.75 0.8125 0.8125 0.125 0.125 0.125 0 0 0 0 0 0 0 0 0 0 0 0 0 0 0 0 0 0 0 0 0 0 0 0 0 0 0 0 0 0 0 0 0 0 0 0 0 0 0 0
0.5 0.5 0.25 0.25 0.25 0.0625 0.0625 0 0 0 0.0625 0.0625 0.375 0.375 0.375 1 1 1 1 1 1.125 1.125 3 3 3 3.5625 3.5625 4.0625 4.0625 4.0625 5.375 5.375 7.3125 7.3125 7.3125 7.9375 7.9375 7.5 7.5 7.5 7.5 7.5 8.8125 8.8125 8.8125 11.375 11.375 4.75 4.75 4.75 0.8125 0.8125 0.125 0.125 0.125 0 0 0 0 0 0 0 0 0 0 0 0 0 0 0 0 0 0 0 0 0 0 0 0 0 0 0 0 0 0 0 0 0 0 0 0 0 0 0 0
0.5 0.5 0.25 0.25 0.25 0.0625 0.0625 0 0 0 0.0625 0.0625 0.375 0.375 0.375 1 1 1 1 1 1.125 1.125 3 3 3 3.5625 3.5625 4.0625 4.0625 4.0625 5.375 5.375 7.3125 7.3125 7.3125 7.9375 7.9375 7.5 7.5 7.5 7.5 7.5 8.8125 8.8125 8.8125 11.375 11.375 4.75 4.75 4.75 0.8125 0.8125 0.125 0.125 0.125 0 0 0 0 0 0 0 0 0 0 0 0 0 0 0 0 0 0 0 0 0 0 0 0 0 0 0 0 0 0 0 0 0 0 0 0 0 0 0 0
0.375 0.375 0.3125 0.3125 0.3125 0.1875 0.1875 0.125 0.125 0.125 0.4375 0.4375 1 1 1 0.75 0.75 1.0625 1.0625 1.0625 3.4375 3.4375 5.375 5.375 5.375 6.875 6.875 5.8125 5.8125 5.8125 5.3125 5.3125 5.6875 5.6875 5.6875 4.375 4.375 4.3125 4.3125 4.3125 5.625 5.625 5.1875 5.1875 5.1875 5.8125 5.8125 4.6875 4.6875 4.6875 1.1875 1.1875 0.0625 0.0625 0.0625 0 0 0 0 0 0 0 0 0 0 0 0 0 0 0 0 0 0 0 0 0 0 0 0 0 0 0 0 0 0 0 0 0 0 0 0 0 0 0 0
0.375 0.375 0.3125 0.3125 0.3125 0.1875 0.1875 0.125 0.125 0.125 0.4375 0.4375 1 1 1 0.75 0.75 1.0625 1.0625 1.0625 3.4375 3.4375 5.375 5.375 5.375 6.875 6.875 5.8125 5.8125 5.8125 5.3125 5.3125 5.6875 5.6875 5.6875 4.375 4.375 4.3125 4.3125 4.3125 5.625 5.625 5.1875 5.1875 5.1875 5.8125 5.8125 4.6875 4.6875 4.6875 1.1875 1.1875 0.0625 0.0625 0.0625 0 0 0 0 0 0 0 0 0 0 0 0 0 0 0 0 0 0 0 0 0 0 0 0 0 0 0 0 0 0 0 0 0 0 0 0 0 0 0 0
0.125 0.125 0.1875 0.1875 0.1875 0.125 0.125 0.5625 0.5625 0.5625 1.0625 1.0625 0.75 0.75 0.75 1.3125 1.3125 3.125 3.125 3.125 4.4375 4.4375 6.75 6.75 6.75 8.6875 8.6875 7.625 7.625 7.625 5.6875 5.6875 5.0625 5.0625 5.0625 5.0625 5.0625 4.25 4.25 4.25 3.375 3.375 3.0625 3.0625 3.0625 3 3 2.4375 2.4375 2.4375 1.1875 1.1875 0.25 0.25 0.25 0 0 0 0 0 0 0 0 0 0 0 0 0 0 0 0 0 0 0 0 0 0 0 0 0 0 0 0 0 0 0 0 0 0 0 0 0 0 0 0
0.125 0.125 0.1875 0.1875 0.1875 0.125 0.125 0.5625 0.5625 0.5625 1.0625 1.0625 0.75 0.75 0.75 1.3125 1.3125 3.125 3.125 3.125 4.4375 4.4375 6.75 6.75 6.75 8.6875 8.6875 7.625 7.625 7.625 5.6875 5.6875 5.0625 5.0625 5.0625 5.0625 5.0625 4.25 4.25 4.25 3.375 3.375 3.0625 3.0625 3.0625 3 3 2.4375 2.4375 2.4375 1.1875 1.1875 0.25 0.25 0.25 0 0 0 0 0 0 0 0 0 0 0 0 0 0 0 0 0 0 0 0 0 0 0 0 0 0 0 0 0 0 0 0 0 0 0 0 0 0 0 0
