Data/APCP/20200108.f114.apcp.gfs.pakistan.txt
ncols        169
nrows        134
xllcorner    60.900000000000
yllcorner    23.700000000000
cellsize     0.100000000000
NODATA_value  -9999
[rows 44 to 87 of 134, columns 0 to 95 of 169]
0 0 0 0 0 0 0 0 0 0 0 0 0 0 0 0 0 0 0 0 0 0 0.0625 0.0625 0.0625 0.3125 0.3125 0.1875 0.1875 0.1875 0.25 0.25 0.5 0.5 0.5 1.1875 1.1875 0.8125 0.8125 0.8125 0.875 0.875 1.1875 1.1875 1.1875 0.3125 0.3125 0.75 0.75 0.75 0.9375 0.9375 1.3125 1.3125 1.3125 3 3 2.5 2.5 2.5 7.5 7.5 12.625 12.625 12.625 8.6875 8.6875 5.5 5.5 5.5 2 2 1.3125 1.3125 1.3125 0.6875 0.6875 1.375 1.375 1.375 2.9375 2.9375 2.5 2.5 2.5 2.5625 2.5625 4.3125 4.3125 4.3125 3.125 3.125 1.0625 1.0625 1.0625 0.4375
0 0 0 0 0 0 0 0 0 0 0 0 0 0 0 0 0 0 0 0 0 0 0 0 0 0.125 0.125 0.1875 0.1875 0.1875 0.1875 0.1875 0.125 0.125 0.125 0.1875 0.1875 0.3125 0.3125 0.3125 0.4375 0.4375 0.4375 0.4375 0.4375 0.5625 0.5625 1 1 1 1.0625 1.0625 1.125 1.125 1.125 1.4375 1.4375 4.25 4.25 4.25 9.5 9.5 9.125 9.125 9.125 4.125 4.125 1.25 1.25 1.25 0.25 0.25 0.0625 0.0625 0.0625 0.375 0.375 1.3125 1.3125 1.3125 1.9375 1.9375 2.125 2.125 2.125 2.75 2.75 2.8125 2.8125 2.8125 1.4375 1.4375 0.8125 0.8125 0.8125 0.25
0 0 0 0 0 0 0 0 0 0 0 0 0 0 0 0 0 0 0 0 0 0 0 0 0 0.125 0.125 0.1875 0.1875 0.1875 0.1875 0.1875 0.125 0.125 0.125 0.1875 0.1875 0.3125 0.3125 0.3125 0.4375 0.4375 0.4375 0.4375 0.4375 0.5625 0.5625 1 1 1 1.0625 1.0625 1.125 1.125 1.125 1.4375 1.4375 4.25 4.25 4.25 9.5 9.5 9.125 9.125 9.125 4.125 4.125 1.25 1.25 1.25 0.25 0.25 0.0625 0.0625 0.0625 0.375 0.375 1.3125 1.3125 1.3125 1.9375 1.9375 2.125 2.125 2.125 2.75 2.75 2.8125 2.8125 2.8125 1.4375 1.4375 0.8125 0.8125 0.8125 0.25
0 0 0 0 0 0 0 0 0 0 0 0 0 0 0 0 0 0 0 0 0 0 0 0 0 0 0 0 0 0 0.0625 0.0625 0 0 0 0 0 0.0625 0.0625 0.0625 0.25 0.25 0.5 0.5 0.5 0.3125 0.3125 0.1875 0.1875 0.1875 0.6875 0.6875 1.1875 1.1875 1.1875 2.9375 2.9375 4.75 4.75 4.75 6.8125 6.8125 5.25 5.25 5.25 1.4375 1.4375 0.1875 0.1875 0.1875 0.25 0.25 0.625 0.625 0.625 0.8125 0.8125 1.0625 1.0625 1.0625 1.125 1.125 1.5625 1.5625 1.5625 1.4375 1.4375 0.5625 0.5625 0.5625 0.4375 0.4375 0.1875 0.1875 0.1875 0.0625
0 0 0 0 0 0 0 0 0 0 0 0 0 0 0 0 0 0 0 0 0 0 0 0 0 0 0 0 0 0 0.0625 0.0625 0 0 0 0 0 0.0625 0.0625 0.0625 0.25 0.25 0.5 0.5 0.5 0.3125 0.3125 0.1875 0.1875 0.1875 0.6875 0.6875 1.1875 1.1875 1.1875 2.9375 2.9375 4.75 4.75 4.75 6.8125 6.8125 5.25 5.25 5.25 1.4375 1.4375 0.1875 0.1875 0.1875 0.25 0.25 0.625 0.625 0.625 0.8125 0.8125 1.0625 1.0625 1.0625 1.125 1.125 1.5625 1.5625 1.5625 1.4375 1.4375 0.5625 0.5625 0.5625 0.4375 0.4375 0.1875 0.1875 0.1875 0.0625
0 0 0 0 0 0 0 0 0 0 0 0 0 0 0 0 0 0 0 0 0 0 0 0 0 0 0 0 0 0 0.0625 0.0625 0 0 0 0 0 0.0625 0.0625 0.0625 0.25 0.25 0.5 0.5 0.5 0.3125 0.3125 0.1875 0.1875 0.1875 0.6875 0.6875 1.1875 1.1875 1.1875 2.9375 2.9375 4.75 4.75 4.75 6.8125 6.8125 5.25 5.25 5.25 1.4375 1.4375 0.1875 0.1875 0.1875 0.25 0.25 0.625 0.625 0.625 0.8125 0.8125 1.0625 1.0625 1.0625 1.125 1.125 1.5625 1.5625 1.5625 1.4375 1.4375 0.5625 0.5625 0.5625 0.4375 0.4375 0.1875 0.1875 0.1875 0.0625
0 0 0 0 0 0 0 0 0 0 0 0 0 0 0 0 0 0 0 0 0 0 0 0 0 0 0 0 0 0 0 0 0 0 0 0 0 0.0625 0.0625 0.0625 0.1875 0.1875 0.25 0.25 0.25 0.125 0.125 0.125 0.125 0.125 0.375 0.375 2.0625 2.0625 2.0625 3.5625 3.5625 5.5 5.5 5.5 5.1875 5.1875 3.9375 3.9375 3.9375 1.9375 1.9375 1.0625 1.0625 1.0625 1.1875 1.1875 1 1 1 0.625 0.625 0.5 0.5 0.5 0.625 0.625 0.375 0.375 0.375 0.1875 0.1875 0.0625 0.0625 0.0625 0.125 0.125 0 0 0 0
0 0 0 0 0 0 0 0 0 0 0 0 0 0 0 0 0 0 0 0 0 0 0 0 0 0 0 0 0 0 0 0 0 0 0 0 0 0.0625 0.0625 0.0625 0.1875 0.1875 0.25 0.25 0.25 0.125 0.125 0.125 0.125 0.125 0.375 0.375 2.0625 2.0625 2.0625 3.5625 3.5625 5.5 5.5 5.5 5.1875 5.1875 3.9375 3.9375 3.9375 1.9375 1.9375 1.0625 1.0625 1.0625 1.1875 1.1875 1 1 1 0.625 0.625 0.5 0.5 0.5 0.625 0.625 0.375 0.375 0.375 0.1875 0.1875 0.0625 0.0625 0.0625 0.125 0.125 0 0 0 0
0 0 0 0 0 0 0 0 0 0 0 0 0 0 0 0 0 0 0 0 0 0 0 0 0 0 0 0 0 0 0 0 0 0 0 0 0 0 0 0 0.0625 0.0625 0.0625 0.0625 0.0625 0.0625 0.0625 0.0625 0.0625 0.0625 0.5 0.5 1.9375 1.9375 1.9375 2.25 2.25 3.625 3.625 3.625 5 5 4.625 4.625 4.625 2.125 2.125 1.0625 1.0625 1.0625 1 1 0.625 0.625 0.625 0.3125 0.3125 0.3125 0.3125 0.3125 0.4375 0.4375 0.4375 0.4375 0.4375 0.125 0.125 0.0625 0.0625 0.0625 0.1875 0.1875 0 0 0 0
0 0 0 0 0 0 0 0 0 0 0 0 0 0 0 0 0 0 0 0 0 0 0 0 0 0 0 0 0 0 0 0 0 0 0 0 0 0 0 0 0.0625 0.0625 0.0625 0.0625 0.0625 0.0625 0.0625 0.0625 0.0625 0.0625 0.5 0.5 1.9375 1.9375 1.9375 2.25 2.25 3.625 3.625 3.625 5 5 4.625 4.625 4.625 2.125 2.125 1.0625 1.0625 1.0625 1 1 0.625 0.625 0.625 0.3125 0.3125 0.3125 0.3125 0.3125 0.4375 0.4375 0.4375 0.4375 0.4375 0.125 0.125 0.0625 0.0625 0.0625 0.1875 0.1875 0 0 0 0
0 0 0 0 0 0 0 0 0 0 0 0 0 0 0 0 0 0 0 0 0 0 0 0 0 0 0 0 0 0 0 0 0 0 0 0 0 0 0 0 0.0625 0.0625 0.0625 0.0625 0.0625 0.0625 0.0625 0.0625 0.0625 0.0625 0.5 0.5 1.9375 1.9375 1.9375 2.25 2.25 3.625 3.625 3.625 5 5 4.625 4.625 4.625 2.125 2.125 1.0625 1.0625 1.0625 1 1 0.625 0.625 0.625 0.3125 0.3125 0.3125 0.3125 0.3125 0.4375 0.4375 0.4375 0.4375 0.4375 0.125 0.125 0.0625 0.0625 0.0625 0.1875 0.1875 0 0 0 0
0 0 0 0 0 0 0 0 0 0 0 0 0 0 0 0 0 0 0 0 0 0 0 0 0 0 0 0 0 0 0 0 0 0 0 0 0 0 0 0 0 0 0 0 0 0 0 0.125 0.125 0.125 0.5 0.5 0.875 0.875 0.875 2.5625 2.5625 7.1875 7.1875 7.1875 7.1875 7.1875 3.4375 3.4375 3.4375 1.375 1.375 0.5625 0.5625 0.5625 0.875 0.875 1 1 1 0.375 0.375 0.25 0.25 0.25 0.375 0.375 0.375 0.375 0.375 0.1875 0.1875 0.125 0.125 0.125 0.125 0.125 0 0 0 0
0 0 0 0 0 0 0 0 0 0 0 0 0 0 0 0 0 0 0 0 0 0 0 0 0 0 0 0 0 0 0 0 0 0 0 0 0 0 0 0 0 0 0 0 0 0 0 0.125 0.125 0.125 0.5 0.5 0.875 0.875 0.875 2.5625 2.5625 7.1875 7.1875 7.1875 7.1875 7.1875 3.4375 3.4375 3.4375 1.375 1.375 0.5625 0.5625 0.5625 0.875 0.875 1 1 1 0.375 0.375 0.25 0.25 0.25 0.375 0.375 0.375 0.375 0.375 0.1875 0.1875 0.125 0.125 0.125 0.125 0.125 0 0 0 0
0 0 0 0 0 0 0 0 0 0 0 0 0 0 0 0 0 0 0 0 0 0 0 0 0 0 0 0 0 0 0 0 0 0 0 0 0 0 0 0 0 0 0 0 0 0 0 0.0625 0.0625 0.0625 0.25 0.25 1.75 1.75 1.75 6.6875 6.6875 9.9375 9.9375 9.9375 4.75 4.75 2.625 2.625 2.625 1.8125 1.8125 0.9375 0.9375 0.9375 1.1875 1.1875 0.9375 0.9375 0.9375 0.375 0.375 0.3125 0.3125 0.3125 0.25 0.25 0.0625 0.0625 0.0625 0.125 0.125 0.125 0.125 0.125 0.0625 0.0625 0 0 0 0
0 0 0 0 0 0 0 0 0 0 0 0 0 0 0 0 0 0 0 0 0 0 0 0 0 0 0 0 0 0 0 0 0 0 0 0 0 0 0 0 0 0 0 0 0 0 0 0.0625 0.0625 0.0625 0.25 0.25 1.75 1.75 1.75 6.6875 6.6875 9.9375 9.9375 9.9375 4.75 4.75 2.625 2.625 2.625 1.8125 1.8125 0.9375 0.9375 0.9375 1.1875 1.1875 0.9375 0.9375 0.9375 0.375 0.375 0.3125 0.3125 0.3125 0.25 0.25 0.0625 0.0625 0.0625 0.125 0.125 0.125 0.125 0.125 0.0625 0.0625 0 0 0 0
0 0 0 0 0 0 0 0 0 0 0 0 0 0 0 0 0 0 0 0 0 0 0 0 0 0 0 0 0 0 0 0 0 0 0 0 0 0 0 0 0 0 0 0 0 0 0 0.0625 0.0625 0.0625 0.25 0.25 1.75 1.75 1.75 6.6875 6.6875 9.9375 9.9375 9.9375 4.75 4.75 2.625 2.625 2.625 1.8125 1.8125 0.9375 0.9375 0.9375 1.1875 1.1875 0.9375 0.9375 0.9375 0.375 0.375 0.3125 0.3125 0.3125 0.25 0.25 0.0625 0.0625 0.0625 0.125 0.125 0.125 0.125 0.125 0.0625 0.0625 0 0 0 0
0 0 0 0 0 0 0 0 0 0 0 0 0 0 0 0 0 0 0 0 0 0 0 0 0 0 0 0 0 0 0 0 0 0 0 0 0 0 0 0 0 0 0 0 0 0.0625 0.0625 0.0625 0.0625 0.0625 0.875 0.875 3 3 3 6.0625 6.0625 7.8125 7.8125 7.8125 7.6875 7.6875 6.5 6.5 6.5 3.375 3.375 1.4375 1.4375 1.4375 1.1875 1.1875 0.875 0.875 0.875 0.5 0.5 0.25 0.25 0.25 0.125 0.125 0.0625 0.0625 0.0625 0.125 0.125 0.125 0.125 0.125 0.0625 0.0625 0 0 0 0
0 0 0 0 0 0 0 0 0 0 0 0 0 0 0 0 0 0 0 0 0 0 0 0 0 0 0 0 0 0 0 0 0 0 0 0 0 0 0 0 0 0 0 0 0 0.0625 0.0625 0.0625 0.0625 0.0625 0.875 0.875 3 3 3 6.0625 6.0625 7.8125 7.8125 7.8125 7.6875 7.6875 6.5 6.5 6.5 3.375 3.375 1.4375 1.4375 1.4375 1.1875 1.1875 0.875 0.875 0.875 0.5 0.5 0.25 0.25 0.25 0.125 0.125 0.0625 0.0625 0.0625 0.125 0.125 0.125 0.125 0.125 0.0625 0.0625 0 0 0 0
0 0 0 0 0 0 0 0 0 0 0 0 0 0 0 0 0 0 0 0 0 0 0 0 0 0 0 0 0 0 0 0 0 0 0 0 0 0 0 0 0 0 0.0625 0.0625 0.0625 0.0625 0.0625 0.0625 0.0625 0.0625 0.5625 0.5625 4.375 4.375 4.375 12.6875 12.6875 13.5 13.5 13.5 8.75 8.75 5 5 5 2.5625 2.5625 1.125 1.125 1.125 0.5 0.5 0.125 0.125 0.125 0.0625 0.0625 0.0625 0.0625 0.0625 0.0625 0.0625 0.0625 0.0625 0.0625 0.0625 0.0625 0.0625 0.0625 0.0625 0.0625 0.0625 0.0625 0.0625 0.0625 0.125
0 0 0 0 0 0 0 0 0 0 0 0 0 0 0 0 0 0 0 0 0 0 0 0 0 0 0 0 0 0 0 0 0 0 0 0 0 0 0 0 0 0 0.0625 0.0625 0.0625 0.0625 0.0625 0.0625 0.0625 0.0625 0.5625 0.5625 4.375 4.375 4.375 12.6875 12.6875 13.5 13.5 13.5 8.75 8.75 5 5 5 2.5625 2.5625 1.125 1.125 1.125 0.5 0.5 0.125 0.125 0.125 0.0625 0.0625 0.0625 0.0625 0.0625 0.0625 0.0625 0.0625 0.0625 0.0625 0.0625 0.0625 0.0625 0.0625 0.0625 0.0625 0.0625 0.0625 0.0625 0.0625 0.125
0 0 0 0 0 0 0 0 0 0 0 0 0 0 0 0 0 0 0 0 0 0 0 0 0 0 0 0 0 0 0 0 0 0 0 0 0 0 0 0 0 0 0.0625 0.0625 0.0625 0.0625 0.0625 0.0625 0.0625 0.0625 0.5625 0.5625 4.375 4.375 4.375 12.6875 12.6875 13.5 13.5 13.5 8.75 8.75 5 5 5 2.5625 2.5625 1.125 1.125 1.125 0.5 0.5 0.125 0.125 0.125 0.0625 0.0625 0.0625 0.0625 0.0625 0.0625 0.0625 0.0625 0.0625 0.0625 0.0625 0.0625 0.0625 0.0625 0.0625 0.0625 0.0625 0.0625 0.0625 0.0625 0.125
0 0 0 0 0 0 0 0 0 0 0 0 0 0 0 0 0 0 0 0 0 0 0 0 0 0 0 0 0 0 0 0 0 0 0 0 0 0 0 0 0 0 0 0 0 0 0 0.0625 0.0625 0.0625 2.4375 2.4375 11 11 11 15.6875 15.6875 9.3125 9.3125 9.3125 5.0625 5.0625 3.6875 3.6875 3.6875 1.4375 1.4375 0.5625 0.5625 0.5625 0.25 0.25 0.0625 0.0625 0.0625 0.0625 0.0625 0.0625 0.0625 0.0625 0.0625 0.0625 0.0625 0.0625 0.0625 0 0 0 0 0 0.1875 0.1875 0.3125 0.3125 0.3125 0.25
0 0 0 0 0 0 0 0 0 0 0 0 0 0 0 0 0 0 0 0 0 0 0 0 0 0 0 0 0 0 0 0 0 0 0 0 0 0 0 0 0 0 0 0 0 0 0 0.0625 0.0625 0.0625 2.4375 2.4375 11 11 11 15.6875 15.6875 9.3125 9.3125 9.3125 5.0625 5.0625 3.6875 3.6875 3.6875 1.4375 1.4375 0.5625 0.5625 0.5625 0.25 0.25 0.0625 0.0625 0.0625 0.0625 0.0625 0.0625 0.0625 0.0625 0.0625 0.0625 0.0625 0.0625 0.0625 0 0 0 0 0 0.1875 0.1875 0.3125 0.3125 0.3125 0.25
0.1875 0.1875 0 0 0 0 0 0 0 0 0 0 0 0 0 0 0 0 0 0 0 0 0 0 0 0 0 0 0 0 0 0 0 0 0 0 0 0 0 0 0 0 0 0 0 0 0 0.875 0.875 0.875 6.9375 6.9375 13.25 13.25 13.25 11.75 11.75 6.6875 6.6875 6.6875 4.1875 4.1875 2.75 2.75 2.75 1.0625 1.0625 0.25 0.25 0.25 0.1875 0.1875 0.0625 0.0625 0.0625 0 0 0.0625 0.0625 0.0625 0.0625 0.0625 0 0 0 0.0625 0.0625 0.25 0.25 0.25 0.4375 0.4375 0.375 0.375 0.375 0.25
0.1875 0.1875 0 0 0 0 0 0 0 0 0 0 0 0 0 0 0 0 0 0 0 0 0 0 0 0 0 0 0 0 0 0 0 0 0 0 0 0 0 0 0 0 0 0 0 0 0 0.875 0.875 0.875 6.9375 6.9375 13.25 13.25 13.25 11.75 11.75 6.6875 6.6875 6.6875 4.1875 4.1875 2.75 2.75 2.75 1.0625 1.0625 0.25 0.25 0.25 0.1875 0.1875 0.0625 0.0625 0.0625 0 0 0.0625 0.0625 0.0625 0.0625 0.0625 0 0 0 0.0625 0.0625 0.25 0.25 0.25 0.4375 0.4375 0.375 0.375 0.375 0.25
0.1875 0.1875 0 0 0 0 0 0 0 0 0 0 0 0 0 0 0 0 0 0 0 0 0 0 0 0 0 0 0 0 0 0 0 0 0 0 0 0 0 0 0 0 0 0 0 0 0 0.875 0.875 0.875 6.9375 6.9375 13.25 13.25 13.25 11.75 11.75 6.6875 6.6875 6.6875 4.1875 4.1875 2.75 2.75 2.75 1.0625 1.0625 0.25 0.25 0.25 0.1875 0.1875 0.0625 0.0625 0.0625 0 0 0.0625 0.0625 0.0625 0.0625 0.0625 0 0 0 0.0625 0.0625 0.25 0.25 0.25 0.4375 0.4375 0.375 0.375 0.375 0.25
1.4375 1.4375 0.3125 0.3125 0.3125 0 0 0 0 0 0 0 0 0 0 0 0 0 0 0 0 0 0 0 0 0 0 0 0 0 0 0 0 0 0 0 0 0 0 0 0 0 0 0 0 0.125 0.125 3.4375 3.4375 3.4375 10 10 14.4375 14.4375 14.4375 10.6875 10.6875 5.5 5.5 5.5 2.1875 2.1875 0.8125 0.8125 0.8125 0.1875 0.1875 0 0 0 0 0 0 0 0 0 0 0 0 0 0 0 0.125 0.125 0.125 0.3125 0.3125 0.4375 0.4375 0.4375 0.375 0.375 0.1875 0.1875 0.1875 0.125
1.4375 1.4375 0.3125 0.3125 0.3125 0 0 0 0 0 0 0 0 0 0 0 0 0 0 0 0 0 0 0 0 0 0 0 0 0 0 0 0 0 0 0 0 0 0 0 0 0 0 0 0 0.125 0.125 3.4375 3.4375 3.4375 10 10 14.4375 14.4375 14.4375 10.6875 10.6875 5.5 5.5 5.5 2.1875 2.1875 0.8125 0.8125 0.8125 0.1875 0.1875 0 0 0 0 0 0 0 0 0 0 0 0 0 0 0 0.125 0.125 0.125 0.3125 0.3125 0.4375 0.4375 0.4375 0.375 0.375 0.1875 0.1875 0.1875 0.125
3.3125 3.3125 1.5 1.5 1.5 0.125 0.125 0 0 0 0 0 0 0 0 0 0 0 0 0 0 0 0 0 0 0 0 0 0 0 0 0 0 0 0 0 0 0 0 0 0 0 0.125 0.125 0.125 1.75 1.75 7.125 7.125 7.125 8.9375 8.9375 8.5 8.5 8.5 7.25 7.25 3.6875 3.6875 3.6875 1.3125 1.3125 0.1875 0.1875 0.1875 0 0 0 0 0 0 0 0 0 0 0 0 0 0 0 0.0625 0.0625 0.1875 0.1875 0.1875 0.25 0.25 0.25 0.25 0.25 0.125 0.125 0.0625 0.0625 0.0625 0.1875
3.3125 3.3125 1.5 1.5 1.5 0.125 0.125 0 0 0 0 0 0 0 0 0 0 0 0 0 0 0 0 0 0 0 0 0 0 0 0 0 0 0 0 0 0 0 0 0 0 0 0.125 0.125 0.125 1.75 1.75 7.125 7.125 7.125 8.9375 8.9375 8.5 8.5 8.5 7.25 7.25 3.6875 3.6875 3.6875 1.3125 1.3125 0.1875 0.1875 0.1875 0 0 0 0 0 0 0 0 0 0 0 0 0 0 0 0.0625 0.0625 0.1875 0.1875 0.1875 0.25 0.25 0.25 0.25 0.25 0.125 0.125 0.0625 0.0625 0.0625 0.1875
3.3125 3.3125 1.5 1.5 1.5 0.125 0.125 0 0 0 0 0 0 0 0 0 0 0 0 0 0 0 0 0 0 0 0 0 0 0 0 0 0 0 0 0 0 0 0 0 0 0 0.125 0.125 0.125 1.75 1.75 7.125 7.125 7.125 8.9375 8.9375 8.5 8.5 8.5 7.25 7.25 3.6875 3.6875 3.6875 1.3125 1.3125 0.1875 0.1875 0.1875 0 0 0 0 0 0 0 0 0 0 0 0 0 0 0 0.0625 0.0625 0.1875 0.1875 0.1875 0.25 0.25 0.25 0.25 0.25 0.125 0.125 0.0625 0.0625 0.0625 0.1875
1.6875 1.6875 2.625 2.625 2.625 0.6875 0.6875 0 0 0 0 0 0 0 0 0 0 0 0 0 0 0 0.0625 0.0625 0.0625 0 0 0 0 0 0 0 0 0 0 0 0 0 0 0 0.25 0.25 1.6875 1.6875 1.6875 5.75 5.75 6.9375 6.9375 6.9375 5.125 5.125 5.25 5.25 5.25 4.3125 4.3125 2.1875 2.1875 2.1875 0.5 0.5 0 0 0 0 0 0 0 0 0 0 0 0 0 0 0 0 0 0 0 0 0.125 0.125 0.125 0.125 0.125 0.0625 0.0625 0.0625 0.0625 0.0625 0.1875 0.1875 0.1875 0.625
1.6875 1.6875 2.625 2.625 2.625 0.6875 0.6875 0 0 0 0 0 0 0 0 0 0 0 0 0 0 0 0.0625 0.0625 0.0625 0 0 0 0 0 0 0 0 0 0 0 0 0 0 0 0.25 0.25 1.6875 1.6875 1.6875 5.75 5.75 6.9375 6.9375 6.9375 5.125 5.125 5.25 5.25 5.25 4.3125 4.3125 2.1875 2.1875 2.1875 0.5 0.5 0 0 0 0 0 0 0 0 0 0 0 0 0 0 0 0 0 0 0 0 0.125 0.125 0.125 0.125 0.125 0.0625 0.0625 0.0625 0.0625 0.0625 0.1875 0.1875 0.1875 0.625
0.125 0.125 0.75 0.75 0.75 0.625 0.625 0 0 0 0 0 0 0 0 0.0625 0.0625 0.0625 0.0625 0.0625 0.0625 0.0625 0 0 0 0 0 0 0 0 0 0 0 0 0 0 0 0.1875 0.1875 0.1875 1.375 1.375 4 4 4 4.875 4.875 2.8125 2.8125 2.8125 2.625 2.625 2 2 2 1.375 1.375 0.8125 0.8125 0.8125 0.25 0.25 0 0 0 0 0 0 0 0 0 0 0 0 0 0 0 0 0 0 0 0 0.0625 0.0625 0.0625 0.0625 0.0625 0.0625 0.0625 0.0625 0.3125 0.3125 1 1 1 1.5625
0.125 0.125 0.75 0.75 0.75 0.625 0.625 0 0 0 0 0 0 0 0 0.0625 0.0625 0.0625 0.0625 0.0625 0.0625 0.0625 0 0 0 0 0 0 0 0 0 0 0 0 0 0 0 0.1875 0.1875 0.1875 1.375 1.375 4 4 4 4.875 4.875 2.8125 2.8125 2.8125 2.625 2.625 2 2 2 1.375 1.375 0.8125 0.8125 0.8125 0.25 0.25 0 0 0 0 0 0 0 0 0 0 0 0 0 0 0 0 0 0 0 0 0.0625 0.0625 0.0625 0.0625 0.0625 0.0625 0.0625 0.0625 0.3125 0.3125 1 1 1 1.5625
0.125 0.125 0.75 0.75 0.75 0.625 0.625 0 0 0 0 0 0 0 0 0.0625 0.0625 0.0625 0.0625 0.0625 0.0625 0.0625 0 0 0 0 0 0 0 0 0 0 0 0 0 0 0 0.1875 0.1875 0.1875 1.375 1.375 4 4 4 4.875 4.875 2.8125 2.8125 2.8125 2.625 2.625 2 2 2 1.375 1.375 0.8125 0.8125 0.8125 0.25 0.25 0 0 0 0 0 0 0 0 0 0 0 0 0 0 0 0 0 0 0 0 0.0625 0.0625 0.0625 0.0625 0.0625 0.0625 0.0625 0.0625 0.3125 0.3125 1 1 1 1.5625
0.0625 0.0625 0 0 0 0 0 0 0 0 0 0 0 0 0 0 0 0 0 0 0 0 0 0 0 0 0 0 0 0 0 0 0 0 0 0.0625 0.0625 0.9375 0.9375 0.9375 2.9375 2.9375 2.3125 2.3125 2.3125 1.0625 1.0625 0.75 0.75 0.75 1.1875 1.1875 2.0625 2.0625 2.0625 3.0625 3.0625 2.875 2.875 2.875 1.3125 1.3125 0.125 0.125 0.125 0 0 0 0 0 0 0 0 0 0 0 0 0 0 0 0 0 0.0625 0.0625 0.0625 0.1875 0.1875 0.5625 0.5625 0.5625 1.5 1.5 2.1875 2.1875 2.1875 2.3125
0.0625 0.0625 0 0 0 0 0 0 0 0 0 0 0 0 0 0 0 0 0 0 0 0 0 0 0 0 0 0 0 0 0 0 0 0 0 0.0625 0.0625 0.9375 0.9375 0.9375 2.9375 2.9375 2.3125 2.3125 2.3125 1.0625 1.0625 0.75 0.75 0.75 1.1875 1.1875 2.0625 2.0625 2.0625 3.0625 3.0625 2.875 2.875 2.875 1.3125 1.3125 0.125 0.125 0.125 0 0 0 0 0 0 0 0 0 0 0 0 0 0 0 0 0 0.0625 0.0625 0.0625 0.1875 0.1875 0.5625 0.5625 0.5625 1.5 1.5 2.1875 2.1875 2.1875 2.3125
0.125 0.125 0 0 0 0 0 0 0 0 0 0 0 0 0 0 0 0 0 0 0 0 0 0 0 0 0 0 0 0 0 0 0 0 0 0.125 0.125 0.4375 0.4375 0.4375 1 1 0.875 0.875 0.875 0.75 0.75 1.1875 1.1875 1.1875 2.25 2.25 3.8125 3.8125 3.8125 4.625 4.625 2.5625 2.5625 2.5625 0.6875 0.6875 0 0 0 0 0 0 0 0 0 0 0 0 0 0 0 0 0 0 0.0625 0.0625 0.375 0.375 0.375 1 1 2.0625 2.0625 2.0625 2.4375 2.4375 2.0625 2.0625 2.0625 2.125
0.125 0.125 0 0 0 0 0 0 0 0 0 0 0 0 0 0 0 0 0 0 0 0 0 0 0 0 0 0 0 0 0 0 0 0 0 0.125 0.125 0.4375 0.4375 0.4375 1 1 0.875 0.875 0.875 0.75 0.75 1.1875 1.1875 1.1875 2.25 2.25 3.8125 3.8125 3.8125 4.625 4.625 2.5625 2.5625 2.5625 0.6875 0.6875 0 0 0 0 0 0 0 0 0 0 0 0 0 0 0 0 0 0 0.0625 0.0625 0.375 0.375 0.375 1 1 2.0625 2.0625 2.0625 2.4375 2.4375 2.0625 2.0625 2.0625 2.125
0.125 0.125 0 0 0 0 0 0 0 0 0 0 0 0 0 0 0 0 0 0 0 0 0 0 0 0 0 0 0 0 0 0 0 0 0 0.125 0.125 0.4375 0.4375 0.4375 1 1 0.875 0.875 0.875 0.75 0.75 1.1875 1.1875 1.1875 2.25 2.25 3.8125 3.8125 3.8125 4.625 4.625 2.5625 2.5625 2.5625 0.6875 0.6875 0 0 0 0 0 0 0 0 0 0 0 0 0 0 0 0 0 0 0.0625 0.0625 0.375 0.375 0.375 1 1 2.0625 2.0625 2.0625 2.4375 2.4375 2.0625 2.0625 2.0625 2.125
0.0625 0.0625 0.3125 0.3125 0.3125 0.5 0.5 0.5625 0.5625 0.5625 0 0 0 0 0 0 0 0 0 0 0 0 0 0 0 0 0 0 0 0 0 0 0 0 0 0.0625 0.0625 0.625 0.625 0.625 0.875 0.875 0.9375 0.9375 0.9375 0.6875 0.6875 1.6875 1.6875 1.6875 4.4375 4.4375 4.9375 4.9375 4.9375 3 3 1.25 1.25 1.25 0.25 0.25 0 0 0 0 0 0 0 0 0 0 0 0 0 0 0 0.1875 0.1875 0.1875 0.6875 0.6875 1.5625 1.5625 1.5625 2.375 2.375 2.3125 2.3125 2.3125 1.8125 1.8125 2.125 2.125 2.125 2.6875
0.0625 0.0625 0.3125 0.3125 0.3125 0.5 0.5 0.5625 0.5625 0.5625 0 0 0 0 0 0 0 0 0 0 0 0 0 0 0 0 0 0 0 0 0 0 0 0 0 0.0625 0.0625 0.625 0.625 0.625 0.875 0.875 0.9375 0.9375 0.9375 0.6875 0.6875 1.6875 1.6875 1.6875 4.4375 4.4375 4.9375 4.9375 4.9375 3 3 1.25 1.25 1.25 0.25 0.25 0 0 0 0 0 0 0 0 0 0 0 0 0 0 0 0.1875 0.1875 0.1875 0.6875 0.6875 1.5625 1.5625 1.5625 2.375 2.375 2.3125 2.3125 2.3125 1.8125 1.8125 2.125 2.125 2.125 2.6875
0.0625 0.0625 0.6875 0.6875 0.6875 0.75 0.75 1.9375 1.9375 1.9375 0.5 0.5 0 0 0 0 0 0 0 0 0 0 0 0 0 0 0 0 0 0 0 0 0 0 0 0 0 0.5625 0.5625 0.5625 1.625 1.625 1.3125 1.3125 1.3125 1.5 1.5 3.875 3.875 3.875 5.125 5.125 3.3125 3.3125 3.3125 1.25 1.25 0.3125 0.3125 0.3125 0 0 0 0 0 0 0 0 0 0 0 0 0.0625 0.0625 0.0625 0.3125 0.3125 1 1 1 2 2 2.5 2.5 2.5 2.0625 2.0625 1.375 1.375 1.375 2.0625 2.0625 2.9375 2.9375 2.9375 2.5
