Data/APCP/20200108.L2.apcp.gfs.pakistan.txt
ncols    	169
nrows    	134
xllcorner	60.9
yllcorner	23.7
cellsize 	0.1
NODATA_value  -9999
[rows 84 to 111 of 134, columns 0 to 62 of 169]
2.171875 2.171875 2.265625 2.265625 2.265625 1.367188 1.367188 0.500000 0.500000 0.500000 0.179688 0.179688 0.101562 0.101562 0.101562 0.085938 0.085938 0.140625 0.140625 0.140625 0.203125 0.203125 0.210938 0.210938 0.210938 0.257812 0.257812 0.226562 0.226562 0.226562 0.140625 0.140625 0.093750 0.093750 0.093750 0.070312 0.070312 0.039062 0.039062 0.039062 0.023438 0.023438 0.015625 0.015625 0.015625 0.000000 0.000000 0.000000 0.000000 0.000000 0.031250 0.031250 0.062500 0.062500 0.062500 0.078125 0.078125 0.062500 0.062500 0.062500 0.023438 0.023438 0.000000
3.570312 3.570312 3.757812 3.757812 3.757812 2.148438 2.148438 0.804688 0.804688 0.804688 0.109375 0.109375 0.015625 0.015625 0.015625 0.015625 0.015625 0.023438 0.023438 0.023438 0.101562 0.101562 0.093750 0.093750 0.093750 0.085938 0.085938 0.109375 0.109375 0.109375 0.125000 0.125000 0.171875 0.171875 0.171875 0.101562 0.101562 0.054688 0.054688 0.054688 0.039062 0.039062 0.007812 0.007812 0.007812 0.000000 0.000000 0.015625 0.015625 0.015625 0.046875 0.046875 0.054688 0.054688 0.054688 0.070312 0.070312 0.031250 0.031250 0.031250 0.007812 0.007812 0.000000
3.570312 3.570312 3.757812 3.757812 3.757812 2.148438 2.148438 0.804688 0.804688 0.804688 0.109375 0.109375 0.015625 0.015625 0.015625 0.015625 0.015625 0.023438 0.023438 0.023438 0.101562 0.101562 0.093750 0.093750 0.093750 0.085938 0.085938 0.109375 0.109375 0.109375 0.125000 0.125000 0.171875 0.171875 0.171875 0.101562 0.101562 0.054688 0.054688 0.054688 0.039062 0.039062 0.007812 0.007812 0.007812 0.000000 0.000000 0.015625 0.015625 0.015625 0.046875 0.046875 0.054688 0.054688 0.054688 0.070312 0.070312 0.031250 0.031250 0.031250 0.007812 0.007812 0.000000
2.906250 2.906250 2.835938 2.835938 2.835938 2.093750 2.093750 1.156250 1.156250 1.156250 0.398438 0.398438 0.062500 0.062500 0.062500 0.000000 0.000000 0.000000 0.000000 0.000000 0.070312 0.070312 0.054688 0.054688 0.054688 0.031250 0.031250 0.062500 0.062500 0.062500 0.187500 0.187500 0.257812 0.257812 0.257812 0.195312 0.195312 0.101562 0.101562 0.101562 0.031250 0.031250 0.015625 0.015625 0.015625 0.031250 0.031250 0.062500 0.062500 0.062500 0.070312 0.070312 0.062500 0.062500 0.062500 0.039062 0.039062 0.007812 0.007812 0.007812 0.000000 0.000000 0.000000
2.906250 2.906250 2.835938 2.835938 2.835938 2.093750 2.093750 1.156250 1.156250 1.156250 0.398438 0.398438 0.062500 0.062500 0.062500 0.000000 0.000000 0.000000 0.000000 0.000000 0.070312 0.070312 0.054688 0.054688 0.054688 0.031250 0.031250 0.062500 0.062500 0.062500 0.187500 0.187500 0.257812 0.257812 0.257812 0.195312 0.195312 0.101562 0.101562 0.101562 0.031250 0.031250 0.015625 0.015625 0.015625 0.031250 0.031250 0.062500 0.062500 0.062500 0.070312 0.070312 0.062500 0.062500 0.062500 0.039062 0.039062 0.007812 0.007812 0.007812 0.000000 0.000000 0.000000
2.906250 2.906250 2.835938 2.835938 2.835938 2.093750 2.093750 1.156250 1.156250 1.156250 0.398438 0.398438 0.062500 0.062500 0.062500 0.000000 0.000000 0.000000 0.000000 0.000000 0.070312 0.070312 0.054688 0.054688 0.054688 0.031250 0.031250 0.062500 0.062500 0.062500 0.187500 0.187500 0.257812 0.257812 0.257812 0.195312 0.195312 0.101562 0.101562 0.101562 0.031250 0.031250 0.015625 0.015625 0.015625 0.031250 0.031250 0.062500 0.062500 0.062500 0.070312 0.070312 0.062500 0.062500 0.062500 0.039062 0.039062 0.007812 0.007812 0.007812 0.000000 0.000000 0.000000
2.414062 2.414062 1.984375 1.984375 1.984375 1.609375 1.609375 1.390625 1.390625 1.390625 0.929688 0.929688 0.281250 0.281250 0.281250 0.031250 0.031250 0.000000 0.000000 0.000000 0.015625 0.015625 0.015625 0.015625 0.015625 0.078125 0.078125 0.234375 0.234375 0.234375 0.359375 0.359375 0.281250 0.281250 0.281250 0.195312 0.195312 0.093750 0.093750 0.093750 0.078125 0.078125 0.070312 0.070312 0.070312 0.085938 0.085938 0.085938 0.085938 0.085938 0.070312 0.070312 0.039062 0.039062 0.039062 0.023438 0.023438 0.007812 0.007812 0.007812 0.000000 0.000000 0.000000
2.414062 2.414062 1.984375 1.984375 1.984375 1.609375 1.609375 1.390625 1.390625 1.390625 0.929688 0.929688 0.281250 0.281250 0.281250 0.031250 0.031250 0.000000 0.000000 0.000000 0.015625 0.015625 0.015625 0.015625 0.015625 0.078125 0.078125 0.234375 0.234375 0.234375 0.359375 0.359375 0.281250 0.281250 0.281250 0.195312 0.195312 0.093750 0.093750 0.093750 0.078125 0.078125 0.070312 0.070312 0.070312 0.085938 0.085938 0.085938 0.085938 0.085938 0.070312 0.070312 0.039062 0.039062 0.039062 0.023438 0.023438 0.007812 0.007812 0.007812 0.000000 0.000000 0.000000
1.531250 1.531250 1.562500 1.562500 1.562500 1.367188 1.367188 1.070312 1.070312 1.070312 0.882812 0.882812 0.515625 0.515625 0.515625 0.093750 0.093750 0.000000 0.000000 0.000000 0.015625 0.015625 0.156250 0.156250 0.156250 0.429688 0.429688 0.585938 0.585938 0.585938 0.632812 0.632812 0.460938 0.460938 0.460938 0.250000 0.250000 0.156250 0.156250 0.156250 0.148438 0.148438 0.117188 0.117188 0.117188 0.093750 0.093750 0.062500 0.062500 0.062500 0.046875 0.046875 0.031250 0.031250 0.031250 0.015625 0.015625 0.000000 0.000000 0.000000 0.000000 0.000000 0.000000
1.531250 1.531250 1.562500 1.562500 1.562500 1.367188 1.367188 1.070312 1.070312 1.070312 0.882812 0.882812 0.515625 0.515625 0.515625 0.093750 0.093750 0.000000 0.000000 0.000000 0.015625 0.015625 0.156250 0.156250 0.156250 0.429688 0.429688 0.585938 0.585938 0.585938 0.632812 0.632812 0.460938 0.460938 0.460938 0.250000 0.250000 0.156250 0.156250 0.156250 0.148438 0.148438 0.117188 0.117188 0.117188 0.093750 0.093750 0.062500 0.062500 0.062500 0.046875 0.046875 0.031250 0.031250 0.031250 0.015625 0.015625 0.000000 0.000000 0.000000 0.000000 0.000000 0.000000
1.531250 1.531250 1.562500 1.562500 1.562500 1.367188 1.367188 1.070312 1.070312 1.070312 0.882812 0.882812 0.515625 0.515625 0.515625 0.093750 0.093750 0.000000 0.000000 0.000000 0.015625 0.015625 0.156250 0.156250 0.156250 0.429688 0.429688 0.585938 0.585938 0.585938 0.632812 0.632812 0.460938 0.460938 0.460938 0.250000 0.250000 0.156250 0.156250 0.156250 0.148438 0.148438 0.117188 0.117188 0.117188 0.093750 0.093750 0.062500 0.062500 0.062500 0.046875 0.046875 0.031250 0.031250 0.031250 0.015625 0.015625 0.000000 0.000000 0.000000 0.000000 0.000000 0.000000
0.937500 0.937500 1.156250 1.156250 1.156250 1.140625 1.140625 0.820312 0.820312 0.820312 0.789062 0.789062 0.710938 0.710938 0.710938 0.375000 0.375000 0.101562 0.101562 0.101562 0.015625 0.015625 0.070312 0.070312 0.070312 0.179688 0.179688 0.234375 0.234375 0.234375 0.265625 0.265625 0.234375 0.234375 0.234375 0.187500 0.187500 0.203125 0.203125 0.203125 0.164062 0.164062 0.101562 0.101562 0.101562 0.078125 0.078125 0.046875 0.046875 0.046875 0.031250 0.031250 0.015625 0.015625 0.015625 0.007812 0.007812 0.007812 0.007812 0.007812 0.000000 0.000000 0.000000
0.937500 0.937500 1.156250 1.156250 1.156250 1.140625 1.140625 0.820312 0.820312 0.820312 0.789062 0.789062 0.710938 0.710938 0.710938 0.375000 0.375000 0.101562 0.101562 0.101562 0.015625 0.015625 0.070312 0.070312 0.070312 0.179688 0.179688 0.234375 0.234375 0.234375 0.265625 0.265625 0.234375 0.234375 0.234375 0.187500 0.187500 0.203125 0.203125 0.203125 0.164062 0.164062 0.101562 0.101562 0.101562 0.078125 0.078125 0.046875 0.046875 0.046875 0.031250 0.031250 0.015625 0.015625 0.015625 0.007812 0.007812 0.007812 0.007812 0.007812 0.000000 0.000000 0.000000
0.781250 0.781250 1.023438 1.023438 1.023438 1.312500 1.312500 1.257812 1.257812 1.257812 0.976562 0.976562 0.851562 0.851562 0.851562 0.640625 0.640625 0.296875 0.296875 0.296875 0.117188 0.117188 0.078125 0.078125 0.078125 0.085938 0.085938 0.109375 0.109375 0.109375 0.125000 0.125000 0.156250 0.156250 0.156250 0.187500 0.187500 0.210938 0.210938 0.210938 0.203125 0.203125 0.195312 0.195312 0.195312 0.164062 0.164062 0.101562 0.101562 0.101562 0.054688 0.054688 0.039062 0.039062 0.039062 0.031250 0.031250 0.015625 0.015625 0.015625 0.007812 0.007812 0.000000
0.781250 0.781250 1.023438 1.023438 1.023438 1.312500 1.312500 1.257812 1.257812 1.257812 0.976562 0.976562 0.851562 0.851562 0.851562 0.640625 0.640625 0.296875 0.296875 0.296875 0.117188 0.117188 0.078125 0.078125 0.078125 0.085938 0.085938 0.109375 0.109375 0.109375 0.125000 0.125000 0.156250 0.156250 0.156250 0.187500 0.187500 0.210938 0.210938 0.210938 0.203125 0.203125 0.195312 0.195312 0.195312 0.164062 0.164062 0.101562 0.101562 0.101562 0.054688 0.054688 0.039062 0.039062 0.039062 0.031250 0.031250 0.015625 0.015625 0.015625 0.007812 0.007812 0.000000
0.781250 0.781250 1.023438 1.023438 1.023438 1.312500 1.312500 1.257812 1.257812 1.257812 0.976562 0.976562 0.851562 0.851562 0.851562 0.640625 0.640625 0.296875 0.296875 0.296875 0.117188 0.117188 0.078125 0.078125 0.078125 0.085938 0.085938 0.109375 0.109375 0.109375 0.125000 0.125000 0.156250 0.156250 0.156250 0.187500 0.187500 0.210938 0.210938 0.210938 0.203125 0.203125 0.195312 0.195312 0.195312 0.164062 0.164062 0.101562 0.101562 0.101562 0.054688 0.054688 0.039062 0.039062 0.039062 0.031250 0.031250 0.015625 0.015625 0.015625 0.007812 0.007812 0.000000
1.117188 1.117188 1.523438 1.523438 1.523438 1.578125 1.578125 1.234375 1.234375 1.234375 0.710938 0.710938 0.375000 0.375000 0.375000 0.195312 0.195312 0.156250 0.156250 0.156250 0.164062 0.164062 0.156250 0.156250 0.156250 0.140625 0.140625 0.140625 0.140625 0.140625 0.171875 0.171875 0.218750 0.218750 0.218750 0.226562 0.226562 0.210938 0.210938 0.210938 0.187500 0.187500 0.140625 0.140625 0.140625 0.109375 0.109375 0.085938 0.085938 0.085938 0.062500 0.062500 0.046875 0.046875 0.046875 0.023438 0.023438 0.007812 0.007812 0.007812 0.000000 0.000000 0.000000
1.117188 1.117188 1.523438 1.523438 1.523438 1.578125 1.578125 1.234375 1.234375 1.234375 0.710938 0.710938 0.375000 0.375000 0.375000 0.195312 0.195312 0.156250 0.156250 0.156250 0.164062 0.164062 0.156250 0.156250 0.156250 0.140625 0.140625 0.140625 0.140625 0.140625 0.171875 0.171875 0.218750 0.218750 0.218750 0.226562 0.226562 0.210938 0.210938 0.210938 0.187500 0.187500 0.140625 0.140625 0.140625 0.109375 0.109375 0.085938 0.085938 0.085938 0.062500 0.062500 0.046875 0.046875 0.046875 0.023438 0.023438 0.007812 0.007812 0.007812 0.000000 0.000000 0.000000
0.968750 0.968750 1.093750 1.093750 1.093750 1.125000 1.125000 1.125000 1.125000 1.125000 0.843750 0.843750 0.492188 0.492188 0.492188 0.273438 0.273438 0.187500 0.187500 0.187500 0.156250 0.156250 0.117188 0.117188 0.117188 0.085938 0.085938 0.070312 0.070312 0.070312 0.070312 0.070312 0.101562 0.101562 0.101562 0.125000 0.125000 0.117188 0.117188 0.117188 0.085938 0.085938 0.054688 0.054688 0.054688 0.031250 0.031250 0.015625 0.015625 0.015625 0.015625 0.015625 0.007812 0.007812 0.007812 0.000000 0.000000 0.000000 0.000000 0.000000 0.000000 0.000000 0.000000
0.968750 0.968750 1.093750 1.093750 1.093750 1.125000 1.125000 1.125000 1.125000 1.125000 0.843750 0.843750 0.492188 0.492188 0.492188 0.273438 0.273438 0.187500 0.187500 0.187500 0.156250 0.156250 0.117188 0.117188 0.117188 0.085938 0.085938 0.070312 0.070312 0.070312 0.070312 0.070312 0.101562 0.101562 0.101562 0.125000 0.125000 0.117188 0.117188 0.117188 0.085938 0.085938 0.054688 0.054688 0.054688 0.031250 0.031250 0.015625 0.015625 0.015625 0.015625 0.015625 0.007812 0.007812 0.007812 0.000000 0.000000 0.000000 0.000000 0.000000 0.000000 0.000000 0.000000
0.968750 0.968750 1.093750 1.093750 1.093750 1.125000 1.125000 1.125000 1.125000 1.125000 0.843750 0.843750 0.492188 0.492188 0.492188 0.273438 0.273438 0.187500 0.187500 0.187500 0.156250 0.156250 0.117188 0.117188 0.117188 0.085938 0.085938 0.070312 0.070312 0.070312 0.070312 0.070312 0.101562 0.101562 0.101562 0.125000 0.125000 0.117188 0.117188 0.117188 0.085938 0.085938 0.054688 0.054688 0.054688 0.031250 0.031250 0.015625 0.015625 0.015625 0.015625 0.015625 0.007812 0.007812 0.007812 0.000000 0.000000 0.000000 0.000000 0.000000 0.000000 0.000000 0.000000
1.203125 1.203125 1.460938 1.460938 1.460938 1.429688 1.429688 1.148438 1.148438 1.148438 0.703125 0.703125 0.351562 0.351562 0.351562 0.164062 0.164062 0.101562 0.101562 0.101562 0.070312 0.070312 0.046875 0.046875 0.046875 0.023438 0.023438 0.015625 0.015625 0.015625 0.015625 0.015625 0.015625 0.015625 0.015625 0.023438 0.023438 0.023438 0.023438 0.023438 0.000000 0.000000 0.000000 0.000000 0.000000 0.000000 0.000000 0.000000 0.000000 0.000000 0.000000 0.000000 0.000000 0.000000 0.000000 0.000000 0.000000 0.000000 0.000000 0.000000 0.000000 0.000000 0.000000
1.203125 1.203125 1.460938 1.460938 1.460938 1.429688 1.429688 1.148438 1.148438 1.148438 0.703125 0.703125 0.351562 0.351562 0.351562 0.164062 0.164062 0.101562 0.101562 0.101562 0.070312 0.070312 0.046875 0.046875 0.046875 0.023438 0.023438 0.015625 0.015625 0.015625 0.015625 0.015625 0.015625 0.015625 0.015625 0.023438 0.023438 0.023438 0.023438 0.023438 0.000000 0.000000 0.000000 0.000000 0.000000 0.000000 0.000000 0.000000 0.000000 0.000000 0.000000 0.000000 0.000000 0.000000 0.000000 0.000000 0.000000 0.000000 0.000000 0.000000 0.000000 0.000000 0.000000
1.656250 1.656250 1.507812 1.507812 1.507812 1.007812 1.007812 0.531250 0.531250 0.531250 0.226562 0.226562 0.109375 0.109375 0.109375 0.070312 0.070312 0.023438 0.023438 0.023438 0.007812 0.007812 0.007812 0.007812 0.007812 0.007812 0.007812 0.007812 0.007812 0.007812 0.007812 0.007812 0.007812 0.007812 0.007812 0.007812 0.007812 0.000000 0.000000 0.000000 0.000000 0.000000 0.000000 0.000000 0.000000 0.000000 0.000000 0.000000 0.000000 0.000000 0.000000 0.000000 0.000000 0.000000 0.000000 0.000000 0.000000 0.000000 0.000000 0.000000 0.000000 0.000000 0.000000
1.656250 1.656250 1.507812 1.507812 1.507812 1.007812 1.007812 0.531250 0.531250 0.531250 0.226562 0.226562 0.109375 0.109375 0.109375 0.070312 0.070312 0.023438 0.023438 0.023438 0.007812 0.007812 0.007812 0.007812 0.007812 0.007812 0.007812 0.007812 0.007812 0.007812 0.007812 0.007812 0.007812 0.007812 0.007812 0.007812 0.007812 0.000000 0.000000 0.000000 0.000000 0.000000 0.000000 0.000000 0.000000 0.000000 0.000000 0.000000 0.000000 0.000000 0.000000 0.000000 0.000000 0.000000 0.000000 0.000000 0.000000 0.000000 0.000000 0.000000 0.000000 0.000000 0.000000
1.656250 1.656250 1.507812 1.507812 1.507812 1.007812 1.007812 0.531250 0.531250 0.531250 0.226562 0.226562 0.109375 0.109375 0.109375 0.070312 0.070312 0.023438 0.023438 0.023438 0.007812 0.007812 0.007812 0.007812 0.007812 0.007812 0.007812 0.007812 0.007812 0.007812 0.007812 0.007812 0.007812 0.007812 0.007812 0.007812 0.007812 0.000000 0.000000 0.000000 0.000000 0.000000 0.000000 0.000000 0.000000 0.000000 0.000000 0.000000 0.000000 0.000000 0.000000 0.000000 0.000000 0.000000 0.000000 0.000000 0.000000 0.000000 0.000000 0.000000 0.000000 0.000000 0.000000
1.335938 1.335938 1.148438 1.148438 1.148438 0.507812 0.507812 0.171875 0.171875 0.171875 0.093750 0.093750 0.062500 0.062500 0.062500 0.031250 0.031250 0.015625 0.015625 0.015625 0.015625 0.015625 0.000000 0.000000 0.000000 0.000000 0.000000 0.000000 0.000000 0.000000 0.000000 0.000000 0.000000 0.000000 0.000000 0.000000 0.000000 0.000000 0.000000 0.000000 0.000000 0.000000 0.000000 0.000000 0.000000 0.000000 0.000000 0.000000 0.000000 0.000000 0.000000 0.000000 0.000000 0.000000 0.000000 0.000000 0.000000 0.000000 0.000000 0.000000 0.000000 0.000000 0.000000
1.335938 1.335938 1.148438 1.148438 1.148438 0.507812 0.507812 0.171875 0.171875 0.171875 0.093750 0.093750 0.062500 0.062500 0.062500 0.031250 0.031250 0.015625 0.015625 0.015625 0.015625 0.015625 0.000000 0.000000 0.000000 0.000000 0.000000 0.000000 0.000000 0.000000 0.000000 0.000000 0.000000 0.000000 0.000000 0.000000 0.000000 0.000000 0.000000 0.000000 0.000000 0.000000 0.000000 0.000000 0.000000 0.000000 0.000000 0.000000 0.000000 0.000000 0.000000 0.000000 0.000000 0.000000 0.000000 0.000000 0.000000 0.000000 0.000000 0.000000 0.000000 0.000000 0.000000
