Data/APCP/20200108.L4.apcp.gfs.pakistan.txt
ncols    	169
nrows    	134
xllcorner	60.9
yllcorner	23.7
cellsize 	0.1
NODATA_value  -9999
[rows 28 to 55 of 134, columns 63 to 125 of 169]
1.289062 1.289062 0.960938 0.960938 1.070312 1.070312 1.070312 0.664062 0.664062 0.960938 0.960938 0.960938 2.140625 2.140625 2.828125 2.828125 2.828125 2.101562 2.101562 1.250000 1.250000 1.250000 1.671875 1.671875 2.914062 2.914062 2.914062 3.015625 3.015625 2.570312 2.570312 2.570312 2.109375 2.109375 2.140625 2.140625 2.140625 2.429688 2.429688 2.765625 2.765625 2.765625 2.742188 2.742188 2.554688 2.554688 2.554688 2.093750 2.093750 2.210938 2.210938 2.210938 2.687500 2.687500 3.828125 3.828125 3.828125 4.179688 4.179688 5.210938 5.210938 5.210938 6.296875
1.289062 1.289062 0.960938 0.960938 1.070312 1.070312 1.070312 0.664062 0.664062 0.960938 0.960938 0.960938 2.140625 2.140625 2.828125 2.828125 2.828125 2.101562 2.101562 1.250000 1.250000 1.250000 1.671875 1.671875 2.914062 2.914062 2.914062 3.015625 3.015625 2.570312 2.570312 2.570312 2.109375 2.109375 2.140625 2.140625 2.140625 2.429688 2.429688 2.765625 2.765625 2.765625 2.742188 2.742188 2.554688 2.554688 2.554688 2.093750 2.093750 2.210938 2.210938 2.210938 2.687500 2.687500 3.828125 3.828125 3.828125 4.179688 4.179688 5.210938 5.210938 5.210938 6.296875
1.375000 1.375000 0.992188 0.992188 1.125000 1.125000 1.125000 0.867188 0.867188 1.921875 1.921875 1.921875 2.859375 2.859375 2.593750 2.593750 2.593750 1.570312 1.570312 1.039062 1.039062 1.039062 1.273438 1.273438 1.687500 1.687500 1.687500 2.335938 2.335938 3.039062 3.039062 3.039062 3.351562 3.351562 3.281250 3.281250 3.281250 2.750000 2.750000 2.351562 2.351562 2.351562 2.156250 2.156250 2.132812 2.132812 2.132812 1.648438 1.648438 1.429688 1.429688 1.429688 1.656250 1.656250 2.273438 2.273438 2.273438 2.671875 2.671875 3.804688 3.804688 3.804688 5.445312
1.375000 1.375000 0.992188 0.992188 1.125000 1.125000 1.125000 0.867188 0.867188 1.921875 1.921875 1.921875 2.859375 2.859375 2.593750 2.593750 2.593750 1.570312 1.570312 1.039062 1.039062 1.039062 1.273438 1.273438 1.687500 1.687500 1.687500 2.335938 2.335938 3.039062 3.039062 3.039062 3.351562 3.351562 3.281250 3.281250 3.281250 2.750000 2.750000 2.351562 2.351562 2.351562 2.156250 2.156250 2.132812 2.132812 2.132812 1.648438 1.648438 1.429688 1.429688 1.429688 1.656250 1.656250 2.273438 2.273438 2.273438 2.671875 2.671875 3.804688 3.804688 3.804688 5.445312
1.250000 1.250000 1.195312 1.195312 1.546875 1.546875 1.546875 2.046875 2.046875 3.796875 3.796875 3.796875 3.187500 3.187500 2.437500 2.437500 2.437500 1.570312 1.570312 0.976562 0.976562 0.976562 1.039062 1.039062 1.851562 1.851562 1.851562 2.023438 2.023438 2.140625 2.140625 2.140625 2.585938 2.585938 2.914062 2.914062 2.914062 2.117188 2.117188 1.593750 1.593750 1.593750 1.476562 1.476562 1.578125 1.578125 1.578125 1.242188 1.242188 1.046875 1.046875 1.046875 1.257812 1.257812 1.554688 1.554688 1.554688 1.859375 1.859375 2.046875 2.046875 2.046875 2.929688
1.250000 1.250000 1.195312 1.195312 1.546875 1.546875 1.546875 2.046875 2.046875 3.796875 3.796875 3.796875 3.187500 3.187500 2.437500 2.437500 2.437500 1.570312 1.570312 0.976562 0.976562 0.976562 1.039062 1.039062 1.851562 1.851562 1.851562 2.023438 2.023438 2.140625 2.140625 2.140625 2.585938 2.585938 2.914062 2.914062 2.914062 2.117188 2.117188 1.593750 1.593750 1.593750 1.476562 1.476562 1.578125 1.578125 1.578125 1.242188 1.242188 1.046875 1.046875 1.046875 1.257812 1.257812 1.554688 1.554688 1.554688 1.859375 1.859375 2.046875 2.046875 2.046875 2.929688
1.250000 1.250000 1.195312 1.195312 1.546875 1.546875 1.546875 2.046875 2.046875 3.796875 3.796875 3.796875 3.187500 3.187500 2.437500 2.437500 2.437500 1.570312 1.570312 0.976562 0.976562 0.976562 1.039062 1.039062 1.851562 1.851562 1.851562 2.023438 2.023438 2.140625 2.140625 2.140625 2.585938 2.585938 2.914062 2.914062 2.914062 2.117188 2.117188 1.593750 1.593750 1.593750 1.476562 1.476562 1.578125 1.578125 1.578125 1.242188 1.242188 1.046875 1.046875 1.046875 1.257812 1.257812 1.554688 1.554688 1.554688 1.859375 1.859375 2.046875 2.046875 2.046875 2.929688
1.187500 1.187500 1.750000 1.750000 2.320312 2.320312 2.320312 3.976562 3.976562 4.851562 4.851562 4.851562 2.812500 2.812500 1.484375 1.484375 1.484375 0.828125 0.828125 0.593750 0.593750 0.593750 1.195312 1.195312 1.859375 1.859375 1.859375 1.914062 1.914062 2.062500 2.062500 2.062500 2.031250 2.031250 1.812500 1.812500 1.812500 1.234375 1.234375 0.890625 0.890625 0.890625 0.796875 0.796875 0.976562 0.976562 0.976562 0.953125 0.953125 0.773438 0.773438 0.773438 0.781250 0.781250 0.750000 0.750000 0.750000 0.765625 0.765625 0.945312 0.945312 0.945312 1.328125
1.187500 1.187500 1.750000 1.750000 2.320312 2.320312 2.320312 3.976562 3.976562 4.851562 4.851562 4.851562 2.812500 2.812500 1.484375 1.484375 1.484375 0.828125 0.828125 0.593750 0.593750 0.593750 1.195312 1.195312 1.859375 1.859375 1.859375 1.914062 1.914062 2.062500 2.062500 2.062500 2.031250 2.031250 1.812500 1.812500 1.812500 1.234375 1.234375 0.890625 0.890625 0.890625 0.796875 0.796875 0.976562 0.976562 0.976562 0.953125 0.953125 0.773438 0.773438 0.773438 0.781250 0.781250 0.750000 0.750000 0.750000 0.765625 0.765625 0.945312 0.945312 0.945312 1.328125
2.625000 2.625000 3.523438 3.523438 4.234375 4.234375 4.234375 4.703125 4.703125 3.656250 3.656250 3.656250 2.281250 2.281250 1.328125 1.328125 1.328125 0.617188 0.617188 1.132812 1.132812 1.132812 1.726562 1.726562 1.835938 1.835938 1.835938 1.664062 1.664062 1.585938 1.585938 1.585938 1.250000 1.250000 1.039062 1.039062 1.039062 0.812500 0.812500 0.710938 0.710938 0.710938 0.710938 0.710938 0.937500 0.937500 0.937500 0.796875 0.796875 0.468750 0.468750 0.468750 0.335938 0.335938 0.320312 0.320312 0.320312 0.406250 0.406250 0.570312 0.570312 0.570312 0.773438
2.625000 2.625000 3.523438 3.523438 4.234375 4.234375 4.234375 4.703125 4.703125 3.656250 3.656250 3.656250 2.281250 2.281250 1.328125 1.328125 1.328125 0.617188 0.617188 1.132812 1.132812 1.132812 1.726562 1.726562 1.835938 1.835938 1.835938 1.664062 1.664062 1.585938 1.585938 1.585938 1.250000 1.250000 1.039062 1.039062 1.039062 0.812500 0.812500 0.710938 0.710938 0.710938 0.710938 0.710938 0.937500 0.937500 0.937500 0.796875 0.796875 0.468750 0.468750 0.468750 0.335938 0.335938 0.320312 0.320312 0.320312 0.406250 0.406250 0.570312 0.570312 0.570312 0.773438
2.625000 2.625000 3.523438 3.523438 4.234375 4.234375 4.234375 4.703125 4.703125 3.656250 3.656250 3.656250 2.281250 2.281250 1.328125 1.328125 1.328125 0.617188 0.617188 1.132812 1.132812 1.132812 1.726562 1.726562 1.835938 1.835938 1.835938 1.664062 1.664062 1.585938 1.585938 1.585938 1.250000 1.250000 1.039062 1.039062 1.039062 0.812500 0.812500 0.710938 0.710938 0.710938 0.710938 0.710938 0.937500 0.937500 0.937500 0.796875 0.796875 0.468750 0.468750 0.468750 0.335938 0.335938 0.320312 0.320312 0.320312 0.406250 0.406250 0.570312 0.570312 0.570312 0.773438
4.890625 4.890625 5.054688 5.054688 5.921875 5.921875 5.921875 4.867188 4.867188 3.156250 3.156250 3.156250 1.703125 1.703125 0.734375 0.734375 0.734375 0.851562 0.851562 1.265625 1.265625 1.265625 1.687500 1.687500 2.242188 2.242188 2.242188 1.640625 1.640625 1.234375 1.234375 1.234375 0.875000 0.875000 0.687500 0.687500 0.687500 0.718750 0.718750 0.703125 0.703125 0.703125 0.703125 0.703125 0.710938 0.710938 0.710938 0.570312 0.570312 0.375000 0.375000 0.375000 0.242188 0.242188 0.257812 0.257812 0.257812 0.351562 0.351562 0.445312 0.445312 0.445312 0.593750
4.890625 4.890625 5.054688 5.054688 5.921875 5.921875 5.921875 4.867188 4.867188 3.156250 3.156250 3.156250 1.703125 1.703125 0.734375 0.734375 0.734375 0.851562 0.851562 1.265625 1.265625 1.265625 1.687500 1.687500 2.242188 2.242188 2.242188 1.640625 1.640625 1.234375 1.234375 1.234375 0.875000 0.875000 0.687500 0.687500 0.687500 0.718750 0.718750 0.703125 0.703125 0.703125 0.703125 0.703125 0.710938 0.710938 0.710938 0.570312 0.570312 0.375000 0.375000 0.375000 0.242188 0.242188 0.257812 0.257812 0.257812 0.351562 0.351562 0.445312 0.445312 0.445312 0.593750
6.617188 6.617188 5.562500 5.562500 4.937500 4.937500 4.937500 3.031250 3.031250 1.476562 1.476562 1.476562 0.757812 0.757812 1.093750 1.093750 1.093750 1.687500 1.687500 1.648438 1.648438 1.648438 1.734375 1.734375 1.976562 1.976562 1.976562 1.625000 1.625000 1.101562 1.101562 1.101562 0.640625 0.640625 0.546875 0.546875 0.546875 0.609375 0.609375 0.531250 0.531250 0.531250 0.484375 0.484375 0.531250 0.531250 0.531250 0.539062 0.539062 0.546875 0.546875 0.546875 0.335938 0.335938 0.242188 0.242188 0.242188 0.257812 0.257812 0.343750 0.343750 0.343750 0.507812
6.617188 6.617188 5.562500 5.562500 4.937500 4.937500 4.937500 3.031250 3.031250 1.476562 1.476562 1.476562 0.757812 0.757812 1.093750 1.093750 1.093750 1.687500 1.687500 1.648438 1.648438 1.648438 1.734375 1.734375 1.976562 1.976562 1.976562 1.625000 1.625000 1.101562 1.101562 1.101562 0.640625 0.640625 0.546875 0.546875 0.546875 0.609375 0.609375 0.531250 0.531250 0.531250 0.484375 0.484375 0.531250 0.531250 0.531250 0.539062 0.539062 0.546875 0.546875 0.546875 0.335938 0.335938 0.242188 0.242188 0.242188 0.257812 0.257812 0.343750 0.343750 0.343750 0.507812
6.617188 6.617188 5.562500 5.562500 4.937500 4.937500 4.937500 3.031250 3.031250 1.476562 1.476562 1.476562 0.757812 0.757812 1.093750 1.093750 1.093750 1.687500 1.687500 1.648438 1.648438 1.648438 1.734375 1.734375 1.976562 1.976562 1.976562 1.625000 1.625000 1.101562 1.101562 1.101562 0.640625 0.640625 0.546875 0.546875 0.546875 0.609375 0.609375 0.531250 0.531250 0.531250 0.484375 0.484375 0.531250 0.531250 0.531250 0.539062 0.539062 0.546875 0.546875 0.546875 0.335938 0.335938 0.242188 0.242188 0.242188 0.257812 0.257812 0.343750 0.343750 0.343750 0.507812
5.710938 5.710938 3.421875 3.421875 2.007812 2.007812 2.007812 0.898438 0.898438 0.593750 0.593750 0.593750 0.734375 0.734375 1.265625 1.265625 1.265625 1.625000 1.625000 1.703125 1.703125 1.703125 2.085938 2.085938 1.929688 1.929688 1.929688 1.375000 1.375000 1.007812 1.007812 1.007812 0.585938 0.585938 0.578125 0.578125 0.578125 0.679688 0.679688 0.492188 0.492188 0.492188 0.367188 0.367188 0.304688 0.304688 0.304688 0.359375 0.359375 0.359375 0.359375 0.359375 0.164062 0.164062 0.085938 0.085938 0.085938 0.117188 0.117188 0.218750 0.218750 0.218750 0.421875
5.710938 5.710938 3.421875 3.421875 2.007812 2.007812 2.007812 0.898438 0.898438 0.593750 0.593750 0.593750 0.734375 0.734375 1.265625 1.265625 1.265625 1.625000 1.625000 1.703125 1.703125 1.703125 2.085938 2.085938 1.929688 1.929688 1.929688 1.375000 1.375000 1.007812 1.007812 1.007812 0.585938 0.585938 0.578125 0.578125 0.578125 0.679688 0.679688 0.492188 0.492188 0.492188 0.367188 0.367188 0.304688 0.304688 0.304688 0.359375 0.359375 0.359375 0.359375 0.359375 0.164062 0.164062 0.085938 0.085938 0.085938 0.117188 0.117188 0.218750 0.218750 0.218750 0.421875
2.984375 2.984375 1.304688 1.304688 0.710938 0.710938 0.710938 0.679688 0.679688 0.765625 0.765625 0.765625 0.984375 0.984375 1.351562 1.351562 1.351562 1.726562 1.726562 1.953125 1.953125 1.953125 2.031250 2.031250 1.492188 1.492188 1.492188 1.242188 1.242188 0.968750 0.968750 0.968750 0.828125 0.828125 0.703125 0.703125 0.703125 0.554688 0.554688 0.289062 0.289062 0.289062 0.210938 0.210938 0.109375 0.109375 0.109375 0.070312 0.070312 0.062500 0.062500 0.062500 0.054688 0.054688 0.031250 0.031250 0.031250 0.093750 0.093750 0.234375 0.234375 0.234375 0.414062
2.984375 2.984375 1.304688 1.304688 0.710938 0.710938 0.710938 0.679688 0.679688 0.765625 0.765625 0.765625 0.984375 0.984375 1.351562 1.351562 1.351562 1.726562 1.726562 1.953125 1.953125 1.953125 2.031250 2.031250 1.492188 1.492188 1.492188 1.242188 1.242188 0.968750 0.968750 0.968750 0.828125 0.828125 0.703125 0.703125 0.703125 0.554688 0.554688 0.289062 0.289062 0.289062 0.210938 0.210938 0.109375 0.109375 0.109375 0.070312 0.070312 0.062500 0.062500 0.062500 0.054688 0.054688 0.031250 0.031250 0.031250 0.093750 0.093750 0.234375 0.234375 0.234375 0.414062
2.984375 2.984375 1.304688 1.304688 0.710938 0.710938 0.710938 0.679688 0.679688 0.765625 0.765625 0.765625 0.984375 0.984375 1.351562 1.351562 1.351562 1.726562 1.726562 1.953125 1.953125 1.953125 2.031250 2.031250 1.492188 1.492188 1.492188 1.242188 1.242188 0.968750 0.968750 0.968750 0.828125 0.828125 0.703125 0.703125 0.703125 0.554688 0.554688 0.289062 0.289062 0.289062 0.210938 0.210938 0.109375 0.109375 0.109375 0.070312 0.070312 0.062500 0.062500 0.062500 0.054688 0.054688 0.031250 0.031250 0.031250 0.093750 0.093750 0.234375 0.234375 0.234375 0.414062
2.539062 2.539062 1.625000 1.625000 1.023438 1.023438 1.023438 1.093750 1.093750 1.125000 1.125000 1.125000 1.343750 1.343750 1.609375 1.609375 1.609375 2.109375 2.109375 2.218750 2.218750 2.218750 1.976562 1.976562 1.656250 1.656250 1.656250 1.820312 1.820312 1.359375 1.359375 1.359375 1.007812 1.007812 0.554688 0.554688 0.554688 0.257812 0.257812 0.117188 0.117188 0.117188 0.054688 0.054688 0.046875 0.046875 0.046875 0.031250 0.031250 0.078125 0.078125 0.078125 0.085938 0.085938 0.046875 0.046875 0.046875 0.148438 0.148438 0.335938 0.335938 0.335938 0.468750
2.539062 2.539062 1.625000 1.625000 1.023438 1.023438 1.023438 1.093750 1.093750 1.125000 1.125000 1.125000 1.343750 1.343750 1.609375 1.609375 1.609375 2.109375 2.109375 2.218750 2.218750 2.218750 1.976562 1.976562 1.656250 1.656250 1.656250 1.820312 1.820312 1.359375 1.359375 1.359375 1.007812 1.007812 0.554688 0.554688 0.554688 0.257812 0.257812 0.117188 0.117188 0.117188 0.054688 0.054688 0.046875 0.046875 0.046875 0.031250 0.031250 0.078125 0.078125 0.078125 0.085938 0.085938 0.046875 0.046875 0.046875 0.148438 0.148438 0.335938 0.335938 0.335938 0.468750
2.664062 2.664062 1.601562 1.601562 1.429688 1.429688 1.429688 1.476562 1.476562 1.468750 1.468750 1.468750 1.710938 1.710938 1.960938 1.960938 1.960938 2.273438 2.273438 2.328125 2.328125 2.328125 1.937500 1.937500 1.820312 1.820312 1.820312 2.132812 2.132812 1.421875 1.421875 1.421875 0.765625 0.765625 0.312500 0.312500 0.312500 0.125000 0.125000 0.078125 0.078125 0.078125 0.070312 0.070312 0.039062 0.039062 0.039062 0.046875 0.046875 0.054688 0.054688 0.054688 0.039062 0.039062 0.054688 0.054688 0.054688 0.203125 0.203125 0.335938 0.335938 0.335938 0.460938
2.664062 2.664062 1.601562 1.601562 1.429688 1.429688 1.429688 1.476562 1.476562 1.468750 1.468750 1.468750 1.710938 1.710938 1.960938 1.960938 1.960938 2.273438 2.273438 2.328125 2.328125 2.328125 1.937500 1.937500 1.820312 1.820312 1.820312 2.132812 2.132812 1.421875 1.421875 1.421875 0.765625 0.765625 0.312500 0.312500 0.312500 0.125000 0.125000 0.078125 0.078125 0.078125 0.070312 0.070312 0.039062 0.039062 0.039062 0.046875 0.046875 0.054688 0.054688 0.054688 0.039062 0.039062 0.054688 0.054688 0.054688 0.203125 0.203125 0.335938 0.335938 0.335938 0.460938
2.664062 2.664062 1.601562 1.601562 1.429688 1.429688 1.429688 1.476562 1.476562 1.468750 1.468750 1.468750 1.710938 1.710938 1.960938 1.960938 1.960938 2.273438 2.273438 2.328125 2.328125 2.328125 1.937500 1.937500 1.820312 1.820312 1.820312 2.132812 2.132812 1.421875 1.421875 1.421875 0.765625 0.765625 0.312500 0.312500 0.312500 0.125000 0.125000 0.078125 0.078125 0.078125 0.070312 0.070312 0.039062 0.039062 0.039062 0.046875 0.046875 0.054688 0.054688 0.054688 0.039062 0.039062 0.054688 0.054688 0.054688 0.203125 0.203125 0.335938 0.335938 0.335938 0.460938
2.179688 2.179688 1.734375 1.734375 1.460938 1.460938 1.460938 1.507812 1.507812 1.648438 1.648438 1.648438 1.593750 1.593750 1.820312 1.820312 1.820312 2.093750 2.093750 2.234375 2.234375 2.234375 2.109375 2.109375 2.140625 2.140625 2.140625 1.929688 1.929688 1.031250 1.031250 1.031250 0.414062 0.414062 0.179688 0.179688 0.179688 0.109375 0.109375 0.070312 0.070312 0.070312 0.023438 0.023438 0.031250 0.031250 0.031250 0.023438 0.023438 0.023438 0.023438 0.023438 0.007812 0.007812 0.046875 0.046875 0.046875 0.171875 0.171875 0.312500 0.312500 0.312500 0.515625
