Data/APCP/20200108.f114.apcp.gfs.pakistan.txt
ncols        169
nrows        134
xllcorner    60.900000000000
yllcorner    23.700000000000
cellsize     0.100000000000
NODATA_value  -9999
[rows 88 to 131 of 134, columns 0 to 95 of 169]
0.0625 0.0625 0.6875 0.6875 0.6875 0.75 0.75 1.9375 1.9375 1.9375 0.5 0.5 0 0 0 0 0 0 0 0 0 0 0 0 0 0 0 0 0 0 0 0 0 0 0 0 0 0.5625 0.5625 0.5625 1.625 1.625 1.3125 1.3125 1.3125 1.5 1.5 3.875 3.875 3.875 5.125 5.125 3.3125 3.3125 3.3125 1.25 1.25 0.3125 0.3125 0.3125 0 0 0 0 0 0 0 0 0 0 0 0 0.0625 0.0625 0.0625 0.3125 0.3125 1 1 1 2 2 2.5 2.5 2.5 2.0625 2.0625 1.375 1.375 1.375 2.0625 2.0625 2.9375 2.9375 2.9375 2.5
0.0625 0.0625 0.6875 0.6875 0.6875 0.75 0.75 1.9375 1.9375 1.9375 0.5 0.5 0 0 0 0 0 0 0 0 0 0 0 0 0 0 0 0 0 0 0 0 0 0 0 0 0 0.5625 0.5625 0.5625 1.625 1.625 1.3125 1.3125 1.3125 1.5 1.5 3.875 3.875 3.875 5.125 5.125 3.3125 3.3125 3.3125 1.25 1.25 0.3125 0.3125 0.3125 0 0 0 0 0 0 0 0 0 0 0 0 0.0625 0.0625 0.0625 0.3125 0.3125 1 1 1 2 2 2.5 2.5 2.5 2.0625 2.0625 1.375 1.375 1.375 2.0625 2.0625 2.9375 2.9375 2.9375 2.5
0 0 0.125 0.125 0.125 0.25 0.25 1.0625 1.0625 1.0625 0.5625 0.5625 0.0625 0.0625 0.0625 0 0 0 0 0 0.0625 0.0625 0.125 0.125 0.125 0.125 0.125 0.0625 0.0625 0.0625 0 0 0 0 0 0.1875 0.1875 1.625 1.625 1.625 4 4 2.125 2.125 2.125 3.1875 3.1875 3.4375 3.4375 3.4375 2.3125 2.3125 1.375 1.375 1.375 0.4375 0.4375 0 0 0 0 0 0.125 0.125 0.125 0.0625 0.0625 0.0625 0.0625 0.0625 0.0625 0.0625 0.4375 0.4375 0.4375 1.375 1.375 2.375 2.375 2.375 2.25 2.25 1.6875 1.6875 1.6875 1.375 1.375 1.875 1.875 1.875 3.1875 3.1875 2.8125 2.8125 2.8125 1.9375
0 0 0.125 0.125 0.125 0.25 0.25 1.0625 1.0625 1.0625 0.5625 0.5625 0.0625 0.0625 0.0625 0 0 0 0 0 0.0625 0.0625 0.125 0.125 0.125 0.125 0.125 0.0625 0.0625 0.0625 0 0 0 0 0 0.1875 0.1875 1.625 1.625 1.625 4 4 2.125 2.125 2.125 3.1875 3.1875 3.4375 3.4375 3.4375 2.3125 2.3125 1.375 1.375 1.375 0.4375 0.4375 0 0 0 0 0 0.125 0.125 0.125 0.0625 0.0625 0.0625 0.0625 0.0625 0.0625 0.0625 0.4375 0.4375 0.4375 1.375 1.375 2.375 2.375 2.375 2.25 2.25 1.6875 1.6875 1.6875 1.375 1.375 1.875 1.875 1.875 3.1875 3.1875 2.8125 2.8125 2.8125 1.9375
0 0 0 0 0 0 0 0.0625 0.0625 0.0625 0.0625 0.0625 0.1875 0.1875 0.1875 0.1875 0.1875 0.25 0.25 0.25 0.3125 0.3125 0.6875 0.6875 0.6875 0.8125 0.8125 0.4375 0.4375 0.4375 0.3125 0.3125 0.375 0.375 0.375 0.8125 0.8125 2.75 2.75 2.75 4.1875 4.1875 2.6875 2.6875 2.6875 2.6875 2.6875 1.25 1.25 1.25 0.375 0.375 0.375 0.375 0.375 0.0625 0.0625 0 0 0 0.1875 0.1875 0.25 0.25 0.25 0.125 0.125 0.125 0.125 0.125 0.5625 0.5625 1.625 1.625 1.625 2.75 2.75 2.125 2.125 2.125 1.375 1.375 1.3125 1.3125 1.3125 1.6875 1.6875 2.6875 2.6875 2.6875 2.9375 2.9375 2.1875 2.1875 2.1875 1.375
0 0 0 0 0 0 0 0.0625 0.0625 0.0625 0.0625 0.0625 0.1875 0.1875 0.1875 0.1875 0.1875 0.25 0.25 0.25 0.3125 0.3125 0.6875 0.6875 0.6875 0.8125 0.8125 0.4375 0.4375 0.4375 0.3125 0.3125 0.375 0.375 0.375 0.8125 0.8125 2.75 2.75 2.75 4.1875 4.1875 2.6875 2.6875 2.6875 2.6875 2.6875 1.25 1.25 1.25 0.375 0.375 0.375 0.375 0.375 0.0625 0.0625 0 0 0 0.1875 0.1875 0.25 0.25 0.25 0.125 0.125 0.125 0.125 0.125 0.5625 0.5625 1.625 1.625 1.625 2.75 2.75 2.125 2.125 2.125 1.375 1.375 1.3125 1.3125 1.3125 1.6875 1.6875 2.6875 2.6875 2.6875 2.9375 2.9375 2.1875 2.1875 2.1875 1.375
0 0 0 0 0 0 0 0.0625 0.0625 0.0625 0.0625 0.0625 0.1875 0.1875 0.1875 0.1875 0.1875 0.25 0.25 0.25 0.3125 0.3125 0.6875 0.6875 0.6875 0.8125 0.8125 0.4375 0.4375 0.4375 0.3125 0.3125 0.375 0.375 0.375 0.8125 0.8125 2.75 2.75 2.75 4.1875 4.1875 2.6875 2.6875 2.6875 2.6875 2.6875 1.25 1.25 1.25 0.375 0.375 0.375 0.375 0.375 0.0625 0.0625 0 0 0 0.1875 0.1875 0.25 0.25 0.25 0.125 0.125 0.125 0.125 0.125 0.5625 0.5625 1.625 1.625 1.625 2.75 2.75 2.125 2.125 2.125 1.375 1.375 1.3125 1.3125 1.3125 1.6875 1.6875 2.6875 2.6875 2.6875 2.9375 2.9375 2.1875 2.1875 2.1875 1.375
0 0 0 0 0 0 0 0 0 0 0.0625 0.0625 0.625 0.625 0.625 0.3125 0.3125 0.3125 0.3125 0.3125 0.6875 0.6875 0.75 0.75 0.75 1.375 1.375 2.375 2.375 2.375 2.5 2.5 1.8125 1.8125 1.8125 1.375 1.375 3.125 3.125 3.125 2.8125 2.8125 2.5625 2.5625 2.5625 2.9375 2.9375 1.5 1.5 1.5 0.875 0.875 0.3125 0.3125 0.3125 0 0 0.0625 0.0625 0.0625 0.125 0.125 0.1875 0.1875 0.1875 0.125 0.125 0.6875 0.6875 0.6875 1.8125 1.8125 2.8125 2.8125 2.8125 1.9375 1.9375 1.125 1.125 1.125 1.4375 1.4375 1.875 1.875 1.875 2.375 2.375 2.5 2.5 2.5 1.9375 1.9375 1.25 1.25 1.25 0.9375
0 0 0 0 0 0 0 0 0 0 0.0625 0.0625 0.625 0.625 0.625 0.3125 0.3125 0.3125 0.3125 0.3125 0.6875 0.6875 0.75 0.75 0.75 1.375 1.375 2.375 2.375 2.375 2.5 2.5 1.8125 1.8125 1.8125 1.375 1.375 3.125 3.125 3.125 2.8125 2.8125 2.5625 2.5625 2.5625 2.9375 2.9375 1.5 1.5 1.5 0.875 0.875 0.3125 0.3125 0.3125 0 0 0.0625 0.0625 0.0625 0.125 0.125 0.1875 0.1875 0.1875 0.125 0.125 0.6875 0.6875 0.6875 1.8125 1.8125 2.8125 2.8125 2.8125 1.9375 1.9375 1.125 1.125 1.125 1.4375 1.4375 1.875 1.875 1.875 2.375 2.375 2.5 2.5 2.5 1.9375 1.9375 1.25 1.25 1.25 0.9375
0 0 0 0 0 0 0 0 0 0 0.0625 0.0625 0.375 0.375 0.375 0.4375 0.4375 1.4375 1.4375 1.4375 2.125 2.125 2.3125 2.3125 2.3125 2.4375 2.4375 3.125 3.125 3.125 3.3125 3.3125 2.5 2.5 2.5 1.9375 1.9375 2.8125 2.8125 2.8125 2.625 2.625 2.125 2.125 2.125 1.375 1.375 0.375 0.375 0.375 0.0625 0.0625 0 0 0 0 0 0 0 0 0.0625 0.0625 0.3125 0.3125 0.3125 0.8125 0.8125 1.875 1.875 1.875 2.4375 2.4375 1.5 1.5 1.5 0.875 0.875 1.6875 1.6875 1.6875 2.625 2.625 3 3 3 2.375 2.375 1.625 1.625 1.625 0.9375 0.9375 0.5625 0.5625 0.5625 0.3125
0 0 0 0 0 0 0 0 0 0 0.0625 0.0625 0.375 0.375 0.375 0.4375 0.4375 1.4375 1.4375 1.4375 2.125 2.125 2.3125 2.3125 2.3125 2.4375 2.4375 3.125 3.125 3.125 3.3125 3.3125 2.5 2.5 2.5 1.9375 1.9375 2.8125 2.8125 2.8125 2.625 2.625 2.125 2.125 2.125 1.375 1.375 0.375 0.375 0.375 0.0625 0.0625 0 0 0 0 0 0 0 0 0.0625 0.0625 0.3125 0.3125 0.3125 0.8125 0.8125 1.875 1.875 1.875 2.4375 2.4375 1.5 1.5 1.5 0.875 0.875 1.6875 1.6875 1.6875 2.625 2.625 3 3 3 2.375 2.375 1.625 1.625 1.625 0.9375 0.9375 0.5625 0.5625 0.5625 0.3125
0 0 0 0 0 0 0 0 0 0 0.0625 0.0625 0.375 0.375 0.375 0.4375 0.4375 1.4375 1.4375 1.4375 2.125 2.125 2.3125 2.3125 2.3125 2.4375 2.4375 3.125 3.125 3.125 3.3125 3.3125 2.5 2.5 2.5 1.9375 1.9375 2.8125 2.8125 2.8125 2.625 2.625 2.125 2.125 2.125 1.375 1.375 0.375 0.375 0.375 0.0625 0.0625 0 0 0 0 0 0 0 0 0.0625 0.0625 0.3125 0.3125 0.3125 0.8125 0.8125 1.875 1.875 1.875 2.4375 2.4375 1.5 1.5 1.5 0.875 0.875 1.6875 1.6875 1.6875 2.625 2.625 3 3 3 2.375 2.375 1.625 1.625 1.625 0.9375 0.9375 0.5625 0.5625 0.5625 0.3125
0 0 0 0 0 0 0 0 0 0 0.25 0.25 1.6875 1.6875 1.6875 2.75 2.75 2.6875 2.6875 2.6875 2.9375 2.9375 2.1875 2.1875 2.1875 1.5 1.5 2.8125 2.8125 2.8125 3.1875 3.1875 2.5 2.5 2.5 2.5 2.5 3 3 3 2.25 2.25 1.0625 1.0625 1.0625 0.25 0.25 0 0 0 0 0 0 0 0 0 0 0.0625 0.0625 0.0625 0.4375 0.4375 1.125 1.125 1.125 2 2 2.1875 2.1875 2.1875 1.0625 1.0625 0.75 0.75 0.75 1.75 1.75 3.1875 3.1875 3.1875 3.8125 3.8125 2.875 2.875 2.875 1.625 1.625 0.875 0.875 0.875 0.4375 0.4375 0.1875 0.1875 0.1875 0.6875
0 0 0 0 0 0 0 0 0 0 0.25 0.25 1.6875 1.6875 1.6875 2.75 2.75 2.6875 2.6875 2.6875 2.9375 2.9375 2.1875 2.1875 2.1875 1.5 1.5 2.8125 2.8125 2.8125 3.1875 3.1875 2.5 2.5 2.5 2.5 2.5 3 3 3 2.25 2.25 1.0625 1.0625 1.0625 0.25 0.25 0 0 0 0 0 0 0 0 0 0 0.0625 0.0625 0.0625 0.4375 0.4375 1.125 1.125 1.125 2 2 2.1875 2.1875 2.1875 1.0625 1.0625 0.75 0.75 0.75 1.75 1.75 3.1875 3.1875 3.1875 3.8125 3.8125 2.875 2.875 2.875 1.625 1.625 0.875 0.875 0.875 0.4375 0.4375 0.1875 0.1875 0.1875 0.6875
0 0 0 0 0 0 0 0 0 0 0.125 0.125 1 1 1 3.125 3.125 4.25 4.25 4.25 2.0625 2.0625 2 2 2 3.5 3.5 4.9375 4.9375 4.9375 5.5 5.5 5.125 5.125 5.125 5.25 5.25 3.625 3.625 3.625 1.125 1.125 0.1875 0.1875 0.1875 0 0 0 0 0 0 0 0 0 0 0 0 0.375 0.375 0.375 1.4375 1.4375 2.25 2.25 2.25 2.0625 2.0625 1 1 1 0.75 0.75 1.625 1.625 1.625 3.125 3.125 3.6875 3.6875 3.6875 2.9375 2.9375 2.125 2.125 2.125 1.1875 1.1875 0.4375 0.4375 0.4375 0.1875 0.1875 0.75 0.75 0.75 1.3125
0 0 0 0 0 0 0 0 0 0 0.125 0.125 1 1 1 3.125 3.125 4.25 4.25 4.25 2.0625 2.0625 2 2 2 3.5 3.5 4.9375 4.9375 4.9375 5.5 5.5 5.125 5.125 5.125 5.25 5.25 3.625 3.625 3.625 1.125 1.125 0.1875 0.1875 0.1875 0 0 0 0 0 0 0 0 0 0 0 0 0.375 0.375 0.375 1.4375 1.4375 2.25 2.25 2.25 2.0625 2.0625 1 1 1 0.75 0.75 1.625 1.625 1.625 3.125 3.125 3.6875 3.6875 3.6875 2.9375 2.9375 2.125 2.125 2.125 1.1875 1.1875 0.4375 0.4375 0.4375 0.1875 0.1875 0.75 0.75 0.75 1.3125
0 0 0 0 0 0 0 0 0 0 0.125 0.125 1 1 1 3.125 3.125 4.25 4.25 4.25 2.0625 2.0625 2 2 2 3.5 3.5 4.9375 4.9375 4.9375 5.5 5.5 5.125 5.125 5.125 5.25 5.25 3.625 3.625 3.625 1.125 1.125 0.1875 0.1875 0.1875 0 0 0 0 0 0 0 0 0 0 0 0 0.375 0.375 0.375 1.4375 1.4375 2.25 2.25 2.25 2.0625 2.0625 1 1 1 0.75 0.75 1.625 1.625 1.625 3.125 3.125 3.6875 3.6875 3.6875 2.9375 2.9375 2.125 2.125 2.125 1.1875 1.1875 0.4375 0.4375 0.4375 0.1875 0.1875 0.75 0.75 0.75 1.3125
0 0 0 0 0 0 0 0.125 0.125 0.125 0.4375 0.4375 0.9375 0.9375 0.9375 1.8125 1.8125 2.125 2.125 2.125 3.5625 3.5625 4.0625 4.0625 4.0625 6.6875 6.6875 6.4375 6.4375 6.4375 5.375 5.375 4.375 4.375 4.375 2.25 2.25 0.8125 0.8125 0.8125 0.125 0.125 0 0 0 0 0 0 0 0 0 0 0 0 0 0.0625 0.0625 0.8125 0.8125 0.8125 2 2 1.9375 1.9375 1.9375 1 1 1.125 1.125 1.125 2.0625 2.0625 3.3125 3.3125 3.3125 3.1875 3.1875 2.3125 2.3125 2.3125 2.5 2.5 1.9375 1.9375 1.9375 0.5625 0.5625 0.625 0.625 0.625 0.8125 0.8125 0.75 0.75 0.75 0.25
0 0 0 0 0 0 0 0.125 0.125 0.125 0.4375 0.4375 0.9375 0.9375 0.9375 1.8125 1.8125 2.125 2.125 2.125 3.5625 3.5625 4.0625 4.0625 4.0625 6.6875 6.6875 6.4375 6.4375 6.4375 5.375 5.375 4.375 4.375 4.375 2.25 2.25 0.8125 0.8125 0.8125 0.125 0.125 0 0 0 0 0 0 0 0 0 0 0 0 0 0.0625 0.0625 0.8125 0.8125 0.8125 2 2 1.9375 1.9375 1.9375 1 1 1.125 1.125 1.125 2.0625 2.0625 3.3125 3.3125 3.3125 3.1875 3.1875 2.3125 2.3125 2.3125 2.5 2.5 1.9375 1.9375 1.9375 0.5625 0.5625 0.625 0.625 0.625 0.8125 0.8125 0.75 0.75 0.75 0.25
0 0 0 0 0 0 0 0.125 0.125 0.125 0.125 0.125 0.1875 0.1875 0.1875 0.875 0.875 3.125 3.125 3.125 5.25 5.25 5.3125 5.3125 5.3125 6.3125 6.3125 5.1875 5.1875 5.1875 2.5 2.5 1.0625 1.0625 1.0625 0.1875 0.1875 0.0625 0.0625 0.0625 0 0 0 0 0 0 0 0 0 0 0 0 0 0 0 0.1875 0.1875 0.875 0.875 0.875 1.4375 1.4375 1.1875 1.1875 1.1875 1.6875 1.6875 2.5625 2.5625 2.5625 3.3125 3.3125 3.3125 3.3125 3.3125 2.4375 2.4375 2.625 2.625 2.625 2 2 0.6875 0.6875 0.6875 0.75 0.75 0.875 0.875 0.875 0.5 0.5 0.1875 0.1875 0.1875 0
0 0 0 0 0 0 0 0.125 0.125 0.125 0.125 0.125 0.1875 0.1875 0.1875 0.875 0.875 3.125 3.125 3.125 5.25 5.25 5.3125 5.3125 5.3125 6.3125 6.3125 5.1875 5.1875 5.1875 2.5 2.5 1.0625 1.0625 1.0625 0.1875 0.1875 0.0625 0.0625 0.0625 0 0 0 0 0 0 0 0 0 0 0 0 0 0 0 0.1875 0.1875 0.875 0.875 0.875 1.4375 1.4375 1.1875 1.1875 1.1875 1.6875 1.6875 2.5625 2.5625 2.5625 3.3125 3.3125 3.3125 3.3125 3.3125 2.4375 2.4375 2.625 2.625 2.625 2 2 0.6875 0.6875 0.6875 0.75 0.75 0.875 0.875 0.875 0.5 0.5 0.1875 0.1875 0.1875 0
0 0 0 0 0 0 0 0.125 0.125 0.125 0.125 0.125 0.1875 0.1875 0.1875 0.875 0.875 3.125 3.125 3.125 5.25 5.25 5.3125 5.3125 5.3125 6.3125 6.3125 5.1875 5.1875 5.1875 2.5 2.5 1.0625 1.0625 1.0625 0.1875 0.1875 0.0625 0.0625 0.0625 0 0 0 0 0 0 0 0 0 0 0 0 0 0 0 0.1875 0.1875 0.875 0.875 0.875 1.4375 1.4375 1.1875 1.1875 1.1875 1.6875 1.6875 2.5625 2.5625 2.5625 3.3125 3.3125 3.3125 3.3125 3.3125 2.4375 2.4375 2.625 2.625 2.625 2 2 0.6875 0.6875 0.6875 0.75 0.75 0.875 0.875 0.875 0.5 0.5 0.1875 0.1875 0.1875 0
0 0 0 0 0 0 0 0 0 0 0.0625 0.0625 0 0 0 0.3125 0.3125 2.4375 2.4375 2.4375 3.625 3.625 4.75 4.75 4.75 4.0625 4.0625 3.0625 3.0625 3.0625 1.875 1.875 0.5625 0.5625 0.5625 0.125 0.125 0 0 0 0 0 0 0 0 0 0 0 0 0 0 0 0.0625 0.0625 0.0625 0.1875 0.1875 0.375 0.375 0.375 0.625 0.625 1.25 1.25 1.25 2.1875 2.1875 2.6875 2.6875 2.6875 2.8125 2.8125 2.8125 2.8125 2.8125 3.3125 3.3125 2 2 2 0.9375 0.9375 1.125 1.125 1.125 0.75 0.75 0.375 0.375 0.375 0.25 0.25 0.125 0.125 0.125 0
0 0 0 0 0 0 0 0 0 0 0.0625 0.0625 0 0 0 0.3125 0.3125 2.4375 2.4375 2.4375 3.625 3.625 4.75 4.75 4.75 4.0625 4.0625 3.0625 3.0625 3.0625 1.875 1.875 0.5625 0.5625 0.5625 0.125 0.125 0 0 0 0 0 0 0 0 0 0 0 0 0 0 0 0.0625 0.0625 0.0625 0.1875 0.1875 0.375 0.375 0.375 0.625 0.625 1.25 1.25 1.25 2.1875 2.1875 2.6875 2.6875 2.6875 2.8125 2.8125 2.8125 2.8125 2.8125 3.3125 3.3125 2 2 2 0.9375 0.9375 1.125 1.125 1.125 0.75 0.75 0.375 0.375 0.375 0.25 0.25 0.125 0.125 0.125 0
0 0 0 0 0 0 0 0 0 0 0 0 0.0625 0.0625 0.0625 0.0625 0.0625 1.375 1.375 1.375 2.5625 2.5625 1.9375 1.9375 1.9375 1.1875 1.1875 0.5 0.5 0.5 0.25 0.25 0.125 0.125 0.125 0 0 0 0 0 0 0 0 0 0 0 0 0 0 0 0 0 0 0 0 0 0 0.0625 0.0625 0.0625 0.5625 0.5625 1.125 1.125 1.125 1.375 1.375 1.9375 1.9375 1.9375 2.625 2.625 2.875 2.875 2.875 2.3125 2.3125 2.0625 2.0625 2.0625 2 2 1.0625 1.0625 1.0625 0.25 0.25 0.0625 0.0625 0.0625 0.1875 0.1875 0 0 0 0
0 0 0 0 0 0 0 0 0 0 0 0 0.0625 0.0625 0.0625 0.0625 0.0625 1.375 1.375 1.375 2.5625 2.5625 1.9375 1.9375 1.9375 1.1875 1.1875 0.5 0.5 0.5 0.25 0.25 0.125 0.125 0.125 0 0 0 0 0 0 0 0 0 0 0 0 0 0 0 0 0 0 0 0 0 0 0.0625 0.0625 0.0625 0.5625 0.5625 1.125 1.125 1.125 1.375 1.375 1.9375 1.9375 1.9375 2.625 2.625 2.875 2.875 2.875 2.3125 2.3125 2.0625 2.0625 2.0625 2 2 1.0625 1.0625 1.0625 0.25 0.25 0.0625 0.0625 0.0625 0.1875 0.1875 0 0 0 0
0 0 0 0 0 0 0 0 0 0 0 0 0.0625 0.0625 0.0625 0.0625 0.0625 1.375 1.375 1.375 2.5625 2.5625 1.9375 1.9375 1.9375 1.1875 1.1875 0.5 0.5 0.5 0.25 0.25 0.125 0.125 0.125 0 0 0 0 0 0 0 0 0 0 0 0 0 0 0 0 0 0 0 0 0 0 0.0625 0.0625 0.0625 0.5625 0.5625 1.125 1.125 1.125 1.375 1.375 1.9375 1.9375 1.9375 2.625 2.625 2.875 2.875 2.875 2.3125 2.3125 2.0625 2.0625 2.0625 2 2 1.0625 1.0625 1.0625 0.25 0.25 0.0625 0.0625 0.0625 0.1875 0.1875 0 0 0 0
0 0 0 0 0 0 0 0 0 0 0 0 0.25 0.25 0.25 0.125 0.125 0.5 0.5 0.5 2 2 1.875 1.875 1.875 0.8125 0.8125 0.6875 0.6875 0.6875 0.125 0.125 0 0 0 0 0 0 0 0 0 0 0 0 0 0 0 0 0 0 0 0 0 0 0 0.0625 0.0625 0.125 0.125 0.125 0.375 0.375 0.5625 0.5625 0.5625 1 1 1.25 1.25 1.25 1.875 1.875 2.5 2.5 2.5 2.8125 2.8125 2.1875 2.1875 2.1875 1 1 0.25 0.25 0.25 0 0 0 0 0 0 0 0 0 0 0
0 0 0 0 0 0 0 0 0 0 0 0 0.25 0.25 0.25 0.125 0.125 0.5 0.5 0.5 2 2 1.875 1.875 1.875 0.8125 0.8125 0.6875 0.6875 0.6875 0.125 0.125 0 0 0 0 0 0 0 0 0 0 0 0 0 0 0 0 0 0 0 0 0 0 0 0.0625 0.0625 0.125 0.125 0.125 0.375 0.375 0.5625 0.5625 0.5625 1 1 1.25 1.25 1.25 1.875 1.875 2.5 2.5 2.5 2.8125 2.8125 2.1875 2.1875 2.1875 1 1 0.25 0.25 0.25 0 0 0 0 0 0 0 0 0 0 0
0 0 0 0 0 0.0625 0.0625 0 0 0 0 0 0 0 0 0 0 0 0 0 0.6875 0.6875 1.875 1.875 1.875 4.875 4.875 4.3125 4.3125 4.3125 1.375 1.375 0.25 0.25 0.25 0 0 0 0 0 0 0 0 0 0 0 0 0 0 0 0 0 0.0625 0.0625 0.0625 0.1875 0.1875 0.125 0.125 0.125 0.1875 0.1875 0.4375 0.4375 0.4375 0.8125 0.8125 1.8125 1.8125 1.8125 3.3125 3.3125 3 3 3 1.625 1.625 0.75 0.75 0.75 0.3125 0.3125 0.0625 0.0625 0.0625 0.0625 0.0625 0.0625 0.0625 0.0625 0 0 0 0 0 0
0 0 0 0 0 0.0625 0.0625 0 0 0 0 0 0 0 0 0 0 0 0 0 0.6875 0.6875 1.875 1.875 1.875 4.875 4.875 4.3125 4.3125 4.3125 1.375 1.375 0.25 0.25 0.25 0 0 0 0 0 0 0 0 0 0 0 0 0 0 0 0 0 0.0625 0.0625 0.0625 0.1875 0.1875 0.125 0.125 0.125 0.1875 0.1875 0.4375 0.4375 0.4375 0.8125 0.8125 1.8125 1.8125 1.8125 3.3125 3.3125 3 3 3 1.625 1.625 0.75 0.75 0.75 0.3125 0.3125 0.0625 0.0625 0.0625 0.0625 0.0625 0.0625 0.0625 0.0625 0 0 0 0 0 0
0 0 0 0 0 0.0625 0.0625 0 0 0 0 0 0 0 0 0 0 0 0 0 0.6875 0.6875 1.875 1.875 1.875 4.875 4.875 4.3125 4.3125 4.3125 1.375 1.375 0.25 0.25 0.25 0 0 0 0 0 0 0 0 0 0 0 0 0 0 0 0 0 0.0625 0.0625 0.0625 0.1875 0.1875 0.125 0.125 0.125 0.1875 0.1875 0.4375 0.4375 0.4375 0.8125 0.8125 1.8125 1.8125 1.8125 3.3125 3.3125 3 3 3 1.625 1.625 0.75 0.75 0.75 0.3125 0.3125 0.0625 0.0625 0.0625 0.0625 0.0625 0.0625 0.0625 0.0625 0 0 0 0 0 0
0.125 0.125 0.5 0.5 0.5 0.6875 0.6875 0.3125 0.3125 0.3125 0.25 0.25 0.125 0.125 0.125 0.1875 0.1875 0.125 0.125 0.125 0.25 0.25 0.875 0.875 0.875 3.25 3.25 3.4375 3.4375 3.4375 2.75 2.75 1.6875 1.6875 1.6875 0.9375 0.9375 0.25 0.25 0.25 0 0 0 0 0 0 0 0 0 0 0 0 0 0 0 0.125 0.125 0.125 0.125 0.125 0.125 0.125 0.4375 0.4375 0.4375 1.3125 1.3125 2.5625 2.5625 2.5625 2.125 2.125 1.125 1.125 1.125 0.625 0.625 0.5625 0.5625 0.5625 0.25 0.25 0.0625 0.0625 0.0625 0.1875 0.1875 0 0 0 0 0 0 0 0 0
0.125 0.125 0.5 0.5 0.5 0.6875 0.6875 0.3125 0.3125 0.3125 0.25 0.25 0.125 0.125 0.125 0.1875 0.1875 0.125 0.125 0.125 0.25 0.25 0.875 0.875 0.875 3.25 3.25 3.4375 3.4375 3.4375 2.75 2.75 1.6875 1.6875 1.6875 0.9375 0.9375 0.25 0.25 0.25 0 0 0 0 0 0 0 0 0 0 0 0 0 0 0 0.125 0.125 0.125 0.125 0.125 0.125 0.125 0.4375 0.4375 0.4375 1.3125 1.3125 2.5625 2.5625 2.5625 2.125 2.125 1.125 1.125 1.125 0.625 0.625 0.5625 0.5625 0.5625 0.25 0.25 0.0625 0.0625 0.0625 0.1875 0.1875 0 0 0 0 0 0 0 0 0
0.1875 0.1875 0.3125 0.3125 0.3125 0.5 0.5 0.5 0.5 0.5 0.375 0.375 0.1875 0.1875 0.1875 0.1875 0.1875 0.0625 0.0625 0.0625 0 0 0 0 0 1.3125 1.3125 3.125 3.125 3.125 5.4375 5.4375 5.5625 5.5625 5.5625 5.25 5.25 2.4375 2.4375 2.4375 0.1875 0.1875 0 0 0 0 0 0 0 0 0 0 0 0 0 0.125 0.125 0.25 0.25 0.25 0.25 0.25 0.5625 0.5625 0.5625 1.125 1.125 1.0625 1.0625 1.0625 0.8125 0.8125 0.75 0.75 0.75 0.75 0.75 0.5 0.5 0.5 0.125 0.125 0.0625 0.0625 0.0625 0.0625 0.0625 0 0 0 0 0 0 0 0 0
0.1875 0.1875 0.3125 0.3125 0.3125 0.5 0.5 0.5 0.5 0.5 0.375 0.375 0.1875 0.1875 0.1875 0.1875 0.1875 0.0625 0.0625 0.0625 0 0 0 0 0 1.3125 1.3125 3.125 3.125 3.125 5.4375 5.4375 5.5625 5.5625 5.5625 5.25 5.25 2.4375 2.4375 2.4375 0.1875 0.1875 0 0 0 0 0 0 0 0 0 0 0 0 0 0.125 0.125 0.25 0.25 0.25 0.25 0.25 0.5625 0.5625 0.5625 1.125 1.125 1.0625 1.0625 1.0625 0.8125 0.8125 0.75 0.75 0.75 0.75 0.75 0.5 0.5 0.5 0.125 0.125 0.0625 0.0625 0.0625 0.0625 0.0625 0 0 0 0 0 0 0 0 0
0.1875 0.1875 0.3125 0.3125 0.3125 0.5 0.5 0.5 0.5 0.5 0.375 0.375 0.1875 0.1875 0.1875 0.1875 0.1875 0.0625 0.0625 0.0625 0 0 0 0 0 1.3125 1.3125 3.125 3.125 3.125 5.4375 5.4375 5.5625 5.5625 5.5625 5.25 5.25 2.4375 2.4375 2.4375 0.1875 0.1875 0 0 0 0 0 0 0 0 0 0 0 0 0 0.125 0.125 0.25 0.25 0.25 0.25 0.25 0.5625 0.5625 0.5625 1.125 1.125 1.0625 1.0625 1.0625 0.8125 0.8125 0.75 0.75 0.75 0.75 0.75 0.5 0.5 0.5 0.125 0.125 0.0625 0.0625 0.0625 0.0625 0.0625 0 0 0 0 0 0 0 0 0
0.4375 0.4375 0.3125 0.3125 0.3125 0.1875 0.1875 0.25 0.25 0.25 0.25 0.25 0.375 0.375 0.375 0.4375 0.4375 0.25 0.25 0.25 0.3125 0.3125 0.5625 0.5625 0.5625 1.3125 1.3125 2.4375 2.4375 2.4375 4.3125 4.3125 5.5 5.5 5.5 4.6875 4.6875 2.25 2.25 2.25 0.3125 0.3125 0 0 0 0 0 0 0 0 0 0 0 0 0 0.1875 0.1875 0.25 0.25 0.25 0.5 0.5 0.875 0.875 0.875 0.9375 0.9375 0.875 0.875 0.875 0.8125 0.8125 0.6875 0.6875 0.6875 0.5 0.5 0.25 0.25 0.25 0.0625 0.0625 0 0 0 0 0 0 0 0 0 0 0 0 0 0
0.4375 0.4375 0.3125 0.3125 0.3125 0.1875 0.1875 0.25 0.25 0.25 0.25 0.25 0.375 0.375 0.375 0.4375 0.4375 0.25 0.25 0.25 0.3125 0.3125 0.5625 0.5625 0.5625 1.3125 1.3125 2.4375 2.4375 2.4375 4.3125 4.3125 5.5 5.5 5.5 4.6875 4.6875 2.25 2.25 2.25 0.3125 0.3125 0 0 0 0 0 0 0 0 0 0 0 0 0 0.1875 0.1875 0.25 0.25 0.25 0.5 0.5 0.875 0.875 0.875 0.9375 0.9375 0.875 0.875 0.875 0.8125 0.8125 0.6875 0.6875 0.6875 0.5 0.5 0.25 0.25 0.25 0.0625 0.0625 0 0 0 0 0 0 0 0 0 0 0 0 0 0
0.4375 0.4375 0.25 0.25 0.25 0.25 0.25 0.375 0.375 0.375 0.375 0.375 0.375 0.375 0.375 0.25 0.25 0.4375 0.4375 0.4375 0.75 0.75 1.1875 1.1875 1.1875 1.3125 1.3125 1.125 1.125 1.125 1.625 1.625 3 3 3 3.0625 3.0625 1.75 1.75 1.75 0.25 0.25 0 0 0 0 0 0 0 0 0 0 0.125 0.125 0.125 0.25 0.25 0.4375 0.4375 0.4375 0.875 0.875 1.0625 1.0625 1.0625 0.875 0.875 0.875 0.875 0.875 0.8125 0.8125 0.625 0.625 0.625 0.4375 0.4375 0.125 0.125 0.125 0.1875 0.1875 0.125 0.125 0.125 0 0 0 0 0 0 0 0 0 0 0
0.4375 0.4375 0.25 0.25 0.25 0.25 0.25 0.375 0.375 0.375 0.375 0.375 0.375 0.375 0.375 0.25 0.25 0.4375 0.4375 0.4375 0.75 0.75 1.1875 1.1875 1.1875 1.3125 1.3125 1.125 1.125 1.125 1.625 1.625 3 3 3 3.0625 3.0625 1.75 1.75 1.75 0.25 0.25 0 0 0 0 0 0 0 0 0 0 0.125 0.125 0.125 0.25 0.25 0.4375 0.4375 0.4375 0.875 0.875 1.0625 1.0625 1.0625 0.875 0.875 0.875 0.875 0.875 0.8125 0.8125 0.625 0.625 0.625 0.4375 0.4375 0.125 0.125 0.125 0.1875 0.1875 0.125 0.125 0.125 0 0 0 0 0 0 0 0 0 0 0
0.4375 0.4375 0.25 0.25 0.25 0.25 0.25 0.375 0.375 0.375 0.375 0.375 0.375 0.375 0.375 0.25 0.25 0.4375 0.4375 0.4375 0.75 0.75 1.1875 1.1875 1.1875 1.3125 1.3125 1.125 1.125 1.125 1.625 1.625 3 3 3 3.0625 3.0625 1.75 1.75 1.75 0.25 0.25 0 0 0 0 0 0 0 0 0 0 0.125 0.125 0.125 0.25 0.25 0.4375 0.4375 0.4375 0.875 0.875 1.0625 1.0625 1.0625 0.875 0.875 0.875 0.875 0.875 0.8125 0.8125 0.625 0.625 0.625 0.4375 0.4375 0.125 0.125 0.125 0.1875 0.1875 0.125 0.125 0.125 0 0 0 0 0 0 0 0 0 0 0
0.25 0.25 0.3125 0.3125 0.3125 0.375 0.375 0.375 0.375 0.375 0.3125 0.3125 0.25 0.25 0.25 0.3125 0.3125 0.5625 0.5625 0.5625 0.9375 0.9375 1.375 1.375 1.375 0.9375 0.9375 0.9375 0.9375 0.9375 0.5625 0.5625 1 1 1 2.9375 2.9375 2.1875 2.1875 2.1875 0.5 0.5 0.0625 0.0625 0.0625 0 0 0 0 0 0.0625 0.0625 0.125 0.125 0.125 0.25 0.25 0.625 0.625 0.625 1.125 1.125 1.3125 1.3125 1.3125 1.3125 1.3125 0.9375 0.9375 0.9375 0.6875 0.6875 0.5625 0.5625 0.5625 0.4375 0.4375 0.625 0.625 0.625 0.3125 0.3125 0 0 0 0 0 0 0 0 0 0 0 0 0 0
0.25 0.25 0.3125 0.3125 0.3125 0.375 0.375 0.375 0.375 0.375 0.3125 0.3125 0.25 0.25 0.25 0.3125 0.3125 0.5625 0.5625 0.5625 0.9375 0.9375 1.375 1.375 1.375 0.9375 0.9375 0.9375 0.9375 0.9375 0.5625 0.5625 1 1 1 2.9375 2.9375 2.1875 2.1875 2.1875 0.5 0.5 0.0625 0.0625 0.0625 0 0 0 0 0 0.0625 0.0625 0.125 0.125 0.125 0.25 0.25 0.625 0.625 0.625 1.125 1.125 1.3125 1.3125 1.3125 1.3125 1.3125 0.9375 0.9375 0.9375 0.6875 0.6875 0.5625 0.5625 0.5625 0.4375 0.4375 0.625 0.625 0.625 0.3125 0.3125 0 0 0 0 0 0 0 0 0 0 0 0 0 0
