Data/APCP/20200108.L3.apcp.gfs.pakistan.txt
ncols    	169
nrows    	134
xllcorner	60.9
yllcorner	23.7
cellsize 	0.1
NODATA_value  -9999
[rows 56 to 83 of 134, columns 0 to 62 of 169]
6.695312 6.695312 5.390625 5.390625 5.390625 2.859375 2.859375 2.984375 2.984375 2.984375 3.601562 3.601562 4.289062 4.289062 4.289062 4.226562 4.226562 3.679688 3.679688 3.679688 4.148438 4.148438 5.546875 5.546875 5.546875 7.648438 7.648438 9.812500 9.812500 9.812500 10.781250 10.781250 9.687500 9.687500 9.687500 8.734375 8.734375 8.281250 8.281250 8.281250 7.656250 7.656250 7.929688 7.929688 7.929688 8.140625 8.140625 7.750000 7.750000 7.750000 7.773438 7.773438 7.835938 7.835938 7.835938 7.945312 7.945312 8.609375 8.609375 8.609375 8.375000 8.375000 8.062500
4.304688 4.304688 3.609375 3.609375 3.609375 3.140625 3.140625 4.117188 4.117188 4.117188 4.679688 4.679688 4.859375 4.859375 4.859375 4.875000 4.875000 4.796875 4.796875 4.796875 5.343750 5.343750 6.539062 6.539062 6.539062 8.179688 8.179688 10.023438 10.023438 10.023438 10.773438 10.773438 9.609375 9.609375 9.609375 8.671875 8.671875 8.500000 8.500000 8.500000 8.531250 8.531250 8.484375 8.484375 8.484375 8.320312 8.320312 7.984375 7.984375 7.984375 7.625000 7.625000 6.968750 6.968750 6.968750 6.570312 6.570312 7.406250 7.406250 7.406250 6.960938 6.960938 6.218750
4.304688 4.304688 3.609375 3.609375 3.609375 3.140625 3.140625 4.117188 4.117188 4.117188 4.679688 4.679688 4.859375 4.859375 4.859375 4.875000 4.875000 4.796875 4.796875 4.796875 5.343750 5.343750 6.539062 6.539062 6.539062 8.179688 8.179688 10.023438 10.023438 10.023438 10.773438 10.773438 9.609375 9.609375 9.609375 8.671875 8.671875 8.500000 8.500000 8.500000 8.531250 8.531250 8.484375 8.484375 8.484375 8.320312 8.320312 7.984375 7.984375 7.984375 7.625000 7.625000 6.968750 6.968750 6.968750 6.570312 6.570312 7.406250 7.406250 7.406250 6.960938 6.960938 6.218750
4.304688 4.304688 3.609375 3.609375 3.609375 3.140625 3.140625 4.117188 4.117188 4.117188 4.679688 4.679688 4.859375 4.859375 4.859375 4.875000 4.875000 4.796875 4.796875 4.796875 5.343750 5.343750 6.539062 6.539062 6.539062 8.179688 8.179688 10.023438 10.023438 10.023438 10.773438 10.773438 9.609375 9.609375 9.609375 8.671875 8.671875 8.500000 8.500000 8.500000 8.531250 8.531250 8.484375 8.484375 8.484375 8.320312 8.320312 7.984375 7.984375 7.984375 7.625000 7.625000 6.968750 6.968750 6.968750 6.570312 6.570312 7.406250 7.406250 7.406250 6.960938 6.960938 6.218750
3.046875 3.046875 3.859375 3.859375 3.859375 4.343750 4.343750 4.828125 4.828125 4.828125 5.312500 5.312500 5.195312 5.195312 5.195312 5.132812 5.132812 5.250000 5.250000 5.250000 5.226562 5.226562 6.078125 6.078125 6.078125 7.320312 7.320312 8.429688 8.429688 8.429688 8.750000 8.750000 7.523438 7.523438 7.523438 7.515625 7.515625 8.703125 8.703125 8.703125 9.273438 9.273438 8.898438 8.898438 8.898438 7.718750 7.718750 7.046875 7.046875 7.046875 6.710938 6.710938 5.992188 5.992188 5.992188 5.968750 5.968750 6.992188 6.992188 6.992188 7.421875 7.421875 7.593750
3.046875 3.046875 3.859375 3.859375 3.859375 4.343750 4.343750 4.828125 4.828125 4.828125 5.312500 5.312500 5.195312 5.195312 5.195312 5.132812 5.132812 5.250000 5.250000 5.250000 5.226562 5.226562 6.078125 6.078125 6.078125 7.320312 7.320312 8.429688 8.429688 8.429688 8.750000 8.750000 7.523438 7.523438 7.523438 7.515625 7.515625 8.703125 8.703125 8.703125 9.273438 9.273438 8.898438 8.898438 8.898438 7.718750 7.718750 7.046875 7.046875 7.046875 6.710938 6.710938 5.992188 5.992188 5.992188 5.968750 5.968750 6.992188 6.992188 6.992188 7.421875 7.421875 7.593750
4.656250 4.656250 4.546875 4.546875 4.546875 4.054688 4.054688 4.492188 4.492188 4.492188 5.039062 5.039062 5.187500 5.187500 5.187500 5.390625 5.390625 5.812500 5.812500 5.812500 6.015625 6.015625 6.609375 6.609375 6.609375 7.062500 7.062500 6.851562 6.851562 6.851562 6.523438 6.523438 6.476562 6.476562 6.476562 7.445312 7.445312 8.171875 8.171875 8.171875 7.867188 7.867188 7.484375 7.484375 7.484375 6.156250 6.156250 5.578125 5.578125 5.578125 5.585938 5.585938 5.609375 5.609375 5.609375 7.460938 7.460938 7.882812 7.882812 7.882812 8.054688 8.054688 8.062500
4.656250 4.656250 4.546875 4.546875 4.546875 4.054688 4.054688 4.492188 4.492188 4.492188 5.039062 5.039062 5.187500 5.187500 5.187500 5.390625 5.390625 5.812500 5.812500 5.812500 6.015625 6.015625 6.609375 6.609375 6.609375 7.062500 7.062500 6.851562 6.851562 6.851562 6.523438 6.523438 6.476562 6.476562 6.476562 7.445312 7.445312 8.171875 8.171875 8.171875 7.867188 7.867188 7.484375 7.484375 7.484375 6.156250 6.156250 5.578125 5.578125 5.578125 5.585938 5.585938 5.609375 5.609375 5.609375 7.460938 7.460938 7.882812 7.882812 7.882812 8.054688 8.054688 8.062500
4.656250 4.656250 4.546875 4.546875 4.546875 4.054688 4.054688 4.492188 4.492188 4.492188 5.039062 5.039062 5.187500 5.187500 5.187500 5.390625 5.390625 5.812500 5.812500 5.812500 6.015625 6.015625 6.609375 6.609375 6.609375 7.062500 7.062500 6.851562 6.851562 6.851562 6.523438 6.523438 6.476562 6.476562 6.476562 7.445312 7.445312 8.171875 8.171875 8.171875 7.867188 7.867188 7.484375 7.484375 7.484375 6.156250 6.156250 5.578125 5.578125 5.578125 5.585938 5.585938 5.609375 5.609375 5.609375 7.460938 7.460938 7.882812 7.882812 7.882812 8.054688 8.054688 8.062500
5.960938 5.960938 4.937500 4.937500 4.937500 4.296875 4.296875 4.671875 4.671875 4.671875 4.742188 4.742188 5.046875 5.046875 5.046875 5.296875 5.296875 5.500000 5.500000 5.500000 6.101562 6.101562 6.726562 6.726562 6.726562 6.257812 6.257812 5.296875 5.296875 5.296875 5.375000 5.375000 6.531250 6.531250 6.531250 7.195312 7.195312 6.671875 6.671875 6.671875 5.757812 5.757812 5.554688 5.554688 5.554688 4.976562 4.976562 4.984375 4.984375 4.984375 5.492188 5.492188 6.132812 6.132812 6.132812 7.234375 7.234375 6.945312 6.945312 6.945312 7.195312 7.195312 7.453125
5.960938 5.960938 4.937500 4.937500 4.937500 4.296875 4.296875 4.671875 4.671875 4.671875 4.742188 4.742188 5.046875 5.046875 5.046875 5.296875 5.296875 5.500000 5.500000 5.500000 6.101562 6.101562 6.726562 6.726562 6.726562 6.257812 6.257812 5.296875 5.296875 5.296875 5.375000 5.375000 6.531250 6.531250 6.531250 7.195312 7.195312 6.671875 6.671875 6.671875 5.757812 5.757812 5.554688 5.554688 5.554688 4.976562 4.976562 4.984375 4.984375 4.984375 5.492188 5.492188 6.132812 6.132812 6.132812 7.234375 7.234375 6.945312 6.945312 6.945312 7.195312 7.195312 7.453125
7.289062 7.289062 5.875000 5.875000 5.875000 4.945312 4.945312 4.765625 4.765625 4.765625 4.750000 4.750000 5.296875 5.296875 5.296875 4.796875 4.796875 3.945312 3.945312 3.945312 4.273438 4.273438 5.093750 5.093750 5.093750 5.031250 5.031250 4.125000 4.125000 4.125000 3.828125 3.828125 5.273438 5.273438 5.273438 6.265625 6.265625 5.570312 5.570312 5.570312 4.890625 4.890625 4.609375 4.609375 4.609375 4.507812 4.507812 4.789062 4.789062 4.789062 5.546875 5.546875 6.437500 6.437500 6.437500 6.531250 6.531250 6.093750 6.093750 6.093750 6.468750 6.468750 7.843750
7.289062 7.289062 5.875000 5.875000 5.875000 4.945312 4.945312 4.765625 4.765625 4.765625 4.750000 4.750000 5.296875 5.296875 5.296875 4.796875 4.796875 3.945312 3.945312 3.945312 4.273438 4.273438 5.093750 5.093750 5.093750 5.031250 5.031250 4.125000 4.125000 4.125000 3.828125 3.828125 5.273438 5.273438 5.273438 6.265625 6.265625 5.570312 5.570312 5.570312 4.890625 4.890625 4.609375 4.609375 4.609375 4.507812 4.507812 4.789062 4.789062 4.789062 5.546875 5.546875 6.437500 6.437500 6.437500 6.531250 6.531250 6.093750 6.093750 6.093750 6.468750 6.468750 7.843750
7.289062 7.289062 5.875000 5.875000 5.875000 4.945312 4.945312 4.765625 4.765625 4.765625 4.750000 4.750000 5.296875 5.296875 5.296875 4.796875 4.796875 3.945312 3.945312 3.945312 4.273438 4.273438 5.093750 5.093750 5.093750 5.031250 5.031250 4.125000 4.125000 4.125000 3.828125 3.828125 5.273438 5.273438 5.273438 6.265625 6.265625 5.570312 5.570312 5.570312 4.890625 4.890625 4.609375 4.609375 4.609375 4.507812 4.507812 4.789062 4.789062 4.789062 5.546875 5.546875 6.437500 6.437500 6.437500 6.531250 6.531250 6.093750 6.093750 6.093750 6.468750 6.468750 7.843750
8.179688 8.179688 5.953125 5.953125 5.953125 4.593750 4.593750 3.937500 3.937500 3.937500 3.515625 3.515625 3.984375 3.984375 3.984375 3.390625 3.390625 2.382812 2.382812 2.382812 2.031250 2.031250 2.226562 2.226562 2.226562 2.062500 2.062500 1.531250 1.531250 1.531250 1.296875 1.296875 1.945312 1.945312 1.945312 3.312500 3.312500 3.718750 3.718750 3.718750 3.953125 3.953125 3.781250 3.781250 3.781250 3.984375 3.984375 4.296875 4.296875 4.296875 5.312500 5.312500 6.828125 6.828125 6.828125 6.273438 6.273438 5.632812 5.632812 5.632812 6.179688 6.179688 6.164062
8.179688 8.179688 5.953125 5.953125 5.953125 4.593750 4.593750 3.937500 3.937500 3.937500 3.515625 3.515625 3.984375 3.984375 3.984375 3.390625 3.390625 2.382812 2.382812 2.382812 2.031250 2.031250 2.226562 2.226562 2.226562 2.062500 2.062500 1.531250 1.531250 1.531250 1.296875 1.296875 1.945312 1.945312 1.945312 3.312500 3.312500 3.718750 3.718750 3.718750 3.953125 3.953125 3.781250 3.781250 3.781250 3.984375 3.984375 4.296875 4.296875 4.296875 5.312500 5.312500 6.828125 6.828125 6.828125 6.273438 6.273438 5.632812 5.632812 5.632812 6.179688 6.179688 6.164062
8.343750 8.343750 6.437500 6.437500 6.437500 4.156250 4.156250 2.867188 2.867188 2.867188 1.742188 1.742188 1.398438 1.398438 1.398438 1.203125 1.203125 1.085938 1.085938 1.085938 1.257812 1.257812 1.164062 1.164062 1.164062 1.156250 1.156250 1.031250 1.031250 1.031250 1.257812 1.257812 1.296875 1.296875 1.296875 1.312500 1.312500 1.851562 1.851562 1.851562 2.390625 2.390625 2.734375 2.734375 2.734375 3.375000 3.375000 3.820312 3.820312 3.820312 4.617188 4.617188 6.007812 6.007812 6.007812 6.062500 6.062500 5.500000 5.500000 5.500000 5.078125 5.078125 2.976562
8.343750 8.343750 6.437500 6.437500 6.437500 4.156250 4.156250 2.867188 2.867188 2.867188 1.742188 1.742188 1.398438 1.398438 1.398438 1.203125 1.203125 1.085938 1.085938 1.085938 1.257812 1.257812 1.164062 1.164062 1.164062 1.156250 1.156250 1.031250 1.031250 1.031250 1.257812 1.257812 1.296875 1.296875 1.296875 1.312500 1.312500 1.851562 1.851562 1.851562 2.390625 2.390625 2.734375 2.734375 2.734375 3.375000 3.375000 3.820312 3.820312 3.820312 4.617188 4.617188 6.007812 6.007812 6.007812 6.062500 6.062500 5.500000 5.500000 5.500000 5.078125 5.078125 2.976562
8.343750 8.343750 6.437500 6.437500 6.437500 4.156250 4.156250 2.867188 2.867188 2.867188 1.742188 1.742188 1.398438 1.398438 1.398438 1.203125 1.203125 1.085938 1.085938 1.085938 1.257812 1.257812 1.164062 1.164062 1.164062 1.156250 1.156250 1.031250 1.031250 1.031250 1.257812 1.257812 1.296875 1.296875 1.296875 1.312500 1.312500 1.851562 1.851562 1.851562 2.390625 2.390625 2.734375 2.734375 2.734375 3.375000 3.375000 3.820312 3.820312 3.820312 4.617188 4.617188 6.007812 6.007812 6.007812 6.062500 6.062500 5.500000 5.500000 5.500000 5.078125 5.078125 2.976562
7.000000 7.000000 6.406250 6.406250 6.406250 3.953125 3.953125 2.335938 2.335938 2.335938 1.492188 1.492188 0.921875 0.921875 0.921875 0.796875 0.796875 0.875000 0.875000 0.875000 1.078125 1.078125 1.398438 1.398438 1.398438 2.015625 2.015625 2.945312 2.945312 2.945312 3.890625 3.890625 4.046875 4.046875 4.046875 3.625000 3.625000 2.976562 2.976562 2.976562 2.617188 2.617188 2.625000 2.625000 2.625000 3.046875 3.046875 3.125000 3.125000 3.125000 3.140625 3.140625 4.234375 4.234375 4.234375 4.671875 4.671875 4.437500 4.437500 4.437500 3.882812 3.882812 1.726562
7.000000 7.000000 6.406250 6.406250 6.406250 3.953125 3.953125 2.335938 2.335938 2.335938 1.492188 1.492188 0.921875 0.921875 0.921875 0.796875 0.796875 0.875000 0.875000 0.875000 1.078125 1.078125 1.398438 1.398438 1.398438 2.015625 2.015625 2.945312 2.945312 2.945312 3.890625 3.890625 4.046875 4.046875 4.046875 3.625000 3.625000 2.976562 2.976562 2.976562 2.617188 2.617188 2.625000 2.625000 2.625000 3.046875 3.046875 3.125000 3.125000 3.125000 3.140625 3.140625 4.234375 4.234375 4.234375 4.671875 4.671875 4.437500 4.437500 4.437500 3.882812 3.882812 1.726562
7.429688 7.429688 5.570312 5.570312 5.570312 4.046875 4.046875 3.421875 3.421875 3.421875 2.531250 2.531250 1.937500 1.937500 1.937500 1.992188 1.992188 2.117188 2.117188 2.117188 2.437500 2.437500 2.390625 2.390625 2.390625 3.015625 3.015625 4.257812 4.257812 4.257812 5.335938 5.335938 5.117188 5.117188 5.117188 4.148438 4.148438 3.781250 3.781250 3.781250 4.234375 4.234375 3.648438 3.648438 3.648438 2.765625 2.765625 2.117188 2.117188 2.117188 1.921875 1.921875 2.382812 2.382812 2.382812 2.664062 2.664062 2.835938 2.835938 2.835938 2.804688 2.804688 1.359375
7.429688 7.429688 5.570312 5.570312 5.570312 4.046875 4.046875 3.421875 3.421875 3.421875 2.531250 2.531250 1.937500 1.937500 1.937500 1.992188 1.992188 2.117188 2.117188 2.117188 2.437500 2.437500 2.390625 2.390625 2.390625 3.015625 3.015625 4.257812 4.257812 4.257812 5.335938 5.335938 5.117188 5.117188 5.117188 4.148438 4.148438 3.781250 3.781250 3.781250 4.234375 4.234375 3.648438 3.648438 3.648438 2.765625 2.765625 2.117188 2.117188 2.117188 1.921875 1.921875 2.382812 2.382812 2.382812 2.664062 2.664062 2.835938 2.835938 2.835938 2.804688 2.804688 1.359375
7.429688 7.429688 5.570312 5.570312 5.570312 4.046875 4.046875 3.421875 3.421875 3.421875 2.531250 2.531250 1.937500 1.937500 1.937500 1.992188 1.992188 2.117188 2.117188 2.117188 2.437500 2.437500 2.390625 2.390625 2.390625 3.015625 3.015625 4.257812 4.257812 4.257812 5.335938 5.335938 5.117188 5.117188 5.117188 4.148438 4.148438 3.781250 3.781250 3.781250 4.234375 4.234375 3.648438 3.648438 3.648438 2.765625 2.765625 2.117188 2.117188 2.117188 1.921875 1.921875 2.382812 2.382812 2.382812 2.664062 2.664062 2.835938 2.835938 2.835938 2.804688 2.804688 1.359375
7.312500 7.312500 4.867188 4.867188 4.867188 3.664062 3.664062 3.085938 3.085938 3.085938 2.382812 2.382812 2.531250 2.531250 2.531250 2.867188 2.867188 2.976562 2.976562 2.976562 2.664062 2.664062 2.250000 2.250000 2.250000 3.031250 3.031250 4.656250 4.656250 4.656250 5.210938 5.210938 4.046875 4.046875 4.046875 3.648438 3.648438 4.257812 4.257812 4.257812 4.851562 4.851562 4.312500 4.312500 4.312500 2.703125 2.703125 1.460938 1.460938 1.460938 1.281250 1.281250 1.710938 1.710938 1.710938 2.039062 2.039062 2.960938 2.960938 2.960938 2.687500 2.687500 0.921875
7.312500 7.312500 4.867188 4.867188 4.867188 3.664062 3.664062 3.085938 3.085938 3.085938 2.382812 2.382812 2.531250 2.531250 2.531250 2.867188 2.867188 2.976562 2.976562 2.976562 2.664062 2.664062 2.250000 2.250000 2.250000 3.031250 3.031250 4.656250 4.656250 4.656250 5.210938 5.210938 4.046875 4.046875 4.046875 3.648438 3.648438 4.257812 4.257812 4.257812 4.851562 4.851562 4.312500 4.312500 4.312500 2.703125 2.703125 1.460938 1.460938 1.460938 1.281250 1.281250 1.710938 1.710938 1.710938 2.039062 2.039062 2.960938 2.960938 2.960938 2.687500 2.687500 0.921875
8.578125 8.578125 8.328125 8.328125 8.328125 6.312500 6.312500 3.203125 3.203125 3.203125 1.953125 1.953125 2.742188 2.742188 2.742188 3.164062 3.164062 2.750000 2.750000 2.750000 2.117188 2.117188 2.289062 2.289062 2.289062 3.601562 3.601562 4.320312 4.320312 4.320312 3.812500 3.812500 3.507812 3.507812 3.507812 3.335938 3.335938 3.320312 3.320312 3.320312 3.500000 3.500000 3.242188 3.242188 3.242188 1.859375 1.859375 1.351562 1.351562 1.351562 2.289062 2.289062 2.898438 2.898438 2.898438 3.507812 3.507812 3.820312 3.820312 3.820312 2.031250 2.031250 0.523438
8.578125 8.578125 8.328125 8.328125 8.328125 6.312500 6.312500 3.203125 3.203125 3.203125 1.953125 1.953125 2.742188 2.742188 2.742188 3.164062 3.164062 2.750000 2.750000 2.750000 2.117188 2.117188 2.289062 2.289062 2.289062 3.601562 3.601562 4.320312 4.320312 4.320312 3.812500 3.812500 3.507812 3.507812 3.507812 3.335938 3.335938 3.320312 3.320312 3.320312 3.500000 3.500000 3.242188 3.242188 3.242188 1.859375 1.859375 1.351562 1.351562 1.351562 2.289062 2.289062 2.898438 2.898438 2.898438 3.507812 3.507812 3.820312 3.820312 3.820312 2.031250 2.031250 0.523438
