Data/APCP/20200108.f072.apcp.gfs.pakistan.txt
ncols        169
nrows        134
xllcorner    60.900000000000
yllcorner    23.700000000000
cellsize     0.100000000000
NODATA_value  -9999
[rows 51 to 101 of 134, columns 0 to 95 of 169]
6.875 6.875 7.9375 7.9375 7.9375 8.8125 8.8125 9.9375 9.9375 9.9375 9.8125 9.8125 8.75 8.75 8.75 9.3125 9.3125 8.9375 8.9375 8.9375 6.0625 6.0625 3.625 3.625 3.625 2.375 2.375 1.375 1.375 1.375 0.875 0.875 0.6875 0.6875 0.6875 0.6875 0.6875 0.6875 0.6875 0.6875 0.625 0.625 0.75 0.75 0.75 0.6875 0.6875 0.25 0.25 0.25 0.125 0.125 0.125 0.125 0.125 0.125 0.125 0.0625 0.0625 0.0625 0.0625 0.0625 0.0625 0.0625 0.0625 0 0 0 0 0 0 0 0 0 0 0 0 0 0 0 0 0 0 0 0 0 0 0 0 0 0 0 0 0 0 0
8.3125 8.3125 7.25 7.25 7.25 8.4375 8.4375 10.9375 10.9375 10.9375 10.9375 10.9375 9.5625 9.5625 9.5625 9.875 9.875 9.125 9.125 9.125 6.8125 6.8125 5.1875 5.1875 5.1875 4.5625 4.5625 3.875 3.875 3.875 2.4375 2.4375 1.5 1.5 1.5 1.125 1.125 1.1875 1.1875 1.1875 1.3125 1.3125 1.1875 1.1875 1.1875 0.6875 0.6875 0.25 0.25 0.25 0.0625 0.0625 0.0625 0.0625 0.0625 0.0625 0.0625 0.0625 0.0625 0.0625 0.0625 0.0625 0 0 0 0 0 0 0 0 0 0 0 0 0 0 0 0 0 0 0 0 0 0 0 0 0 0 0 0 0 0 0 0 0 0
8.3125 8.3125 7.25 7.25 7.25 8.4375 8.4375 10.9375 10.9375 10.9375 10.9375 10.9375 9.5625 9.5625 9.5625 9.875 9.875 9.125 9.125 9.125 6.8125 6.8125 5.1875 5.1875 5.1875 4.5625 4.5625 3.875 3.875 3.875 2.4375 2.4375 1.5 1.5 1.5 1.125 1.125 1.1875 1.1875 1.1875 1.3125 1.3125 1.1875 1.1875 1.1875 0.6875 0.6875 0.25 0.25 0.25 0.0625 0.0625 0.0625 0.0625 0.0625 0.0625 0.0625 0.0625 0.0625 0.0625 0.0625 0.0625 0 0 0 0 0 0 0 0 0 0 0 0 0 0 0 0 0 0 0 0 0 0 0 0 0 0 0 0 0 0 0 0 0 0
8.3125 8.3125 7.25 7.25 7.25 8.4375 8.4375 10.9375 10.9375 10.9375 10.9375 10.9375 9.5625 9.5625 9.5625 9.875 9.875 9.125 9.125 9.125 6.8125 6.8125 5.1875 5.1875 5.1875 4.5625 4.5625 3.875 3.875 3.875 2.4375 2.4375 1.5 1.5 1.5 1.125 1.125 1.1875 1.1875 1.1875 1.3125 1.3125 1.1875 1.1875 1.1875 0.6875 0.6875 0.25 0.25 0.25 0.0625 0.0625 0.0625 0.0625 0.0625 0.0625 0.0625 0.0625 0.0625 0.0625 0.0625 0.0625 0 0 0 0 0 0 0 0 0 0 0 0 0 0 0 0 0 0 0 0 0 0 0 0 0 0 0 0 0 0 0 0 0 0
12.3125 12.3125 10.5625 10.5625 10.5625 9.0625 9.0625 12.4375 12.4375 12.4375 12.875 12.875 11.6875 11.6875 11.6875 11.6875 11.6875 9.6875 9.6875 9.6875 7.4375 7.4375 6.1875 6.1875 6.1875 6.0625 6.0625 6.0625 6.0625 6.0625 3.9375 3.9375 2.25 2.25 2.25 1.4375 1.4375 0.9375 0.9375 0.9375 0.75 0.75 0.625 0.625 0.625 0.25 0.25 0.0625 0.0625 0.0625 0.0625 0.0625 0.125 0.125 0.125 0.0625 0.0625 0.125 0.125 0.125 0.125 0.125 0 0 0 0 0 0 0 0 0 0 0 0 0 0 0 0 0 0 0 0 0 0 0 0 0 0 0 0 0 0 0 0 0 0
12.3125 12.3125 10.5625 10.5625 10.5625 9.0625 9.0625 12.4375 12.4375 12.4375 12.875 12.875 11.6875 11.6875 11.6875 11.6875 11.6875 9.6875 9.6875 9.6875 7.4375 7.4375 6.1875 6.1875 6.1875 6.0625 6.0625 6.0625 6.0625 6.0625 3.9375 3.9375 2.25 2.25 2.25 1.4375 1.4375 0.9375 0.9375 0.9375 0.75 0.75 0.625 0.625 0.625 0.25 0.25 0.0625 0.0625 0.0625 0.0625 0.0625 0.125 0.125 0.125 0.0625 0.0625 0.125 0.125 0.125 0.125 0.125 0 0 0 0 0 0 0 0 0 0 0 0 0 0 0 0 0 0 0 0 0 0 0 0 0 0 0 0 0 0 0 0 0 0
13.6875 13.6875 12.0625 12.0625 12.0625 11 11 13.5625 13.5625 13.5625 13.1875 13.1875 12.8125 12.8125 12.8125 13.25 13.25 11.125 11.125 11.125 9.1875 9.1875 7.8125 7.8125 7.8125 8.0625 8.0625 7.5625 7.5625 7.5625 5.125 5.125 2.4375 2.4375 2.4375 1.625 1.625 1.3125 1.3125 1.3125 0.875 0.875 0.8125 0.8125 0.8125 0.625 0.625 0.1875 0.1875 0.1875 0.0625 0.0625 0.0625 0.0625 0.0625 0.1875 0.1875 0.4375 0.4375 0.4375 0.25 0.25 0.0625 0.0625 0.0625 0 0 0 0 0 0.0625 0.0625 0.0625 0.0625 0.0625 0 0 0 0 0 0 0 0 0 0 0 0 0 0 0 0 0 0 0 0 0
13.6875 13.6875 12.0625 12.0625 12.0625 11 11 13.5625 13.5625 13.5625 13.1875 13.1875 12.8125 12.8125 12.8125 13.25 13.25 11.125 11.125 11.125 9.1875 9.1875 7.8125 7.8125 7.8125 8.0625 8.0625 7.5625 7.5625 7.5625 5.125 5.125 2.4375 2.4375 2.4375 1.625 1.625 1.3125 1.3125 1.3125 0.875 0.875 0.8125 0.8125 0.8125 0.625 0.625 0.1875 0.1875 0.1875 0.0625 0.0625 0.0625 0.0625 0.0625 0.1875 0.1875 0.4375 0.4375 0.4375 0.25 0.25 0.0625 0.0625 0.0625 0 0 0 0 0 0.0625 0.0625 0.0625 0.0625 0.0625 0 0 0 0 0 0 0 0 0 0 0 0 0 0 0 0 0 0 0 0 0
13.6875 13.6875 12.0625 12.0625 12.0625 11 11 13.5625 13.5625 13.5625 13.1875 13.1875 12.8125 12.8125 12.8125 13.25 13.25 11.125 11.125 11.125 9.1875 9.1875 7.8125 7.8125 7.8125 8.0625 8.0625 7.5625 7.5625 7.5625 5.125 5.125 2.4375 2.4375 2.4375 1.625 1.625 1.3125 1.3125 1.3125 0.875 0.875 0.8125 0.8125 0.8125 0.625 0.625 0.1875 0.1875 0.1875 0.0625 0.0625 0.0625 0.0625 0.0625 0.1875 0.1875 0.4375 0.4375 0.4375 0.25 0.25 0.0625 0.0625 0.0625 0 0 0 0 0 0.0625 0.0625 0.0625 0.0625 0.0625 0 0 0 0 0 0 0 0 0 0 0 0 0 0 0 0 0 0 0 0 0
10.9375 10.9375 12.125 12.125 12.125 12.4375 12.4375 12.75 12.75 12.75 12.4375 12.4375 11.6875 11.6875 11.6875 11.0625 11.0625 11 11 11 10.8125 10.8125 10.4375 10.4375 10.4375 10 10 8.6875 8.6875 8.6875 6.4375 6.4375 4.0625 4.0625 4.0625 3.1875 3.1875 2.5 2.5 2.5 1.1875 1.1875 0.875 0.875 0.875 0.75 0.75 0.25 0.25 0.25 0 0 0.0625 0.0625 0.0625 0.25 0.25 0.375 0.375 0.375 0.125 0.125 0 0 0 0.0625 0.0625 0.0625 0.0625 0.0625 0.125 0.125 0.125 0.125 0.125 0.0625 0.0625 0 0 0 0 0 0 0 0 0 0 0 0 0 0 0 0 0 0 0
10.9375 10.9375 12.125 12.125 12.125 12.4375 12.4375 12.75 12.75 12.75 12.4375 12.4375 11.6875 11.6875 11.6875 11.0625 11.0625 11 11 11 10.8125 10.8125 10.4375 10.4375 10.4375 10 10 8.6875 8.6875 8.6875 6.4375 6.4375 4.0625 4.0625 4.0625 3.1875 3.1875 2.5 2.5 2.5 1.1875 1.1875 0.875 0.875 0.875 0.75 0.75 0.25 0.25 0.25 0 0 0.0625 0.0625 0.0625 0.25 0.25 0.375 0.375 0.375 0.125 0.125 0 0 0 0.0625 0.0625 0.0625 0.0625 0.0625 0.125 0.125 0.125 0.125 0.125 0.0625 0.0625 0 0 0 0 0 0 0 0 0 0 0 0 0 0 0 0 0 0 0
14.625 14.625 13.0625 13.0625 13.0625 11.5625 11.5625 12.0625 12.0625 12.0625 11.3125 11.3125 10.25 10.25 10.25 10.5625 10.5625 12.375 12.375 12.375 12.125 12.125 10.8125 10.8125 10.8125 8.9375 8.9375 7.1875 7.1875 7.1875 6 6 5.25 5.25 5.25 4.5625 4.5625 3.125 3.125 3.125 1.5625 1.5625 0.75 0.75 0.75 0.5 0.5 0.1875 0.1875 0.1875 0 0 0.0625 0.0625 0.0625 0.1875 0.1875 0.125 0.125 0.125 0 0 0 0 0 0.0625 0.0625 0.0625 0.0625 0.0625 0.0625 0.0625 0.125 0.125 0.125 0.0625 0.0625 0.0625 0.0625 0.0625 0 0 0 0 0 0 0 0 0 0 0 0 0 0 0 0
14.625 14.625 13.0625 13.0625 13.0625 11.5625 11.5625 12.0625 12.0625 12.0625 11.3125 11.3125 10.25 10.25 10.25 10.5625 10.5625 12.375 12.375 12.375 12.125 12.125 10.8125 10.8125 10.8125 8.9375 8.9375 7.1875 7.1875 7.1875 6 6 5.25 5.25 5.25 4.5625 4.5625 3.125 3.125 3.125 1.5625 1.5625 0.75 0.75 0.75 0.5 0.5 0.1875 0.1875 0.1875 0 0 0.0625 0.0625 0.0625 0.1875 0.1875 0.125 0.125 0.125 0 0 0 0 0 0.0625 0.0625 0.0625 0.0625 0.0625 0.0625 0.0625 0.125 0.125 0.125 0.0625 0.0625 0.0625 0.0625 0.0625 0 0 0 0 0 0 0 0 0 0 0 0 0 0 0 0
14.625 14.625 13.0625 13.0625 13.0625 11.5625 11.5625 12.0625 12.0625 12.0625 11.3125 11.3125 10.25 10.25 10.25 10.5625 10.5625 12.375 12.375 12.375 12.125 12.125 10.8125 10.8125 10.8125 8.9375 8.9375 7.1875 7.1875 7.1875 6 6 5.25 5.25 5.25 4.5625 4.5625 3.125 3.125 3.125 1.5625 1.5625 0.75 0.75 0.75 0.5 0.5 0.1875 0.1875 0.1875 0 0 0.0625 0.0625 0.0625 0.1875 0.1875 0.125 0.125 0.125 0 0 0 0 0 0.0625 0.0625 0.0625 0.0625 0.0625 0.0625 0.0625 0.125 0.125 0.125 0.0625 0.0625 0.0625 0.0625 0.0625 0 0 0 0 0 0 0 0 0 0 0 0 0 0 0 0
16.75 16.75 13.8125 13.8125 13.8125 12.625 12.625 11.125 11.125 11.125 9.625 9.625 10 10 10 10.625 10.625 11.4375 11.4375 11.4375 10.375 10.375 8 8 8 6.875 6.875 5.75 5.75 5.75 4.9375 4.9375 5.125 5.125 5.125 5 5 2.6875 2.6875 2.6875 0.875 0.875 0.25 0.25 0.25 0.125 0.125 0.0625 0.0625 0.0625 0 0 0 0 0 0.125 0.125 0 0 0 0 0 0 0 0 0 0 0 0 0 0 0 0 0 0 0 0 0 0 0 0 0 0 0 0 0 0 0 0 0 0 0 0 0 0 0
16.75 16.75 13.8125 13.8125 13.8125 12.625 12.625 11.125 11.125 11.125 9.625 9.625 10 10 10 10.625 10.625 11.4375 11.4375 11.4375 10.375 10.375 8 8 8 6.875 6.875 5.75 5.75 5.75 4.9375 4.9375 5.125 5.125 5.125 5 5 2.6875 2.6875 2.6875 0.875 0.875 0.25 0.25 0.25 0.125 0.125 0.0625 0.0625 0.0625 0 0 0 0 0 0.125 0.125 0 0 0 0 0 0 0 0 0 0 0 0 0 0 0 0 0 0 0 0 0 0 0 0 0 0 0 0 0 0 0 0 0 0 0 0 0 0 0
19.375 19.375 15.9375 15.9375 15.9375 12.8125 12.8125 10.125 10.125 10.125 8.4375 8.4375 8.75 8.75 8.75 8.875 8.875 8.0625 8.0625 8.0625 7.375 7.375 6.375 6.375 6.375 6.25 6.25 6.3125 6.3125 6.3125 5.9375 5.9375 5.0625 5.0625 5.0625 3.5625 3.5625 1.8125 1.8125 1.8125 0.625 0.625 0.25 0.25 0.25 0.0625 0.0625 0 0 0 0 0 0 0 0 0 0 0 0 0 0 0 0.0625 0.0625 0.0625 0.0625 0.0625 0.0625 0.0625 0.0625 0.0625 0.0625 0 0 0 0 0 0 0 0 0 0 0 0 0 0 0 0 0 0 0 0 0 0 0 0
19.375 19.375 15.9375 15.9375 15.9375 12.8125 12.8125 10.125 10.125 10.125 8.4375 8.4375 8.75 8.75 8.75 8.875 8.875 8.0625 8.0625 8.0625 7.375 7.375 6.375 6.375 6.375 6.25 6.25 6.3125 6.3125 6.3125 5.9375 5.9375 5.0625 5.0625 5.0625 3.5625 3.5625 1.8125 1.8125 1.8125 0.625 0.625 0.25 0.25 0.25 0.0625 0.0625 0 0 0 0 0 0 0 0 0 0 0 0 0 0 0 0.0625 0.0625 0.0625 0.0625 0.0625 0.0625 0.0625 0.0625 0.0625 0.0625 0 0 0 0 0 0 0 0 0 0 0 0 0 0 0 0 0 0 0 0 0 0 0 0
19.375 19.375 15.9375 15.9375 15.9375 12.8125 12.8125 10.125 10.125 10.125 8.4375 8.4375 8.75 8.75 8.75 8.875 8.875 8.0625 8.0625 8.0625 7.375 7.375 6.375 6.375 6.375 6.25 6.25 6.3125 6.3125 6.3125 5.9375 5.9375 5.0625 5.0625 5.0625 3.5625 3.5625 1.8125 1.8125 1.8125 0.625 0.625 0.25 0.25 0.25 0.0625 0.0625 0 0 0 0 0 0 0 0 0 0 0 0 0 0 0 0.0625 0.0625 0.0625 0.0625 0.0625 0.0625 0.0625 0.0625 0.0625 0.0625 0 0 0 0 0 0 0 0 0 0 0 0 0 0 0 0 0 0 0 0 0 0 0 0
19.6875 19.6875 15.4375 15.4375 15.4375 13.125 13.125 10 10 10 7 7 5.6875 5.6875 5.6875 3.8125 3.8125 2.0625 2.0625 2.0625 2 2 2.1875 2.1875 2.1875 2.4375 2.4375 2.6875 2.6875 2.6875 3.0625 3.0625 3.125 3.125 3.125 2.6875 2.6875 2.3125 2.3125 2.3125 1.25 1.25 0.375 0.375 0.375 0.0625 0.0625 0 0 0 0 0 0 0 0 0 0 0 0 0 0.0625 0.0625 0.0625 0.0625 0.0625 0 0 0 0 0 0 0 0 0 0 0 0 0 0 0 0 0 0 0 0 0 0 0 0 0 0 0 0 0 0 0
19.6875 19.6875 15.4375 15.4375 15.4375 13.125 13.125 10 10 10 7 7 5.6875 5.6875 5.6875 3.8125 3.8125 2.0625 2.0625 2.0625 2 2 2.1875 2.1875 2.1875 2.4375 2.4375 2.6875 2.6875 2.6875 3.0625 3.0625 3.125 3.125 3.125 2.6875 2.6875 2.3125 2.3125 2.3125 1.25 1.25 0.375 0.375 0.375 0.0625 0.0625 0 0 0 0 0 0 0 0 0 0 0 0 0 0.0625 0.0625 0.0625 0.0625 0.0625 0 0 0 0 0 0 0 0 0 0 0 0 0 0 0 0 0 0 0 0 0 0 0 0 0 0 0 0 0 0 0
22.3125 22.3125 20.375 20.375 20.375 13.6875 13.6875 8 8 8 4.25 4.25 2.25 2.25 2.25 0.75 0.75 0.1875 0.1875 0.1875 0.125 0.125 0.1875 0.1875 0.1875 0.1875 0.1875 0.375 0.375 0.375 0.4375 0.4375 0.625 0.625 0.625 0.8125 0.8125 0.75 0.75 0.75 0.4375 0.4375 0.0625 0.0625 0.0625 0 0 0 0 0 0 0 0 0 0 0 0 0 0 0 0 0 0 0 0 0 0 0 0 0 0 0 0 0 0 0 0 0 0 0 0 0 0 0 0 0 0 0 0 0 0 0 0 0 0 0
22.3125 22.3125 20.375 20.375 20.375 13.6875 13.6875 8 8 8 4.25 4.25 2.25 2.25 2.25 0.75 0.75 0.1875 0.1875 0.1875 0.125 0.125 0.1875 0.1875 0.1875 0.1875 0.1875 0.375 0.375 0.375 0.4375 0.4375 0.625 0.625 0.625 0.8125 0.8125 0.75 0.75 0.75 0.4375 0.4375 0.0625 0.0625 0.0625 0 0 0 0 0 0 0 0 0 0 0 0 0 0 0 0 0 0 0 0 0 0 0 0 0 0 0 0 0 0 0 0 0 0 0 0 0 0 0 0 0 0 0 0 0 0 0 0 0 0 0
22.3125 22.3125 20.375 20.375 20.375 13.6875 13.6875 8 8 8 4.25 4.25 2.25 2.25 2.25 0.75 0.75 0.1875 0.1875 0.1875 0.125 0.125 0.1875 0.1875 0.1875 0.1875 0.1875 0.375 0.375 0.375 0.4375 0.4375 0.625 0.625 0.625 0.8125 0.8125 0.75 0.75 0.75 0.4375 0.4375 0.0625 0.0625 0.0625 0 0 0 0 0 0 0 0 0 0 0 0 0 0 0 0 0 0 0 0 0 0 0 0 0 0 0 0 0 0 0 0 0 0 0 0 0 0 0 0 0 0 0 0 0 0 0 0 0 0 0
21.25 21.25 17.25 17.25 17.25 9.75 9.75 4.3125 4.3125 4.3125 1.4375 1.4375 0.4375 0.4375 0.4375 0.25 0.25 0.125 0.125 0.125 0.1875 0.1875 0.25 0.25 0.25 0.5625 0.5625 0.875 0.875 0.875 0.75 0.75 0.6875 0.6875 0.6875 0.5 0.5 0.0625 0.0625 0.0625 0 0 0 0 0 0 0 0 0 0 0 0 0 0 0 0.0625 0.0625 0 0 0 0 0 0 0 0 0 0 0 0 0 0 0 0 0 0 0 0 0 0 0 0 0 0 0 0 0 0 0 0 0 0 0 0 0 0 0
21.25 21.25 17.25 17.25 17.25 9.75 9.75 4.3125 4.3125 4.3125 1.4375 1.4375 0.4375 0.4375 0.4375 0.25 0.25 0.125 0.125 0.125 0.1875 0.1875 0.25 0.25 0.25 0.5625 0.5625 0.875 0.875 0.875 0.75 0.75 0.6875 0.6875 0.6875 0.5 0.5 0.0625 0.0625 0.0625 0 0 0 0 0 0 0 0 0 0 0 0 0 0 0 0.0625 0.0625 0 0 0 0 0 0 0 0 0 0 0 0 0 0 0 0 0 0 0 0 0 0 0 0 0 0 0 0 0 0 0 0 0 0 0 0 0 0 0
10.125 10.125 9.3125 9.3125 9.3125 4.625 4.625 1.5 1.5 1.5 0.5625 0.5625 0.25 0.25 0.25 0.375 0.375 0.8125 0.8125 0.8125 1.1875 1.1875 0.875 0.875 0.875 1.5 1.5 1.625 1.625 1.625 1.375 1.375 1.1875 1.1875 1.1875 0.5625 0.5625 0.0625 0.0625 0.0625 0 0 0 0 0 0 0 0 0 0 0 0 0.0625 0.0625 0.0625 0.0625 0.0625 0 0 0 0 0 0 0 0 0 0 0 0 0 0 0 0 0 0 0 0 0 0 0 0 0 0 0 0 0 0 0 0 0 0 0 0 0 0 0
10.125 10.125 9.3125 9.3125 9.3125 4.625 4.625 1.5 1.5 1.5 0.5625 0.5625 0.25 0.25 0.25 0.375 0.375 0.8125 0.8125 0.8125 1.1875 1.1875 0.875 0.875 0.875 1.5 1.5 1.625 1.625 1.625 1.375 1.375 1.1875 1.1875 1.1875 0.5625 0.5625 0.0625 0.0625 0.0625 0 0 0 0 0 0 0 0 0 0 0 0 0.0625 0.0625 0.0625 0.0625 0.0625 0 0 0 0 0 0 0 0 0 0 0 0 0 0 0 0 0 0 0 0 0 0 0 0 0 0 0 0 0 0 0 0 0 0 0 0 0 0 0
10.125 10.125 9.3125 9.3125 9.3125 4.625 4.625 1.5 1.5 1.5 0.5625 0.5625 0.25 0.25 0.25 0.375 0.375 0.8125 0.8125 0.8125 1.1875 1.1875 0.875 0.875 0.875 1.5 1.5 1.625 1.625 1.625 1.375 1.375 1.1875 1.1875 1.1875 0.5625 0.5625 0.0625 0.0625 0.0625 0 0 0 0 0 0 0 0 0 0 0 0 0.0625 0.0625 0.0625 0.0625 0.0625 0 0 0 0 0 0 0 0 0 0 0 0 0 0 0 0 0 0 0 0 0 0 0 0 0 0 0 0 0 0 0 0 0 0 0 0 0 0 0
5.5 5.5 4.375 4.375 4.375 2.125 2.125 1 1 1 0.375 0.375 0.5 0.5 0.5 1.125 1.125 1.625 1.625 1.625 1.5 1.5 0.9375 0.9375 0.9375 1 1 1.1875 1.1875 1.1875 1.4375 1.4375 1 1 1 0.5 0.5 0.1875 0.1875 0.1875 0.0625 0.0625 0 0 0 0 0 0 0 0 0.0625 0.0625 0.1875 0.1875 0.1875 0.25 0.25 0.25 0.25 0.25 0.125 0.125 0 0 0 0 0 0 0 0 0 0 0 0 0 0 0 0 0 0 0 0 0 0 0 0 0 0 0 0 0 0 0 0 0 0
5.5 5.5 4.375 4.375 4.375 2.125 2.125 1 1 1 0.375 0.375 0.5 0.5 0.5 1.125 1.125 1.625 1.625 1.625 1.5 1.5 0.9375 0.9375 0.9375 1 1 1.1875 1.1875 1.1875 1.4375 1.4375 1 1 1 0.5 0.5 0.1875 0.1875 0.1875 0.0625 0.0625 0 0 0 0 0 0 0 0 0.0625 0.0625 0.1875 0.1875 0.1875 0.25 0.25 0.25 0.25 0.25 0.125 0.125 0 0 0 0 0 0 0 0 0 0 0 0 0 0 0 0 0 0 0 0 0 0 0 0 0 0 0 0 0 0 0 0 0 0
5.875 5.875 6.9375 6.9375 6.9375 4.125 4.125 1.1875 1.1875 1.1875 0.1875 0.1875 0.125 0.125 0.125 0.25 0.25 0.5625 0.5625 0.5625 0.875 0.875 0.875 0.875 0.875 0.9375 0.9375 1 1 1 0.8125 0.8125 0.6875 0.6875 0.6875 0.5625 0.5625 0.3125 0.3125 0.3125 0.1875 0.1875 0.125 0.125 0.125 0 0 0 0 0 0.25 0.25 0.4375 0.4375 0.4375 0.5625 0.5625 0.5 0.5 0.5 0.1875 0.1875 0 0 0 0 0 0 0 0 0 0 0 0 0 0 0 0 0 0 0 0 0 0 0 0 0 0 0 0 0 0 0 0 0 0
5.875 5.875 6.9375 6.9375 6.9375 4.125 4.125 1.1875 1.1875 1.1875 0.1875 0.1875 0.125 0.125 0.125 0.25 0.25 0.5625 0.5625 0.5625 0.875 0.875 0.875 0.875 0.875 0.9375 0.9375 1 1 1 0.8125 0.8125 0.6875 0.6875 0.6875 0.5625 0.5625 0.3125 0.3125 0.3125 0.1875 0.1875 0.125 0.125 0.125 0 0 0 0 0 0.25 0.25 0.4375 0.4375 0.4375 0.5625 0.5625 0.5 0.5 0.5 0.1875 0.1875 0 0 0 0 0 0 0 0 0 0 0 0 0 0 0 0 0 0 0 0 0 0 0 0 0 0 0 0 0 0 0 0 0 0
5.875 5.875 6.9375 6.9375 6.9375 4.125 4.125 1.1875 1.1875 1.1875 0.1875 0.1875 0.125 0.125 0.125 0.25 0.25 0.5625 0.5625 0.5625 0.875 0.875 0.875 0.875 0.875 0.9375 0.9375 1 1 1 0.8125 0.8125 0.6875 0.6875 0.6875 0.5625 0.5625 0.3125 0.3125 0.3125 0.1875 0.1875 0.125 0.125 0.125 0 0 0 0 0 0.25 0.25 0.4375 0.4375 0.4375 0.5625 0.5625 0.5 0.5 0.5 0.1875 0.1875 0 0 0 0 0 0 0 0 0 0 0 0 0 0 0 0 0 0 0 0 0 0 0 0 0 0 0 0 0 0 0 0 0 0
8.1875 8.1875 9.6875 9.6875 9.6875 5.4375 5.4375 1.8125 1.8125 1.8125 0.1875 0.1875 0 0 0 0 0 0.0625 0.0625 0.0625 0.375 0.375 0.5 0.5 0.5 0.4375 0.4375 0.6875 0.6875 0.6875 1 1 1.375 1.375 1.375 0.8125 0.8125 0.4375 0.4375 0.4375 0.3125 0.3125 0.0625 0.0625 0.0625 0 0 0.125 0.125 0.125 0.375 0.375 0.4375 0.4375 0.4375 0.5 0.5 0.25 0.25 0.25 0.0625 0.0625 0 0 0 0 0 0 0 0 0 0 0 0 0 0 0 0 0 0 0 0 0 0 0 0 0 0 0 0 0 0 0 0 0 0
8.1875 8.1875 9.6875 9.6875 9.6875 5.4375 5.4375 1.8125 1.8125 1.8125 0.1875 0.1875 0 0 0 0 0 0.0625 0.0625 0.0625 0.375 0.375 0.5 0.5 0.5 0.4375 0.4375 0.6875 0.6875 0.6875 1 1 1.375 1.375 1.375 0.8125 0.8125 0.4375 0.4375 0.4375 0.3125 0.3125 0.0625 0.0625 0.0625 0 0 0.125 0.125 0.125 0.375 0.375 0.4375 0.4375 0.4375 0.5 0.5 0.25 0.25 0.25 0.0625 0.0625 0 0 0 0 0 0 0 0 0 0 0 0 0 0 0 0 0 0 0 0 0 0 0 0 0 0 0 0 0 0 0 0 0 0
7.25 7.25 7.0625 7.0625 7.0625 5.25 5.25 2.6875 2.6875 2.6875 0.8125 0.8125 0.125 0.125 0.125 0 0 0 0 0 0.125 0.125 0.1875 0.1875 0.1875 0.1875 0.1875 0.375 0.375 0.375 1.1875 1.1875 1.6875 1.6875 1.6875 1.25 1.25 0.75 0.75 0.75 0.25 0.25 0.125 0.125 0.125 0.25 0.25 0.5 0.5 0.5 0.5625 0.5625 0.5 0.5 0.5 0.3125 0.3125 0.0625 0.0625 0.0625 0 0 0 0 0 0 0 0 0 0 0 0 0 0 0 0 0 0 0 0 0 0 0 0 0 0 0 0 0 0 0 0 0 0 0 0
7.25 7.25 7.0625 7.0625 7.0625 5.25 5.25 2.6875 2.6875 2.6875 0.8125 0.8125 0.125 0.125 0.125 0 0 0 0 0 0.125 0.125 0.1875 0.1875 0.1875 0.1875 0.1875 0.375 0.375 0.375 1.1875 1.1875 1.6875 1.6875 1.6875 1.25 1.25 0.75 0.75 0.75 0.25 0.25 0.125 0.125 0.125 0.25 0.25 0.5 0.5 0.5 0.5625 0.5625 0.5 0.5 0.5 0.3125 0.3125 0.0625 0.0625 0.0625 0 0 0 0 0 0 0 0 0 0 0 0 0 0 0 0 0 0 0 0 0 0 0 0 0 0 0 0 0 0 0 0 0 0 0 0
7.25 7.25 7.0625 7.0625 7.0625 5.25 5.25 2.6875 2.6875 2.6875 0.8125 0.8125 0.125 0.125 0.125 0 0 0 0 0 0.125 0.125 0.1875 0.1875 0.1875 0.1875 0.1875 0.375 0.375 0.375 1.1875 1.1875 1.6875 1.6875 1.6875 1.25 1.25 0.75 0.75 0.75 0.25 0.25 0.125 0.125 0.125 0.25 0.25 0.5 0.5 0.5 0.5625 0.5625 0.5 0.5 0.5 0.3125 0.3125 0.0625 0.0625 0.0625 0 0 0 0 0 0 0 0 0 0 0 0 0 0 0 0 0 0 0 0 0 0 0 0 0 0 0 0 0 0 0 0 0 0 0 0
6.25 6.25 5 5 5 4 4 3.125 3.125 3.125 2 2 0.6875 0.6875 0.6875 0.0625 0.0625 0 0 0 0 0 0.0625 0.0625 0.0625 0.3125 0.3125 0.9375 0.9375 0.9375 1.625 1.625 1.5 1.5 1.5 1.125 1.125 0.6875 0.6875 0.6875 0.5625 0.5625 0.5625 0.5625 0.5625 0.6875 0.6875 0.6875 0.6875 0.6875 0.5625 0.5625 0.3125 0.3125 0.3125 0.1875 0.1875 0.0625 0.0625 0.0625 0 0 0 0 0 0 0 0 0 0 0 0 0 0 0 0 0 0 0 0 0 0 0 0 0 0 0 0 0 0 0 0 0 0 0 0
6.25 6.25 5 5 5 4 4 3.125 3.125 3.125 2 2 0.6875 0.6875 0.6875 0.0625 0.0625 0 0 0 0 0 0.0625 0.0625 0.0625 0.3125 0.3125 0.9375 0.9375 0.9375 1.625 1.625 1.5 1.5 1.5 1.125 1.125 0.6875 0.6875 0.6875 0.5625 0.5625 0.5625 0.5625 0.5625 0.6875 0.6875 0.6875 0.6875 0.6875 0.5625 0.5625 0.3125 0.3125 0.3125 0.1875 0.1875 0.0625 0.0625 0.0625 0 0 0 0 0 0 0 0 0 0 0 0 0 0 0 0 0 0 0 0 0 0 0 0 0 0 0 0 0 0 0 0 0 0 0 0
3.8125 3.8125 3.8125 3.8125 3.8125 3.25 3.25 2.4375 2.4375 2.4375 2 2 1.125 1.125 1.125 0.1875 0.1875 0 0 0 0.0625 0.0625 0.625 0.625 0.625 1.6875 1.6875 2.3125 2.3125 2.3125 2.5625 2.5625 2.0625 2.0625 2.0625 1.3125 1.3125 0.875 0.875 0.875 0.8125 0.8125 0.75 0.75 0.75 0.6875 0.6875 0.5 0.5 0.5 0.375 0.375 0.25 0.25 0.25 0.125 0.125 0 0 0 0 0 0 0 0 0 0 0 0 0 0 0 0 0 0 0 0 0 0 0 0 0 0 0 0 0 0 0 0 0 0 0 0 0 0 0
3.8125 3.8125 3.8125 3.8125 3.8125 3.25 3.25 2.4375 2.4375 2.4375 2 2 1.125 1.125 1.125 0.1875 0.1875 0 0 0 0.0625 0.0625 0.625 0.625 0.625 1.6875 1.6875 2.3125 2.3125 2.3125 2.5625 2.5625 2.0625 2.0625 2.0625 1.3125 1.3125 0.875 0.875 0.875 0.8125 0.8125 0.75 0.75 0.75 0.6875 0.6875 0.5 0.5 0.5 0.375 0.375 0.25 0.25 0.25 0.125 0.125 0 0 0 0 0 0 0 0 0 0 0 0 0 0 0 0 0 0 0 0 0 0 0 0 0 0 0 0 0 0 0 0 0 0 0 0 0 0 0
3.8125 3.8125 3.8125 3.8125 3.8125 3.25 3.25 2.4375 2.4375 2.4375 2 2 1.125 1.125 1.125 0.1875 0.1875 0 0 0 0.0625 0.0625 0.625 0.625 0.625 1.6875 1.6875 2.3125 2.3125 2.3125 2.5625 2.5625 2.0625 2.0625 2.0625 1.3125 1.3125 0.875 0.875 0.875 0.8125 0.8125 0.75 0.75 0.75 0.6875 0.6875 0.5 0.5 0.5 0.375 0.375 0.25 0.25 0.25 0.125 0.125 0 0 0 0 0 0 0 0 0 0 0 0 0 0 0 0 0 0 0 0 0 0 0 0 0 0 0 0 0 0 0 0 0 0 0 0 0 0 0
2.1875 2.1875 2.8125 2.8125 2.8125 2.9375 2.9375 2.1875 2.1875 2.1875 2.125 2.125 2.0625 2.0625 2.0625 1.25 1.25 0.375 0.375 0.375 0.0625 0.0625 0.25 0.25 0.25 0.625 0.625 0.875 0.875 0.875 1.0625 1.0625 1 1 1 0.8125 0.8125 0.875 0.875 0.875 0.75 0.75 0.5 0.5 0.5 0.4375 0.4375 0.3125 0.3125 0.3125 0.1875 0.1875 0.125 0.125 0.125 0.0625 0.0625 0.0625 0.0625 0.0625 0 0 0 0 0 0 0 0 0 0 0 0 0 0 0 0 0 0 0 0 0 0 0 0 0 0 0 0 0 0 0 0 0 0 0 0
2.1875 2.1875 2.8125 2.8125 2.8125 2.9375 2.9375 2.1875 2.1875 2.1875 2.125 2.125 2.0625 2.0625 2.0625 1.25 1.25 0.375 0.375 0.375 0.0625 0.0625 0.25 0.25 0.25 0.625 0.625 0.875 0.875 0.875 1.0625 1.0625 1 1 1 0.8125 0.8125 0.875 0.875 0.875 0.75 0.75 0.5 0.5 0.5 0.4375 0.4375 0.3125 0.3125 0.3125 0.1875 0.1875 0.125 0.125 0.125 0.0625 0.0625 0.0625 0.0625 0.0625 0 0 0 0 0 0 0 0 0 0 0 0 0 0 0 0 0 0 0 0 0 0 0 0 0 0 0 0 0 0 0 0 0 0 0 0
0.8125 0.8125 1.4375 1.4375 1.4375 2.9375 2.9375 3.5625 3.5625 3.5625 3.0625 3.0625 2.8125 2.8125 2.8125 2.125 2.125 0.9375 0.9375 0.9375 0.3125 0.3125 0.25 0.25 0.25 0.3125 0.3125 0.4375 0.4375 0.4375 0.5 0.5 0.625 0.625 0.625 0.75 0.75 0.875 0.875 0.875 0.875 0.875 0.8125 0.8125 0.8125 0.6875 0.6875 0.4375 0.4375 0.4375 0.25 0.25 0.25 0.25 0.25 0.25 0.25 0.125 0.125 0.125 0.0625 0.0625 0 0 0 0 0 0 0 0 0 0 0 0 0 0 0 0 0 0 0 0 0 0 0 0 0 0 0 0 0 0 0 0 0 0
0.8125 0.8125 1.4375 1.4375 1.4375 2.9375 2.9375 3.5625 3.5625 3.5625 3.0625 3.0625 2.8125 2.8125 2.8125 2.125 2.125 0.9375 0.9375 0.9375 0.3125 0.3125 0.25 0.25 0.25 0.3125 0.3125 0.4375 0.4375 0.4375 0.5 0.5 0.625 0.625 0.625 0.75 0.75 0.875 0.875 0.875 0.875 0.875 0.8125 0.8125 0.8125 0.6875 0.6875 0.4375 0.4375 0.4375 0.25 0.25 0.25 0.25 0.25 0.25 0.25 0.125 0.125 0.125 0.0625 0.0625 0 0 0 0 0 0 0 0 0 0 0 0 0 0 0 0 0 0 0 0 0 0 0 0 0 0 0 0 0 0 0 0 0 0
0.8125 0.8125 1.4375 1.4375 1.4375 2.9375 2.9375 3.5625 3.5625 3.5625 3.0625 3.0625 2.8125 2.8125 2.8125 2.125 2.125 0.9375 0.9375 0.9375 0.3125 0.3125 0.25 0.25 0.25 0.3125 0.3125 0.4375 0.4375 0.4375 0.5 0.5 0.625 0.625 0.625 0.75 0.75 0.875 0.875 0.875 0.875 0.875 0.8125 0.8125 0.8125 0.6875 0.6875 0.4375 0.4375 0.4375 0.25 0.25 0.25 0.25 0.25 0.25 0.25 0.125 0.125 0.125 0.0625 0.0625 0 0 0 0 0 0 0 0 0 0 0 0 0 0 0 0 0 0 0 0 0 0 0 0 0 0 0 0 0 0 0 0 0 0
0.3125 0.3125 0.6875 0.6875 0.6875 2.0625 2.0625 2.4375 2.4375 2.4375 1.5 1.5 0.6875 0.6875 0.6875 0.25 0.25 0.125 0.125 0.125 0.1875 0.1875 0.25 0.25 0.25 0.3125 0.3125 0.4375 0.4375 0.4375 0.625 0.625 0.8125 0.8125 0.8125 0.875 0.875 0.875 0.875 0.875 0.75 0.75 0.5625 0.5625 0.5625 0.4375 0.4375 0.375 0.375 0.375 0.3125 0.3125 0.3125 0.3125 0.3125 0.1875 0.1875 0.0625 0.0625 0.0625 0 0 0 0 0 0 0 0 0 0 0 0 0 0 0 0 0 0 0 0 0 0 0 0 0 0 0 0 0 0 0 0 0 0 0 0
0.3125 0.3125 0.6875 0.6875 0.6875 2.0625 2.0625 2.4375 2.4375 2.4375 1.5 1.5 0.6875 0.6875 0.6875 0.25 0.25 0.125 0.125 0.125 0.1875 0.1875 0.25 0.25 0.25 0.3125 0.3125 0.4375 0.4375 0.4375 0.625 0.625 0.8125 0.8125 0.8125 0.875 0.875 0.875 0.875 0.875 0.75 0.75 0.5625 0.5625 0.5625 0.4375 0.4375 0.375 0.375 0.375 0.3125 0.3125 0.3125 0.3125 0.3125 0.1875 0.1875 0.0625 0.0625 0.0625 0 0 0 0 0 0 0 0 0 0 0 0 0 0 0 0 0 0 0 0 0 0 0 0 0 0 0 0 0 0 0 0 0 0 0 0
