Data/APCP/20200108.f072.apcp.gfs.pakistan.txt
ncols        169
nrows        134
xllcorner    60.900000000000
yllcorner    23.700000000000
cellsize     0.100000000000
NODATA_value  -9999
[rows 0 to 50 of 134, columns 0 to 95 of 169]
0.625 0.625 0.3125 0.3125 0.3125 0.625 0.625 1.125 1.125 1.125 1.1875 1.1875 1.4375 1.4375 1.4375 1.8125 1.8125 2.5 2.5 2.5 3.375 3.375 3.0625 3.0625 3.0625 1.8125 1.8125 0.8125 0.8125 0.8125 0.25 0.25 0 0 0 0 0 0 0 0 0 0 0 0 0 0 0 0 0 0 0 0 0 0 0 0 0 0 0 0 0 0 0 0 0 0 0 0 0 0 0 0 0 0 0 0 0 0 0 0 0 0 0 0 0 0 0 0 0 0 0 0 0 0 0 0
0.625 0.625 0.3125 0.3125 0.3125 0.625 0.625 1.125 1.125 1.125 1.1875 1.1875 1.4375 1.4375 1.4375 1.8125 1.8125 2.5 2.5 2.5 3.375 3.375 3.0625 3.0625 3.0625 1.8125 1.8125 0.8125 0.8125 0.8125 0.25 0.25 0 0 0 0 0 0 0 0 0 0 0 0 0 0 0 0 0 0 0 0 0 0 0 0 0 0 0 0 0 0 0 0 0 0 0 0 0 0 0 0 0 0 0 0 0 0 0 0 0 0 0 0 0 0 0 0 0 0 0 0 0 0 0 0
1.125 1.125 0.8125 0.8125 0.8125 1.125 1.125 1.25 1.25 1.25 1.75 1.75 2.25 2.25 2.25 2 2 1.9375 1.9375 1.9375 1.8125 1.8125 1.125 1.125 1.125 0.5625 0.5625 0.25 0.25 0.25 0.0625 0.0625 0.0625 0.0625 0.0625 0 0 0 0 0 0 0 0 0 0 0 0 0 0 0 0 0 0 0 0 0 0 0 0 0 0 0 0 0 0 0 0 0 0 0 0 0 0 0 0 0 0 0 0 0 0 0 0 0 0 0 0 0 0 0 0 0 0 0 0 0
1.125 1.125 0.8125 0.8125 0.8125 1.125 1.125 1.25 1.25 1.25 1.75 1.75 2.25 2.25 2.25 2 2 1.9375 1.9375 1.9375 1.8125 1.8125 1.125 1.125 1.125 0.5625 0.5625 0.25 0.25 0.25 0.0625 0.0625 0.0625 0.0625 0.0625 0 0 0 0 0 0 0 0 0 0 0 0 0 0 0 0 0 0 0 0 0 0 0 0 0 0 0 0 0 0 0 0 0 0 0 0 0 0 0 0 0 0 0 0 0 0 0 0 0 0 0 0 0 0 0 0 0 0 0 0 0
1.125 1.125 0.8125 0.8125 0.8125 1.125 1.125 1.25 1.25 1.25 1.75 1.75 2.25 2.25 2.25 2 2 1.9375 1.9375 1.9375 1.8125 1.8125 1.125 1.125 1.125 0.5625 0.5625 0.25 0.25 0.25 0.0625 0.0625 0.0625 0.0625 0.0625 0 0 0 0 0 0 0 0 0 0 0 0 0 0 0 0 0 0 0 0 0 0 0 0 0 0 0 0 0 0 0 0 0 0 0 0 0 0 0 0 0 0 0 0 0 0 0 0 0 0 0 0 0 0 0 0 0 0 0 0 0
1.1875 1.1875 1 1 1 0.6875 0.6875 0.625 0.625 0.625 1.125 1.125 0.875 0.875 0.875 0.4375 0.4375 0.4375 0.4375 0.4375 0.3125 0.3125 0.1875 0.1875 0.1875 0.125 0.125 0.0625 0.0625 0.0625 0 0 0 0 0 0 0 0 0 0 0 0 0 0 0 0 0 0 0 0 0 0 0 0 0 0 0 0 0 0 0 0 0 0 0 0 0 0 0 0 0 0 0 0 0 0 0 0 0 0 0 0 0 0 0 0 0 0 0 0 0 0 0 0 0 0
1.1875 1.1875 1 1 1 0.6875 0.6875 0.625 0.625 0.625 1.125 1.125 0.875 0.875 0.875 0.4375 0.4375 0.4375 0.4375 0.4375 0.3125 0.3125 0.1875 0.1875 0.1875 0.125 0.125 0.0625 0.0625 0.0625 0 0 0 0 0 0 0 0 0 0 0 0 0 0 0 0 0 0 0 0 0 0 0 0 0 0 0 0 0 0 0 0 0 0 0 0 0 0 0 0 0 0 0 0 0 0 0 0 0 0 0 0 0 0 0 0 0 0 0 0 0 0 0 0 0 0
1.1875 1.1875 0.4375 0.4375 0.4375 0.375 0.375 0.3125 0.3125 0.3125 0.3125 0.3125 0.1875 0.1875 0.1875 0.0625 0.0625 0 0 0 0 0 0 0 0 0 0 0 0 0 0 0 0 0 0 0 0 0.0625 0.0625 0.0625 0.0625 0.0625 0 0 0 0 0 0 0 0 0 0 0.0625 0.0625 0.0625 0 0 0 0 0 0 0 0 0 0 0 0 0 0 0 0 0 0 0 0 0 0 0 0 0 0 0 0 0 0 0 0 0 0 0 0 0 0 0 0 0
1.1875 1.1875 0.4375 0.4375 0.4375 0.375 0.375 0.3125 0.3125 0.3125 0.3125 0.3125 0.1875 0.1875 0.1875 0.0625 0.0625 0 0 0 0 0 0 0 0 0 0 0 0 0 0 0 0 0 0 0 0 0.0625 0.0625 0.0625 0.0625 0.0625 0 0 0 0 0 0 0 0 0 0 0.0625 0.0625 0.0625 0 0 0 0 0 0 0 0 0 0 0 0 0 0 0 0 0 0 0 0 0 0 0 0 0 0 0 0 0 0 0 0 0 0 0 0 0 0 0 0 0
1.1875 1.1875 0.4375 0.4375 0.4375 0.375 0.375 0.3125 0.3125 0.3125 0.3125 0.3125 0.1875 0.1875 0.1875 0.0625 0.0625 0 0 0 0 0 0 0 0 0 0 0 0 0 0 0 0 0 0 0 0 0.0625 0.0625 0.0625 0.0625 0.0625 0 0 0 0 0 0 0 0 0 0 0.0625 0.0625 0.0625 0 0 0 0 0 0 0 0 0 0 0 0 0 0 0 0 0 0 0 0 0 0 0 0 0 0 0 0 0 0 0 0 0 0 0 0 0 0 0 0 0
0.9375 0.9375 0.1875 0.1875 0.1875 0.1875 0.1875 0.125 0.125 0.125 0.0625 0.0625 0.0625 0.0625 0.0625 0.0625 0.0625 0.0625 0.0625 0.0625 0.125 0.125 0.0625 0.0625 0.0625 0 0 0 0 0 0 0 0.0625 0.0625 0.0625 0.0625 0.0625 0 0 0 0 0 0.0625 0.0625 0.0625 0.125 0.125 0.0625 0.0625 0.0625 0 0 0 0 0 0 0 0.0625 0.0625 0.0625 0 0 0 0 0 0 0 0 0 0 0 0 0 0 0 0 0 0 0 0 0 0 0 0 0 0 0 0 0 0 0 0 0 0 0 0
0.9375 0.9375 0.1875 0.1875 0.1875 0.1875 0.1875 0.125 0.125 0.125 0.0625 0.0625 0.0625 0.0625 0.0625 0.0625 0.0625 0.0625 0.0625 0.0625 0.125 0.125 0.0625 0.0625 0.0625 0 0 0 0 0 0 0 0.0625 0.0625 0.0625 0.0625 0.0625 0 0 0 0 0 0.0625 0.0625 0.0625 0.125 0.125 0.0625 0.0625 0.0625 0 0 0 0 0 0 0 0.0625 0.0625 0.0625 0 0 0 0 0 0 0 0 0 0 0 0 0 0 0 0 0 0 0 0 0 0 0 0 0 0 0 0 0 0 0 0 0 0 0 0
0.6875 0.6875 0.4375 0.4375 0.4375 0.4375 0.4375 0.125 0.125 0.125 0.0625 0.0625 0.0625 0.0625 0.0625 0.0625 0.0625 0.0625 0.0625 0.0625 0.125 0.125 0.1875 0.1875 0.1875 0.125 0.125 0.125 0.125 0.125 0.1875 0.1875 0.1875 0.1875 0.1875 0.0625 0.0625 0.0625 0.0625 0.0625 0 0 0 0 0 0 0 0 0 0 0 0 0 0 0 0 0 0.0625 0.0625 0.0625 0 0 0 0 0 0 0 0 0 0 0 0 0 0 0 0 0 0 0 0 0 0 0 0 0 0 0 0 0 0 0 0 0 0 0 0
0.6875 0.6875 0.4375 0.4375 0.4375 0.4375 0.4375 0.125 0.125 0.125 0.0625 0.0625 0.0625 0.0625 0.0625 0.0625 0.0625 0.0625 0.0625 0.0625 0.125 0.125 0.1875 0.1875 0.1875 0.125 0.125 0.125 0.125 0.125 0.1875 0.1875 0.1875 0.1875 0.1875 0.0625 0.0625 0.0625 0.0625 0.0625 0 0 0 0 0 0 0 0 0 0 0 0 0 0 0 0 0 0.0625 0.0625 0.0625 0 0 0 0 0 0 0 0 0 0 0 0 0 0 0 0 0 0 0 0 0 0 0 0 0 0 0 0 0 0 0 0 0 0 0 0
0.6875 0.6875 0.4375 0.4375 0.4375 0.4375 0.4375 0.125 0.125 0.125 0.0625 0.0625 0.0625 0.0625 0.0625 0.0625 0.0625 0.0625 0.0625 0.0625 0.125 0.125 0.1875 0.1875 0.1875 0.125 0.125 0.125 0.125 0.125 0.1875 0.1875 0.1875 0.1875 0.1875 0.0625 0.0625 0.0625 0.0625 0.0625 0 0 0 0 0 0 0 0 0 0 0 0 0 0 0 0 0 0.0625 0.0625 0.0625 0 0 0 0 0 0 0 0 0 0 0 0 0 0 0 0 0 0 0 0 0 0 0 0 0 0 0 0 0 0 0 0 0 0 0 0
2.0625 2.0625 2.125 2.125 2.125 1.3125 1.3125 0.5625 0.5625 0.5625 0.375 0.375 0.25 0.25 0.25 0.0625 0.0625 0.1875 0.1875 0.1875 0.3125 0.3125 0.375 0.375 0.375 0.5 0.5 1 1 1 0.9375 0.9375 0.875 0.875 0.875 0.4375 0.4375 0.375 0.375 0.375 0.4375 0.4375 0.25 0.25 0.25 0.125 0.125 0 0 0 0 0 0 0 0 0 0 0 0 0 0 0 0 0 0 0 0 0 0 0 0 0 0 0 0 0 0 0 0 0 0 0 0 0 0 0 0 0 0 0 0 0 0 0 0 0
2.0625 2.0625 2.125 2.125 2.125 1.3125 1.3125 0.5625 0.5625 0.5625 0.375 0.375 0.25 0.25 0.25 0.0625 0.0625 0.1875 0.1875 0.1875 0.3125 0.3125 0.375 0.375 0.375 0.5 0.5 1 1 1 0.9375 0.9375 0.875 0.875 0.875 0.4375 0.4375 0.375 0.375 0.375 0.4375 0.4375 0.25 0.25 0.25 0.125 0.125 0 0 0 0 0 0 0 0 0 0 0 0 0 0 0 0 0 0 0 0 0 0 0 0 0 0 0 0 0 0 0 0 0 0 0 0 0 0 0 0 0 0 0 0 0 0 0 0 0
2.75 2.75 3.0625 3.0625 3.0625 2.5 2.5 1.875 1.875 1.875 1.375 1.375 0.5 0.5 0.5 0.1875 0.1875 0.375 0.375 0.375 0.5 0.5 0.375 0.375 0.375 0.3125 0.3125 0.5625 0.5625 0.5625 0.625 0.625 0.5 0.5 0.5 0.6875 0.6875 1.125 1.125 1.125 1.4375 1.4375 1.0625 1.0625 1.0625 0.5625 0.5625 0.3125 0.3125 0.3125 0.1875 0.1875 0.0625 0.0625 0.0625 0 0 0 0 0 0 0 0 0 0 0 0 0 0 0 0 0 0 0 0 0 0 0 0 0 0 0 0 0 0 0 0 0 0 0 0 0 0 0 0 0
2.75 2.75 3.0625 3.0625 3.0625 2.5 2.5 1.875 1.875 1.875 1.375 1.375 0.5 0.5 0.5 0.1875 0.1875 0.375 0.375 0.375 0.5 0.5 0.375 0.375 0.375 0.3125 0.3125 0.5625 0.5625 0.5625 0.625 0.625 0.5 0.5 0.5 0.6875 0.6875 1.125 1.125 1.125 1.4375 1.4375 1.0625 1.0625 1.0625 0.5625 0.5625 0.3125 0.3125 0.3125 0.1875 0.1875 0.0625 0.0625 0.0625 0 0 0 0 0 0 0 0 0 0 0 0 0 0 0 0 0 0 0 0 0 0 0 0 0 0 0 0 0 0 0 0 0 0 0 0 0 0 0 0 0
2.75 2.75 3.0625 3.0625 3.0625 2.5 2.5 1.875 1.875 1.875 1.375 1.375 0.5 0.5 0.5 0.1875 0.1875 0.375 0.375 0.375 0.5 0.5 0.375 0.375 0.375 0.3125 0.3125 0.5625 0.5625 0.5625 0.625 0.625 0.5 0.5 0.5 0.6875 0.6875 1.125 1.125 1.125 1.4375 1.4375 1.0625 1.0625 1.0625 0.5625 0.5625 0.3125 0.3125 0.3125 0.1875 0.1875 0.0625 0.0625 0.0625 0 0 0 0 0 0 0 0 0 0 0 0 0 0 0 0 0 0 0 0 0 0 0 0 0 0 0 0 0 0 0 0 0 0 0 0 0 0 0 0 0
2.5625 2.5625 2.6875 2.6875 2.6875 3.4375 3.4375 4.25 4.25 4.25 3.5625 3.5625 1.5625 1.5625 1.5625 0.875 0.875 1.0625 1.0625 1.0625 0.6875 0.6875 0.3125 0.3125 0.3125 0.4375 0.4375 0.4375 0.4375 0.4375 0.1875 0.1875 0.25 0.25 0.25 0.3125 0.3125 0.1875 0.1875 0.1875 0.25 0.25 0.4375 0.4375 0.4375 0.4375 0.4375 0.5 0.5 0.5 0.25 0.25 0 0 0 0 0 0 0 0 0 0 0 0 0 0 0 0 0 0 0 0 0 0 0 0 0 0 0 0 0 0 0 0 0 0 0 0 0 0 0 0 0 0 0 0
2.5625 2.5625 2.6875 2.6875 2.6875 3.4375 3.4375 4.25 4.25 4.25 3.5625 3.5625 1.5625 1.5625 1.5625 0.875 0.875 1.0625 1.0625 1.0625 0.6875 0.6875 0.3125 0.3125 0.3125 0.4375 0.4375 0.4375 0.4375 0.4375 0.1875 0.1875 0.25 0.25 0.25 0.3125 0.3125 0.1875 0.1875 0.1875 0.25 0.25 0.4375 0.4375 0.4375 0.4375 0.4375 0.5 0.5 0.5 0.25 0.25 0 0 0 0 0 0 0 0 0 0 0 0 0 0 0 0 0 0 0 0 0 0 0 0 0 0 0 0 0 0 0 0 0 0 0 0 0 0 0 0 0 0 0 0
3.5625 3.5625 3.8125 3.8125 3.8125 5.1875 5.1875 7.1875 7.1875 7.1875 7.375 7.375 5.8125 5.8125 5.8125 4.8125 4.8125 4.25 4.25 4.25 2.1875 2.1875 0.6875 0.6875 0.6875 0.375 0.375 0.1875 0.1875 0.1875 0.125 0.125 0.0625 0.0625 0.0625 0 0 0 0 0 0.125 0.125 0.375 0.375 0.375 0.375 0.375 0.1875 0.1875 0.1875 0.0625 0.0625 0 0 0 0 0 0 0 0 0 0 0 0 0 0 0 0 0 0 0 0 0 0 0 0 0 0 0 0 0 0 0 0 0 0 0 0 0 0 0 0 0 0 0 0
3.5625 3.5625 3.8125 3.8125 3.8125 5.1875 5.1875 7.1875 7.1875 7.1875 7.375 7.375 5.8125 5.8125 5.8125 4.8125 4.8125 4.25 4.25 4.25 2.1875 2.1875 0.6875 0.6875 0.6875 0.375 0.375 0.1875 0.1875 0.1875 0.125 0.125 0.0625 0.0625 0.0625 0 0 0 0 0 0.125 0.125 0.375 0.375 0.375 0.375 0.375 0.1875 0.1875 0.1875 0.0625 0.0625 0 0 0 0 0 0 0 0 0 0 0 0 0 0 0 0 0 0 0 0 0 0 0 0 0 0 0 0 0 0 0 0 0 0 0 0 0 0 0 0 0 0 0 0
3.5625 3.5625 3.8125 3.8125 3.8125 5.1875 5.1875 7.1875 7.1875 7.1875 7.375 7.375 5.8125 5.8125 5.8125 4.8125 4.8125 4.25 4.25 4.25 2.1875 2.1875 0.6875 0.6875 0.6875 0.375 0.375 0.1875 0.1875 0.1875 0.125 0.125 0.0625 0.0625 0.0625 0 0 0 0 0 0.125 0.125 0.375 0.375 0.375 0.375 0.375 0.1875 0.1875 0.1875 0.0625 0.0625 0 0 0 0 0 0 0 0 0 0 0 0 0 0 0 0 0 0 0 0 0 0 0 0 0 0 0 0 0 0 0 0 0 0 0 0 0 0 0 0 0 0 0 0
6.5625 6.5625 7.625 7.625 7.625 9 9 8.4375 8.4375 8.4375 7.5 7.5 5.5625 5.5625 5.5625 4.0625 4.0625 3.5625 3.5625 3.5625 3.3125 3.3125 1.3125 1.3125 1.3125 0.4375 0.4375 0.375 0.375 0.375 0.3125 0.3125 0.25 0.25 0.25 0.1875 0.1875 0.1875 0.1875 0.1875 0.1875 0.1875 0.25 0.25 0.25 0.1875 0.1875 0.0625 0.0625 0.0625 0 0 0 0 0 0 0 0 0 0 0 0 0 0 0 0 0 0 0 0 0 0 0 0 0 0 0 0 0 0 0 0 0 0 0 0 0 0 0 0 0 0 0 0 0 0
6.5625 6.5625 7.625 7.625 7.625 9 9 8.4375 8.4375 8.4375 7.5 7.5 5.5625 5.5625 5.5625 4.0625 4.0625 3.5625 3.5625 3.5625 3.3125 3.3125 1.3125 1.3125 1.3125 0.4375 0.4375 0.375 0.375 0.375 0.3125 0.3125 0.25 0.25 0.25 0.1875 0.1875 0.1875 0.1875 0.1875 0.1875 0.1875 0.25 0.25 0.25 0.1875 0.1875 0.0625 0.0625 0.0625 0 0 0 0 0 0 0 0 0 0 0 0 0 0 0 0 0 0 0 0 0 0 0 0 0 0 0 0 0 0 0 0 0 0 0 0 0 0 0 0 0 0 0 0 0 0
8.3125 8.3125 10.4375 10.4375 10.4375 8.4375 8.4375 8.375 8.375 8.375 6.1875 6.1875 3.0625 3.0625 3.0625 1.875 1.875 1.125 1.125 1.125 0.9375 0.9375 0.5625 0.5625 0.5625 0.25 0.25 0.25 0.25 0.25 0.1875 0.1875 0.1875 0.1875 0.1875 0.125 0.125 0.125 0.125 0.125 0.125 0.125 0.1875 0.1875 0.1875 0.0625 0.0625 0.0625 0.0625 0.0625 0.0625 0.0625 0 0 0 0 0 0 0 0 0 0 0 0 0 0 0 0 0 0 0 0 0 0 0 0 0 0 0 0 0 0 0 0 0 0 0 0 0 0 0 0 0 0 0 0
8.3125 8.3125 10.4375 10.4375 10.4375 8.4375 8.4375 8.375 8.375 8.375 6.1875 6.1875 3.0625 3.0625 3.0625 1.875 1.875 1.125 1.125 1.125 0.9375 0.9375 0.5625 0.5625 0.5625 0.25 0.25 0.25 0.25 0.25 0.1875 0.1875 0.1875 0.1875 0.1875 0.125 0.125 0.125 0.125 0.125 0.125 0.125 0.1875 0.1875 0.1875 0.0625 0.0625 0.0625 0.0625 0.0625 0.0625 0.0625 0 0 0 0 0 0 0 0 0 0 0 0 0 0 0 0 0 0 0 0 0 0 0 0 0 0 0 0 0 0 0 0 0 0 0 0 0 0 0 0 0 0 0 0
8.3125 8.3125 10.4375 10.4375 10.4375 8.4375 8.4375 8.375 8.375 8.375 6.1875 6.1875 3.0625 3.0625 3.0625 1.875 1.875 1.125 1.125 1.125 0.9375 0.9375 0.5625 0.5625 0.5625 0.25 0.25 0.25 0.25 0.25 0.1875 0.1875 0.1875 0.1875 0.1875 0.125 0.125 0.125 0.125 0.125 0.125 0.125 0.1875 0.1875 0.1875 0.0625 0.0625 0.0625 0.0625 0.0625 0.0625 0.0625 0 0 0 0 0 0 0 0 0 0 0 0 0 0 0 0 0 0 0 0 0 0 0 0 0 0 0 0 0 0 0 0 0 0 0 0 0 0 0 0 0 0 0 0
5.4375 5.4375 6.75 6.75 6.75 7.6875 7.6875 6.5625 6.5625 6.5625 3.1875 3.1875 1.6875 1.6875 1.6875 1.3125 1.3125 1.375 1.375 1.375 0.625 0.625 0.125 0.125 0.125 0.125 0.125 0.0625 0.0625 0.0625 0 0 0 0 0 0 0 0.0625 0.0625 0.0625 0.0625 0.0625 0.0625 0.0625 0.0625 0.0625 0.0625 0.0625 0.0625 0.0625 0 0 0 0 0 0 0 0 0 0 0 0 0 0 0 0 0 0 0 0 0 0 0 0 0 0 0 0 0 0 0 0 0 0 0 0 0 0 0 0 0 0 0 0 0 0
5.4375 5.4375 6.75 6.75 6.75 7.6875 7.6875 6.5625 6.5625 6.5625 3.1875 3.1875 1.6875 1.6875 1.6875 1.3125 1.3125 1.375 1.375 1.375 0.625 0.625 0.125 0.125 0.125 0.125 0.125 0.0625 0.0625 0.0625 0 0 0 0 0 0 0 0.0625 0.0625 0.0625 0.0625 0.0625 0.0625 0.0625 0.0625 0.0625 0.0625 0.0625 0.0625 0.0625 0 0 0 0 0 0 0 0 0 0 0 0 0 0 0 0 0 0 0 0 0 0 0 0 0 0 0 0 0 0 0 0 0 0 0 0 0 0 0 0 0 0 0 0 0 0
5.375 5.375 6.25 6.25 6.25 6 6 5.0625 5.0625 5.0625 3.5625 3.5625 2.0625 2.0625 2.0625 1.375 1.375 1.4375 1.4375 1.4375 0.75 0.75 0.9375 0.9375 0.9375 1 1 0.4375 0.4375 0.4375 0.125 0.125 0.0625 0.0625 0.0625 0.125 0.125 0.125 0.125 0.125 0.1875 0.1875 0.0625 0.0625 0.0625 0.0625 0.0625 0.0625 0.0625 0.0625 0.0625 0.0625 0.0625 0.0625 0.0625 0 0 0 0 0 0 0 0 0 0 0 0 0 0 0 0 0 0 0 0 0 0 0 0 0 0 0 0 0 0 0 0 0 0 0 0 0 0 0 0 0
5.375 5.375 6.25 6.25 6.25 6 6 5.0625 5.0625 5.0625 3.5625 3.5625 2.0625 2.0625 2.0625 1.375 1.375 1.4375 1.4375 1.4375 0.75 0.75 0.9375 0.9375 0.9375 1 1 0.4375 0.4375 0.4375 0.125 0.125 0.0625 0.0625 0.0625 0.125 0.125 0.125 0.125 0.125 0.1875 0.1875 0.0625 0.0625 0.0625 0.0625 0.0625 0.0625 0.0625 0.0625 0.0625 0.0625 0.0625 0.0625 0.0625 0 0 0 0 0 0 0 0 0 0 0 0 0 0 0 0 0 0 0 0 0 0 0 0 0 0 0 0 0 0 0 0 0 0 0 0 0 0 0 0 0
5.375 5.375 6.25 6.25 6.25 6 6 5.0625 5.0625 5.0625 3.5625 3.5625 2.0625 2.0625 2.0625 1.375 1.375 1.4375 1.4375 1.4375 0.75 0.75 0.9375 0.9375 0.9375 1 1 0.4375 0.4375 0.4375 0.125 0.125 0.0625 0.0625 0.0625 0.125 0.125 0.125 0.125 0.125 0.1875 0.1875 0.0625 0.0625 0.0625 0.0625 0.0625 0.0625 0.0625 0.0625 0.0625 0.0625 0.0625 0.0625 0.0625 0 0 0 0 0 0 0 0 0 0 0 0 0 0 0 0 0 0 0 0 0 0 0 0 0 0 0 0 0 0 0 0 0 0 0 0 0 0 0 0 0
3.1875 3.1875 2.25 2.25 2.25 2.3125 2.3125 2.0625 2.0625 2.0625 2.125 2.125 2.125 2.125 2.125 1.5 1.5 1 1 1 1.125 1.125 2.125 2.125 2.125 1.4375 1.4375 0.625 0.625 0.625 0.25 0.25 0.1875 0.1875 0.1875 0.3125 0.3125 0.3125 0.3125 0.3125 0.3125 0.3125 0.125 0.125 0.125 0.125 0.125 0.1875 0.1875 0.1875 0.25 0.25 0.125 0.125 0.125 0.0625 0.0625 0.0625 0.0625 0.0625 0 0 0 0 0 0 0 0 0 0 0 0 0 0 0 0 0 0 0 0 0 0 0 0 0 0 0 0 0 0 0 0 0 0 0 0
3.1875 3.1875 2.25 2.25 2.25 2.3125 2.3125 2.0625 2.0625 2.0625 2.125 2.125 2.125 2.125 2.125 1.5 1.5 1 1 1 1.125 1.125 2.125 2.125 2.125 1.4375 1.4375 0.625 0.625 0.625 0.25 0.25 0.1875 0.1875 0.1875 0.3125 0.3125 0.3125 0.3125 0.3125 0.3125 0.3125 0.125 0.125 0.125 0.125 0.125 0.1875 0.1875 0.1875 0.25 0.25 0.125 0.125 0.125 0.0625 0.0625 0.0625 0.0625 0.0625 0 0 0 0 0 0 0 0 0 0 0 0 0 0 0 0 0 0 0 0 0 0 0 0 0 0 0 0 0 0 0 0 0 0 0 0
0.6875 0.6875 0.9375 0.9375 0.9375 1 1 0.75 0.75 0.75 1.0625 1.0625 1.5625 1.5625 1.5625 2.875 2.875 3.875 3.875 3.875 5.3125 5.3125 5.125 5.125 5.125 3.1875 3.1875 2.9375 2.9375 2.9375 2 2 1.8125 1.8125 1.8125 1.8125 1.8125 1.125 1.125 1.125 0.5625 0.5625 0.75 0.75 0.75 0.375 0.375 0.1875 0.1875 0.1875 0.1875 0.1875 0.125 0.125 0.125 0.125 0.125 0.125 0.125 0.125 0.0625 0.0625 0.0625 0.0625 0.0625 0.0625 0.0625 0 0 0 0 0 0 0 0 0 0 0 0 0 0 0 0 0 0 0 0 0 0 0 0 0 0 0 0 0
0.6875 0.6875 0.9375 0.9375 0.9375 1 1 0.75 0.75 0.75 1.0625 1.0625 1.5625 1.5625 1.5625 2.875 2.875 3.875 3.875 3.875 5.3125 5.3125 5.125 5.125 5.125 3.1875 3.1875 2.9375 2.9375 2.9375 2 2 1.8125 1.8125 1.8125 1.8125 1.8125 1.125 1.125 1.125 0.5625 0.5625 0.75 0.75 0.75 0.375 0.375 0.1875 0.1875 0.1875 0.1875 0.1875 0.125 0.125 0.125 0.125 0.125 0.125 0.125 0.125 0.0625 0.0625 0.0625 0.0625 0.0625 0.0625 0.0625 0 0 0 0 0 0 0 0 0 0 0 0 0 0 0 0 0 0 0 0 0 0 0 0 0 0 0 0 0
0.6875 0.6875 0.9375 0.9375 0.9375 1 1 0.75 0.75 0.75 1.0625 1.0625 1.5625 1.5625 1.5625 2.875 2.875 3.875 3.875 3.875 5.3125 5.3125 5.125 5.125 5.125 3.1875 3.1875 2.9375 2.9375 2.9375 2 2 1.8125 1.8125 1.8125 1.8125 1.8125 1.125 1.125 1.125 0.5625 0.5625 0.75 0.75 0.75 0.375 0.375 0.1875 0.1875 0.1875 0.1875 0.1875 0.125 0.125 0.125 0.125 0.125 0.125 0.125 0.125 0.0625 0.0625 0.0625 0.0625 0.0625 0.0625 0.0625 0 0 0 0 0 0 0 0 0 0 0 0 0 0 0 0 0 0 0 0 0 0 0 0 0 0 0 0 0
0.375 0.375 0.5625 0.5625 0.5625 0.875 0.875 1.4375 1.4375 1.4375 2.25 2.25 5 5 5 7.25 7.25 7.125 7.125 7.125 7.875 7.875 7.9375 7.9375 7.9375 7.9375 7.9375 8.1875 8.1875 8.1875 6.125 6.125 5.375 5.375 5.375 3.5 3.5 1.0625 1.0625 1.0625 0.8125 0.8125 1.125 1.125 1.125 0.375 0.375 0.25 0.25 0.25 0.1875 0.1875 0.1875 0.1875 0.1875 0.125 0.125 0.25 0.25 0.25 0.1875 0.1875 0.0625 0.0625 0.0625 0 0 0 0 0 0 0 0 0 0 0 0 0 0 0 0 0 0 0 0 0 0 0 0 0 0 0 0 0 0 0
0.375 0.375 0.5625 0.5625 0.5625 0.875 0.875 1.4375 1.4375 1.4375 2.25 2.25 5 5 5 7.25 7.25 7.125 7.125 7.125 7.875 7.875 7.9375 7.9375 7.9375 7.9375 7.9375 8.1875 8.1875 8.1875 6.125 6.125 5.375 5.375 5.375 3.5 3.5 1.0625 1.0625 1.0625 0.8125 0.8125 1.125 1.125 1.125 0.375 0.375 0.25 0.25 0.25 0.1875 0.1875 0.1875 0.1875 0.1875 0.125 0.125 0.25 0.25 0.25 0.1875 0.1875 0.0625 0.0625 0.0625 0 0 0 0 0 0 0 0 0 0 0 0 0 0 0 0 0 0 0 0 0 0 0 0 0 0 0 0 0 0 0
1 1 1.4375 1.4375 1.4375 2.625 2.625 2.9375 2.9375 2.9375 5.4375 5.4375 8.5 8.5 8.5 8.125 8.125 6 6 6 4.6875 4.6875 4 4 4 4.4375 4.4375 4.8125 4.8125 4.8125 6.1875 6.1875 5.6875 5.6875 5.6875 3.4375 3.4375 1.0625 1.0625 1.0625 1.3125 1.3125 0.9375 0.9375 0.9375 0.3125 0.3125 0.1875 0.1875 0.1875 0.1875 0.1875 0.1875 0.1875 0.1875 0.1875 0.1875 0.1875 0.1875 0.1875 0.125 0.125 0 0 0 0 0 0 0 0 0 0 0 0 0 0 0 0 0 0 0 0 0 0 0 0 0 0 0 0 0 0 0 0 0 0
1 1 1.4375 1.4375 1.4375 2.625 2.625 2.9375 2.9375 2.9375 5.4375 5.4375 8.5 8.5 8.5 8.125 8.125 6 6 6 4.6875 4.6875 4 4 4 4.4375 4.4375 4.8125 4.8125 4.8125 6.1875 6.1875 5.6875 5.6875 5.6875 3.4375 3.4375 1.0625 1.0625 1.0625 1.3125 1.3125 0.9375 0.9375 0.9375 0.3125 0.3125 0.1875 0.1875 0.1875 0.1875 0.1875 0.1875 0.1875 0.1875 0.1875 0.1875 0.1875 0.1875 0.1875 0.125 0.125 0 0 0 0 0 0 0 0 0 0 0 0 0 0 0 0 0 0 0 0 0 0 0 0 0 0 0 0 0 0 0 0 0 0
1 1 1.4375 1.4375 1.4375 2.625 2.625 2.9375 2.9375 2.9375 5.4375 5.4375 8.5 8.5 8.5 8.125 8.125 6 6 6 4.6875 4.6875 4 4 4 4.4375 4.4375 4.8125 4.8125 4.8125 6.1875 6.1875 5.6875 5.6875 5.6875 3.4375 3.4375 1.0625 1.0625 1.0625 1.3125 1.3125 0.9375 0.9375 0.9375 0.3125 0.3125 0.1875 0.1875 0.1875 0.1875 0.1875 0.1875 0.1875 0.1875 0.1875 0.1875 0.1875 0.1875 0.1875 0.125 0.125 0 0 0 0 0 0 0 0 0 0 0 0 0 0 0 0 0 0 0 0 0 0 0 0 0 0 0 0 0 0 0 0 0 0
2.375 2.375 3.125 3.125 3.125 4.6875 4.6875 5.5625 5.5625 5.5625 9.5 9.5 10.75 10.75 10.75 11.375 11.375 11.4375 11.4375 11.4375 6.25 6.25 4.5 4.5 4.5 4.5 4.5 3.8125 3.8125 3.8125 4.1875 4.1875 4.4375 4.4375 4.4375 2.25 2.25 1.0625 1.0625 1.0625 0.8125 0.8125 0.375 0.375 0.375 0.3125 0.3125 0.1875 0.1875 0.1875 0.125 0.125 0.125 0.125 0.125 0.125 0.125 0.0625 0.0625 0.0625 0 0 0 0 0 0 0 0 0 0 0 0 0 0 0 0 0 0 0 0 0 0 0 0 0 0 0 0 0 0 0 0 0 0 0 0
2.375 2.375 3.125 3.125 3.125 4.6875 4.6875 5.5625 5.5625 5.5625 9.5 9.5 10.75 10.75 10.75 11.375 11.375 11.4375 11.4375 11.4375 6.25 6.25 4.5 4.5 4.5 4.5 4.5 3.8125 3.8125 3.8125 4.1875 4.1875 4.4375 4.4375 4.4375 2.25 2.25 1.0625 1.0625 1.0625 0.8125 0.8125 0.375 0.375 0.375 0.3125 0.3125 0.1875 0.1875 0.1875 0.125 0.125 0.125 0.125 0.125 0.125 0.125 0.0625 0.0625 0.0625 0 0 0 0 0 0 0 0 0 0 0 0 0 0 0 0 0 0 0 0 0 0 0 0 0 0 0 0 0 0 0 0 0 0 0 0
4 4 5.3125 5.3125 5.3125 8 8 9.75 9.75 9.75 10.6875 10.6875 9.5625 9.5625 9.5625 10.875 10.875 9.9375 9.9375 9.9375 4.9375 4.9375 2.6875 2.6875 2.6875 1.875 1.875 1.125 1.125 1.125 1.4375 1.4375 1.6875 1.6875 1.6875 1.1875 1.1875 0.625 0.625 0.625 0.25 0.25 0.25 0.25 0.25 0.4375 0.4375 0.25 0.25 0.25 0.125 0.125 0.0625 0.0625 0.0625 0.0625 0.0625 0.0625 0.0625 0.0625 0.0625 0.0625 0.0625 0.0625 0.0625 0 0 0 0 0 0 0 0 0 0 0 0 0 0 0 0 0 0 0 0 0 0 0 0 0 0 0 0 0 0 0
4 4 5.3125 5.3125 5.3125 8 8 9.75 9.75 9.75 10.6875 10.6875 9.5625 9.5625 9.5625 10.875 10.875 9.9375 9.9375 9.9375 4.9375 4.9375 2.6875 2.6875 2.6875 1.875 1.875 1.125 1.125 1.125 1.4375 1.4375 1.6875 1.6875 1.6875 1.1875 1.1875 0.625 0.625 0.625 0.25 0.25 0.25 0.25 0.25 0.4375 0.4375 0.25 0.25 0.25 0.125 0.125 0.0625 0.0625 0.0625 0.0625 0.0625 0.0625 0.0625 0.0625 0.0625 0.0625 0.0625 0.0625 0.0625 0 0 0 0 0 0 0 0 0 0 0 0 0 0 0 0 0 0 0 0 0 0 0 0 0 0 0 0 0 0 0
4 4 5.3125 5.3125 5.3125 8 8 9.75 9.75 9.75 10.6875 10.6875 9.5625 9.5625 9.5625 10.875 10.875 9.9375 9.9375 9.9375 4.9375 4.9375 2.6875 2.6875 2.6875 1.875 1.875 1.125 1.125 1.125 1.4375 1.4375 1.6875 1.6875 1.6875 1.1875 1.1875 0.625 0.625 0.625 0.25 0.25 0.25 0.25 0.25 0.4375 0.4375 0.25 0.25 0.25 0.125 0.125 0.0625 0.0625 0.0625 0.0625 0.0625 0.0625 0.0625 0.0625 0.0625 0.0625 0.0625 0.0625 0.0625 0 0 0 0 0 0 0 0 0 0 0 0 0 0 0 0 0 0 0 0 0 0 0 0 0 0 0 0 0 0 0
6.875 6.875 7.9375 7.9375 7.9375 8.8125 8.8125 9.9375 9.9375 9.9375 9.8125 9.8125 8.75 8.75 8.75 9.3125 9.3125 8.9375 8.9375 8.9375 6.0625 6.0625 3.625 3.625 3.625 2.375 2.375 1.375 1.375 1.375 0.875 0.875 0.6875 0.6875 0.6875 0.6875 0.6875 0.6875 0.6875 0.6875 0.625 0.625 0.75 0.75 0.75 0.6875 0.6875 0.25 0.25 0.25 0.125 0.125 0.125 0.125 0.125 0.125 0.125 0.0625 0.0625 0.0625 0.0625 0.0625 0.0625 0.0625 0.0625 0 0 0 0 0 0 0 0 0 0 0 0 0 0 0 0 0 0 0 0 0 0 0 0 0 0 0 0 0 0 0
