Data/APCP/20200108.L2.apcp.gfs.pakistan.txt
ncols    	169
nrows    	134
xllcorner	60.9
yllcorner	23.7
cellsize 	0.1
NODATA_value  -9999
[rows 28 to 55 of 134, columns 0 to 62 of 169]
1.242188 1.242188 1.601562 1.601562 1.601562 1.296875 1.296875 1.421875 1.421875 1.421875 1.226562 1.226562 0.648438 0.648438 0.648438 0.390625 0.390625 0.265625 0.265625 0.265625 0.226562 0.226562 0.148438 0.148438 0.148438 0.070312 0.070312 0.062500 0.062500 0.062500 0.046875 0.046875 0.039062 0.039062 0.039062 0.023438 0.023438 0.015625 0.015625 0.015625 0.015625 0.015625 0.023438 0.023438 0.023438 0.007812 0.007812 0.007812 0.007812 0.007812 0.007812 0.007812 0.000000 0.000000 0.000000 0.000000 0.000000 0.000000 0.000000 0.000000 0.000000 0.000000 0.000000
1.242188 1.242188 1.601562 1.601562 1.601562 1.296875 1.296875 1.421875 1.421875 1.421875 1.226562 1.226562 0.648438 0.648438 0.648438 0.390625 0.390625 0.265625 0.265625 0.265625 0.226562 0.226562 0.148438 0.148438 0.148438 0.070312 0.070312 0.062500 0.062500 0.062500 0.046875 0.046875 0.039062 0.039062 0.039062 0.023438 0.023438 0.015625 0.015625 0.015625 0.015625 0.015625 0.023438 0.023438 0.023438 0.007812 0.007812 0.007812 0.007812 0.007812 0.007812 0.007812 0.000000 0.000000 0.000000 0.000000 0.000000 0.000000 0.000000 0.000000 0.000000 0.000000 0.000000
0.898438 0.898438 1.218750 1.218750 1.218750 1.414062 1.414062 1.289062 1.289062 1.289062 0.687500 0.687500 0.367188 0.367188 0.367188 0.250000 0.250000 0.265625 0.265625 0.265625 0.140625 0.140625 0.031250 0.031250 0.031250 0.023438 0.023438 0.015625 0.015625 0.015625 0.000000 0.000000 0.000000 0.000000 0.000000 0.000000 0.000000 0.007812 0.007812 0.007812 0.007812 0.007812 0.007812 0.007812 0.007812 0.007812 0.007812 0.007812 0.007812 0.007812 0.000000 0.000000 0.000000 0.000000 0.000000 0.000000 0.000000 0.000000 0.000000 0.000000 0.000000 0.000000 0.000000
0.898438 0.898438 1.218750 1.218750 1.218750 1.414062 1.414062 1.289062 1.289062 1.289062 0.687500 0.687500 0.367188 0.367188 0.367188 0.250000 0.250000 0.265625 0.265625 0.265625 0.140625 0.140625 0.031250 0.031250 0.031250 0.023438 0.023438 0.015625 0.015625 0.015625 0.000000 0.000000 0.000000 0.000000 0.000000 0.000000 0.000000 0.007812 0.007812 0.007812 0.007812 0.007812 0.007812 0.007812 0.007812 0.007812 0.007812 0.007812 0.007812 0.007812 0.000000 0.000000 0.000000 0.000000 0.000000 0.000000 0.000000 0.000000 0.000000 0.000000 0.000000 0.000000 0.000000
1.132812 1.132812 1.390625 1.390625 1.390625 1.304688 1.304688 1.210938 1.210938 1.210938 1.000000 1.000000 0.648438 0.648438 0.648438 0.421875 0.421875 0.398438 0.398438 0.398438 0.226562 0.226562 0.203125 0.203125 0.203125 0.171875 0.171875 0.070312 0.070312 0.070312 0.023438 0.023438 0.015625 0.015625 0.015625 0.023438 0.023438 0.023438 0.023438 0.023438 0.023438 0.023438 0.007812 0.007812 0.007812 0.007812 0.007812 0.007812 0.007812 0.007812 0.007812 0.007812 0.007812 0.007812 0.007812 0.000000 0.000000 0.000000 0.000000 0.000000 0.000000 0.000000 0.000000
1.132812 1.132812 1.390625 1.390625 1.390625 1.304688 1.304688 1.210938 1.210938 1.210938 1.000000 1.000000 0.648438 0.648438 0.648438 0.421875 0.421875 0.398438 0.398438 0.398438 0.226562 0.226562 0.203125 0.203125 0.203125 0.171875 0.171875 0.070312 0.070312 0.070312 0.023438 0.023438 0.015625 0.015625 0.015625 0.023438 0.023438 0.023438 0.023438 0.023438 0.023438 0.023438 0.007812 0.007812 0.007812 0.007812 0.007812 0.007812 0.007812 0.007812 0.007812 0.007812 0.007812 0.007812 0.007812 0.000000 0.000000 0.000000 0.000000 0.000000 0.000000 0.000000 0.000000
1.132812 1.132812 1.390625 1.390625 1.390625 1.304688 1.304688 1.210938 1.210938 1.210938 1.000000 1.000000 0.648438 0.648438 0.648438 0.421875 0.421875 0.398438 0.398438 0.398438 0.226562 0.226562 0.203125 0.203125 0.203125 0.171875 0.171875 0.070312 0.070312 0.070312 0.023438 0.023438 0.015625 0.015625 0.015625 0.023438 0.023438 0.023438 0.023438 0.023438 0.023438 0.023438 0.007812 0.007812 0.007812 0.007812 0.007812 0.007812 0.007812 0.007812 0.007812 0.007812 0.007812 0.007812 0.007812 0.000000 0.000000 0.000000 0.000000 0.000000 0.000000 0.000000 0.000000
0.781250 0.781250 0.593750 0.593750 0.593750 0.585938 0.585938 0.656250 0.656250 0.656250 0.820312 0.820312 0.734375 0.734375 0.734375 0.492188 0.492188 0.289062 0.289062 0.289062 0.265625 0.265625 0.421875 0.421875 0.421875 0.250000 0.250000 0.109375 0.109375 0.109375 0.039062 0.039062 0.031250 0.031250 0.031250 0.046875 0.046875 0.046875 0.046875 0.046875 0.039062 0.039062 0.015625 0.015625 0.015625 0.015625 0.015625 0.023438 0.023438 0.023438 0.031250 0.031250 0.015625 0.015625 0.015625 0.007812 0.007812 0.007812 0.007812 0.007812 0.000000 0.000000 0.000000
0.781250 0.781250 0.593750 0.593750 0.593750 0.585938 0.585938 0.656250 0.656250 0.656250 0.820312 0.820312 0.734375 0.734375 0.734375 0.492188 0.492188 0.289062 0.289062 0.289062 0.265625 0.265625 0.421875 0.421875 0.421875 0.250000 0.250000 0.109375 0.109375 0.109375 0.039062 0.039062 0.031250 0.031250 0.031250 0.046875 0.046875 0.046875 0.046875 0.046875 0.039062 0.039062 0.015625 0.015625 0.015625 0.015625 0.015625 0.023438 0.023438 0.023438 0.031250 0.031250 0.015625 0.015625 0.015625 0.007812 0.007812 0.007812 0.007812 0.007812 0.000000 0.000000 0.000000
0.226562 0.226562 0.312500 0.312500 0.312500 0.367188 0.367188 0.359375 0.359375 0.359375 0.375000 0.375000 0.343750 0.343750 0.343750 0.515625 0.515625 0.703125 0.703125 0.703125 0.976562 0.976562 0.914062 0.914062 0.914062 0.539062 0.539062 0.460938 0.460938 0.460938 0.304688 0.304688 0.265625 0.265625 0.265625 0.242188 0.242188 0.140625 0.140625 0.140625 0.070312 0.070312 0.093750 0.093750 0.093750 0.046875 0.046875 0.023438 0.023438 0.023438 0.023438 0.023438 0.015625 0.015625 0.015625 0.015625 0.015625 0.015625 0.015625 0.015625 0.007812 0.007812 0.007812
0.226562 0.226562 0.312500 0.312500 0.312500 0.367188 0.367188 0.359375 0.359375 0.359375 0.375000 0.375000 0.343750 0.343750 0.343750 0.515625 0.515625 0.703125 0.703125 0.703125 0.976562 0.976562 0.914062 0.914062 0.914062 0.539062 0.539062 0.460938 0.460938 0.460938 0.304688 0.304688 0.265625 0.265625 0.265625 0.242188 0.242188 0.140625 0.140625 0.140625 0.070312 0.070312 0.093750 0.093750 0.093750 0.046875 0.046875 0.023438 0.023438 0.023438 0.023438 0.023438 0.015625 0.015625 0.015625 0.015625 0.015625 0.015625 0.015625 0.015625 0.007812 0.007812 0.007812
0.226562 0.226562 0.312500 0.312500 0.312500 0.367188 0.367188 0.359375 0.359375 0.359375 0.375000 0.375000 0.343750 0.343750 0.343750 0.515625 0.515625 0.703125 0.703125 0.703125 0.976562 0.976562 0.914062 0.914062 0.914062 0.539062 0.539062 0.460938 0.460938 0.460938 0.304688 0.304688 0.265625 0.265625 0.265625 0.242188 0.242188 0.140625 0.140625 0.140625 0.070312 0.070312 0.093750 0.093750 0.093750 0.046875 0.046875 0.023438 0.023438 0.023438 0.023438 0.023438 0.015625 0.015625 0.015625 0.015625 0.015625 0.015625 0.015625 0.015625 0.007812 0.007812 0.007812
0.234375 0.234375 0.250000 0.250000 0.250000 0.273438 0.273438 0.414062 0.414062 0.414062 0.507812 0.507812 0.898438 0.898438 0.898438 1.289062 1.289062 1.406250 1.406250 1.406250 1.593750 1.593750 1.570312 1.570312 1.570312 1.468750 1.468750 1.429688 1.429688 1.429688 1.015625 1.015625 0.804688 0.804688 0.804688 0.476562 0.476562 0.140625 0.140625 0.140625 0.101562 0.101562 0.140625 0.140625 0.140625 0.046875 0.046875 0.031250 0.031250 0.031250 0.023438 0.023438 0.023438 0.023438 0.023438 0.015625 0.015625 0.031250 0.031250 0.031250 0.023438 0.023438 0.007812
0.234375 0.234375 0.250000 0.250000 0.250000 0.273438 0.273438 0.414062 0.414062 0.414062 0.507812 0.507812 0.898438 0.898438 0.898438 1.289062 1.289062 1.406250 1.406250 1.406250 1.593750 1.593750 1.570312 1.570312 1.570312 1.468750 1.468750 1.429688 1.429688 1.429688 1.015625 1.015625 0.804688 0.804688 0.804688 0.476562 0.476562 0.140625 0.140625 0.140625 0.101562 0.101562 0.140625 0.140625 0.140625 0.046875 0.046875 0.031250 0.031250 0.031250 0.023438 0.023438 0.023438 0.023438 0.023438 0.015625 0.015625 0.031250 0.031250 0.031250 0.023438 0.023438 0.007812
0.398438 0.398438 0.437500 0.437500 0.437500 0.726562 0.726562 0.773438 0.773438 0.773438 1.093750 1.093750 1.531250 1.531250 1.531250 1.515625 1.515625 1.250000 1.250000 1.250000 1.078125 1.078125 0.921875 0.921875 0.921875 0.968750 0.968750 0.921875 0.921875 0.921875 1.031250 1.031250 0.835938 0.835938 0.835938 0.468750 0.468750 0.140625 0.140625 0.140625 0.171875 0.171875 0.125000 0.125000 0.125000 0.039062 0.039062 0.023438 0.023438 0.023438 0.023438 0.023438 0.023438 0.023438 0.023438 0.023438 0.023438 0.023438 0.023438 0.023438 0.015625 0.015625 0.000000
0.398438 0.398438 0.437500 0.437500 0.437500 0.726562 0.726562 0.773438 0.773438 0.773438 1.093750 1.093750 1.531250 1.531250 1.531250 1.515625 1.515625 1.250000 1.250000 1.250000 1.078125 1.078125 0.921875 0.921875 0.921875 0.968750 0.968750 0.921875 0.921875 0.921875 1.031250 1.031250 0.835938 0.835938 0.835938 0.468750 0.468750 0.140625 0.140625 0.140625 0.171875 0.171875 0.125000 0.125000 0.125000 0.039062 0.039062 0.023438 0.023438 0.023438 0.023438 0.023438 0.023438 0.023438 0.023438 0.023438 0.023438 0.023438 0.023438 0.023438 0.015625 0.015625 0.000000
0.398438 0.398438 0.437500 0.437500 0.437500 0.726562 0.726562 0.773438 0.773438 0.773438 1.093750 1.093750 1.531250 1.531250 1.531250 1.515625 1.515625 1.250000 1.250000 1.250000 1.078125 1.078125 0.921875 0.921875 0.921875 0.968750 0.968750 0.921875 0.921875 0.921875 1.031250 1.031250 0.835938 0.835938 0.835938 0.468750 0.468750 0.140625 0.140625 0.140625 0.171875 0.171875 0.125000 0.125000 0.125000 0.039062 0.039062 0.023438 0.023438 0.023438 0.023438 0.023438 0.023438 0.023438 0.023438 0.023438 0.023438 0.023438 0.023438 0.023438 0.015625 0.015625 0.000000
0.695312 0.695312 0.937500 0.937500 0.937500 1.218750 1.218750 1.257812 1.257812 1.257812 1.859375 1.859375 2.179688 2.179688 2.179688 2.429688 2.429688 2.468750 2.468750 2.468750 1.437500 1.437500 1.062500 1.062500 1.062500 1.046875 1.046875 0.804688 0.804688 0.804688 0.773438 0.773438 0.718750 0.718750 0.718750 0.312500 0.312500 0.132812 0.132812 0.132812 0.101562 0.101562 0.046875 0.046875 0.046875 0.039062 0.039062 0.023438 0.023438 0.023438 0.015625 0.015625 0.015625 0.015625 0.015625 0.015625 0.015625 0.007812 0.007812 0.007812 0.000000 0.000000 0.000000
0.695312 0.695312 0.937500 0.937500 0.937500 1.218750 1.218750 1.257812 1.257812 1.257812 1.859375 1.859375 2.179688 2.179688 2.179688 2.429688 2.429688 2.468750 2.468750 2.468750 1.437500 1.437500 1.062500 1.062500 1.062500 1.046875 1.046875 0.804688 0.804688 0.804688 0.773438 0.773438 0.718750 0.718750 0.718750 0.312500 0.312500 0.132812 0.132812 0.132812 0.101562 0.101562 0.046875 0.046875 0.046875 0.039062 0.039062 0.023438 0.023438 0.023438 0.015625 0.015625 0.015625 0.015625 0.015625 0.015625 0.015625 0.007812 0.007812 0.007812 0.000000 0.000000 0.000000
1.539062 1.539062 1.601562 1.601562 1.601562 1.843750 1.843750 1.976562 1.976562 1.976562 2.117188 2.117188 2.125000 2.125000 2.125000 2.523438 2.523438 2.195312 2.195312 2.195312 1.054688 1.054688 0.570312 0.570312 0.570312 0.398438 0.398438 0.226562 0.226562 0.226562 0.242188 0.242188 0.257812 0.257812 0.257812 0.156250 0.156250 0.078125 0.078125 0.078125 0.031250 0.031250 0.031250 0.031250 0.031250 0.054688 0.054688 0.031250 0.031250 0.031250 0.015625 0.015625 0.007812 0.007812 0.007812 0.007812 0.007812 0.007812 0.007812 0.007812 0.007812 0.007812 0.007812
1.539062 1.539062 1.601562 1.601562 1.601562 1.843750 1.843750 1.976562 1.976562 1.976562 2.117188 2.117188 2.125000 2.125000 2.125000 2.523438 2.523438 2.195312 2.195312 2.195312 1.054688 1.054688 0.570312 0.570312 0.570312 0.398438 0.398438 0.226562 0.226562 0.226562 0.242188 0.242188 0.257812 0.257812 0.257812 0.156250 0.156250 0.078125 0.078125 0.078125 0.031250 0.031250 0.031250 0.031250 0.031250 0.054688 0.054688 0.031250 0.031250 0.031250 0.015625 0.015625 0.007812 0.007812 0.007812 0.007812 0.007812 0.007812 0.007812 0.007812 0.007812 0.007812 0.007812
1.539062 1.539062 1.601562 1.601562 1.601562 1.843750 1.843750 1.976562 1.976562 1.976562 2.117188 2.117188 2.125000 2.125000 2.125000 2.523438 2.523438 2.195312 2.195312 2.195312 1.054688 1.054688 0.570312 0.570312 0.570312 0.398438 0.398438 0.226562 0.226562 0.226562 0.242188 0.242188 0.257812 0.257812 0.257812 0.156250 0.156250 0.078125 0.078125 0.078125 0.031250 0.031250 0.031250 0.031250 0.031250 0.054688 0.054688 0.031250 0.031250 0.031250 0.015625 0.015625 0.007812 0.007812 0.007812 0.007812 0.007812 0.007812 0.007812 0.007812 0.007812 0.007812 0.007812
3.015625 3.015625 2.664062 2.664062 2.664062 2.210938 2.210938 2.179688 2.179688 2.179688 2.085938 2.085938 1.968750 1.968750 1.968750 2.109375 2.109375 1.937500 1.937500 1.937500 1.187500 1.187500 0.648438 0.648438 0.648438 0.390625 0.390625 0.195312 0.195312 0.195312 0.117188 0.117188 0.093750 0.093750 0.093750 0.085938 0.085938 0.085938 0.085938 0.085938 0.078125 0.078125 0.093750 0.093750 0.093750 0.085938 0.085938 0.031250 0.031250 0.031250 0.015625 0.015625 0.015625 0.015625 0.015625 0.015625 0.015625 0.007812 0.007812 0.007812 0.007812 0.007812 0.007812
3.015625 3.015625 2.664062 2.664062 2.664062 2.210938 2.210938 2.179688 2.179688 2.179688 2.085938 2.085938 1.968750 1.968750 1.968750 2.109375 2.109375 1.937500 1.937500 1.937500 1.187500 1.187500 0.648438 0.648438 0.648438 0.390625 0.390625 0.195312 0.195312 0.195312 0.117188 0.117188 0.093750 0.093750 0.093750 0.085938 0.085938 0.085938 0.085938 0.085938 0.078125 0.078125 0.093750 0.093750 0.093750 0.085938 0.085938 0.031250 0.031250 0.031250 0.015625 0.015625 0.015625 0.015625 0.015625 0.015625 0.015625 0.007812 0.007812 0.007812 0.007812 0.007812 0.007812
4.171875 4.171875 2.851562 2.851562 2.851562 2.390625 2.390625 2.679688 2.679688 2.679688 2.398438 2.398438 1.906250 1.906250 1.906250 1.976562 1.976562 1.812500 1.812500 1.812500 1.210938 1.210938 0.867188 0.867188 0.867188 0.726562 0.726562 0.570312 0.570312 0.570312 0.328125 0.328125 0.195312 0.195312 0.195312 0.140625 0.140625 0.148438 0.148438 0.148438 0.164062 0.164062 0.148438 0.148438 0.148438 0.085938 0.085938 0.031250 0.031250 0.031250 0.007812 0.007812 0.007812 0.007812 0.007812 0.007812 0.007812 0.007812 0.007812 0.007812 0.007812 0.007812 0.000000
4.171875 4.171875 2.851562 2.851562 2.851562 2.390625 2.390625 2.679688 2.679688 2.679688 2.398438 2.398438 1.906250 1.906250 1.906250 1.976562 1.976562 1.812500 1.812500 1.812500 1.210938 1.210938 0.867188 0.867188 0.867188 0.726562 0.726562 0.570312 0.570312 0.570312 0.328125 0.328125 0.195312 0.195312 0.195312 0.140625 0.140625 0.148438 0.148438 0.148438 0.164062 0.164062 0.148438 0.148438 0.148438 0.085938 0.085938 0.031250 0.031250 0.031250 0.007812 0.007812 0.007812 0.007812 0.007812 0.007812 0.007812 0.007812 0.007812 0.007812 0.007812 0.007812 0.000000
4.171875 4.171875 2.851562 2.851562 2.851562 2.390625 2.390625 2.679688 2.679688 2.679688 2.398438 2.398438 1.906250 1.906250 1.906250 1.976562 1.976562 1.812500 1.812500 1.812500 1.210938 1.210938 0.867188 0.867188 0.867188 0.726562 0.726562 0.570312 0.570312 0.570312 0.328125 0.328125 0.195312 0.195312 0.195312 0.140625 0.140625 0.148438 0.148438 0.148438 0.164062 0.164062 0.148438 0.148438 0.148438 0.085938 0.085938 0.031250 0.031250 0.031250 0.007812 0.007812 0.007812 0.007812 0.007812 0.007812 0.007812 0.007812 0.007812 0.007812 0.007812 0.007812 0.000000
4.453125 4.453125 3.914062 3.914062 3.914062 3.320312 3.320312 3.367188 3.367188 3.367188 2.710938 2.710938 2.109375 2.109375 2.109375 2.203125 2.203125 1.828125 1.828125 1.828125 1.351562 1.351562 1.039062 1.039062 1.039062 1.007812 1.007812 0.984375 0.984375 0.984375 0.570312 0.570312 0.304688 0.304688 0.304688 0.187500 0.187500 0.117188 0.117188 0.117188 0.093750 0.093750 0.078125 0.078125 0.078125 0.031250 0.031250 0.007812 0.007812 0.007812 0.007812 0.007812 0.015625 0.015625 0.015625 0.007812 0.007812 0.015625 0.015625 0.015625 0.015625 0.015625 0.000000
