Data/APCP/20200108.L4.apcp.gfs.pakistan.txt
ncols    	169
nrows    	134
xllcorner	60.9
yllcorner	23.7
cellsize 	0.1
NODATA_value  -9999
[rows 0 to 27 of 134, columns 63 to 125 of 169]
0.187500 0.187500 0.312500 0.312500 0.570312 0.570312 0.570312 0.914062 0.914062 0.804688 0.804688 0.804688 0.609375 0.609375 0.765625 0.765625 0.765625 0.992188 0.992188 0.859375 0.859375 0.859375 1.000000 1.000000 1.054688 1.054688 1.054688 0.492188 0.492188 0.679688 0.679688 0.679688 0.609375 0.609375 0.710938 0.710938 0.710938 0.640625 0.640625 0.156250 0.156250 0.156250 0.109375 0.109375 0.453125 0.453125 0.453125 0.859375 0.859375 0.625000 0.625000 0.625000 0.390625 0.390625 0.523438 0.523438 0.523438 0.906250 0.906250 1.375000 1.375000 1.375000 1.445312
0.187500 0.187500 0.312500 0.312500 0.570312 0.570312 0.570312 0.914062 0.914062 0.804688 0.804688 0.804688 0.609375 0.609375 0.765625 0.765625 0.765625 0.992188 0.992188 0.859375 0.859375 0.859375 1.000000 1.000000 1.054688 1.054688 1.054688 0.492188 0.492188 0.679688 0.679688 0.679688 0.609375 0.609375 0.710938 0.710938 0.710938 0.640625 0.640625 0.156250 0.156250 0.156250 0.109375 0.109375 0.453125 0.453125 0.453125 0.859375 0.859375 0.625000 0.625000 0.625000 0.390625 0.390625 0.523438 0.523438 0.523438 0.906250 0.906250 1.375000 1.375000 1.375000 1.445312
0.406250 0.406250 0.554688 0.554688 0.656250 0.656250 0.656250 0.507812 0.507812 0.546875 0.546875 0.546875 0.648438 0.648438 0.742188 0.742188 0.742188 1.164062 1.164062 1.125000 1.125000 1.125000 0.820312 0.820312 1.000000 1.000000 1.000000 0.804688 0.804688 0.812500 0.812500 0.812500 0.703125 0.703125 0.765625 0.765625 0.765625 0.578125 0.578125 0.062500 0.062500 0.062500 0.023438 0.023438 0.210938 0.210938 0.210938 0.414062 0.414062 0.929688 0.929688 0.929688 1.617188 1.617188 1.757812 1.757812 1.757812 1.804688 1.804688 1.492188 1.492188 1.492188 1.898438
0.406250 0.406250 0.554688 0.554688 0.656250 0.656250 0.656250 0.507812 0.507812 0.546875 0.546875 0.546875 0.648438 0.648438 0.742188 0.742188 0.742188 1.164062 1.164062 1.125000 1.125000 1.125000 0.820312 0.820312 1.000000 1.000000 1.000000 0.804688 0.804688 0.812500 0.812500 0.812500 0.703125 0.703125 0.765625 0.765625 0.765625 0.578125 0.578125 0.062500 0.062500 0.062500 0.023438 0.023438 0.210938 0.210938 0.210938 0.414062 0.414062 0.929688 0.929688 0.929688 1.617188 1.617188 1.757812 1.757812 1.757812 1.804688 1.804688 1.492188 1.492188 1.492188 1.898438
0.406250 0.406250 0.554688 0.554688 0.656250 0.656250 0.656250 0.507812 0.507812 0.546875 0.546875 0.546875 0.648438 0.648438 0.742188 0.742188 0.742188 1.164062 1.164062 1.125000 1.125000 1.125000 0.820312 0.820312 1.000000 1.000000 1.000000 0.804688 0.804688 0.812500 0.812500 0.812500 0.703125 0.703125 0.765625 0.765625 0.765625 0.578125 0.578125 0.062500 0.062500 0.062500 0.023438 0.023438 0.210938 0.210938 0.210938 0.414062 0.414062 0.929688 0.929688 0.929688 1.617188 1.617188 1.757812 1.757812 1.757812 1.804688 1.804688 1.492188 1.492188 1.492188 1.898438
1.632812 1.632812 1.609375 1.609375 0.984375 0.984375 0.984375 0.445312 0.445312 0.765625 0.765625 0.765625 0.828125 0.828125 0.718750 0.718750 0.718750 1.070312 1.070312 1.046875 1.046875 1.046875 0.960938 0.960938 0.718750 0.718750 0.718750 0.523438 0.523438 0.546875 0.546875 0.546875 0.484375 0.484375 0.562500 0.562500 0.562500 0.390625 0.390625 0.093750 0.093750 0.093750 0.257812 0.257812 0.500000 0.500000 0.500000 1.218750 1.218750 1.992188 1.992188 1.992188 2.703125 2.703125 2.203125 2.203125 2.203125 1.804688 1.804688 2.078125 2.078125 2.078125 2.195312
1.632812 1.632812 1.609375 1.609375 0.984375 0.984375 0.984375 0.445312 0.445312 0.765625 0.765625 0.765625 0.828125 0.828125 0.718750 0.718750 0.718750 1.070312 1.070312 1.046875 1.046875 1.046875 0.960938 0.960938 0.718750 0.718750 0.718750 0.523438 0.523438 0.546875 0.546875 0.546875 0.484375 0.484375 0.562500 0.562500 0.562500 0.390625 0.390625 0.093750 0.093750 0.093750 0.257812 0.257812 0.500000 0.500000 0.500000 1.218750 1.218750 1.992188 1.992188 1.992188 2.703125 2.703125 2.203125 2.203125 2.203125 1.804688 1.804688 2.078125 2.078125 2.078125 2.195312
2.031250 2.031250 0.843750 0.843750 0.234375 0.234375 0.234375 0.257812 0.257812 0.664062 0.664062 0.664062 1.000000 1.000000 0.351562 0.351562 0.351562 0.320312 0.320312 0.414062 0.414062 0.414062 0.343750 0.343750 0.195312 0.195312 0.195312 0.242188 0.242188 0.296875 0.296875 0.296875 0.414062 0.414062 0.406250 0.406250 0.406250 0.578125 0.578125 1.265625 1.265625 1.265625 2.187500 2.187500 1.843750 1.843750 1.843750 1.843750 1.843750 1.781250 1.781250 1.781250 2.140625 2.140625 1.687500 1.687500 1.687500 1.859375 1.859375 1.804688 1.804688 1.804688 1.132812
2.031250 2.031250 0.843750 0.843750 0.234375 0.234375 0.234375 0.257812 0.257812 0.664062 0.664062 0.664062 1.000000 1.000000 0.351562 0.351562 0.351562 0.320312 0.320312 0.414062 0.414062 0.414062 0.343750 0.343750 0.195312 0.195312 0.195312 0.242188 0.242188 0.296875 0.296875 0.296875 0.414062 0.414062 0.406250 0.406250 0.406250 0.578125 0.578125 1.265625 1.265625 1.265625 2.187500 2.187500 1.843750 1.843750 1.843750 1.843750 1.843750 1.781250 1.781250 1.781250 2.140625 2.140625 1.687500 1.687500 1.687500 1.859375 1.859375 1.804688 1.804688 1.804688 1.132812
2.031250 2.031250 0.843750 0.843750 0.234375 0.234375 0.234375 0.257812 0.257812 0.664062 0.664062 0.664062 1.000000 1.000000 0.351562 0.351562 0.351562 0.320312 0.320312 0.414062 0.414062 0.414062 0.343750 0.343750 0.195312 0.195312 0.195312 0.242188 0.242188 0.296875 0.296875 0.296875 0.414062 0.414062 0.406250 0.406250 0.406250 0.578125 0.578125 1.265625 1.265625 1.265625 2.187500 2.187500 1.843750 1.843750 1.843750 1.843750 1.843750 1.781250 1.781250 1.781250 2.140625 2.140625 1.687500 1.687500 1.687500 1.859375 1.859375 1.804688 1.804688 1.804688 1.132812
1.546875 1.546875 0.820312 0.820312 0.453125 0.453125 0.453125 0.453125 0.453125 0.632812 0.632812 0.632812 0.984375 0.984375 0.390625 0.390625 0.390625 0.484375 0.484375 0.421875 0.421875 0.421875 0.187500 0.187500 0.140625 0.140625 0.140625 0.132812 0.132812 0.273438 0.273438 0.273438 0.398438 0.398438 0.351562 0.351562 0.351562 0.664062 0.664062 2.500000 2.500000 2.500000 3.296875 3.296875 2.937500 2.937500 2.937500 2.835938 2.835938 2.031250 2.031250 2.031250 2.156250 2.156250 1.914062 1.914062 1.914062 2.164062 2.164062 2.140625 2.140625 2.140625 1.500000
1.546875 1.546875 0.820312 0.820312 0.453125 0.453125 0.453125 0.453125 0.453125 0.632812 0.632812 0.632812 0.984375 0.984375 0.390625 0.390625 0.390625 0.484375 0.484375 0.421875 0.421875 0.421875 0.187500 0.187500 0.140625 0.140625 0.140625 0.132812 0.132812 0.273438 0.273438 0.273438 0.398438 0.398438 0.351562 0.351562 0.351562 0.664062 0.664062 2.500000 2.500000 2.500000 3.296875 3.296875 2.937500 2.937500 2.937500 2.835938 2.835938 2.031250 2.031250 2.031250 2.156250 2.156250 1.914062 1.914062 1.914062 2.164062 2.164062 2.140625 2.140625 2.140625 1.500000
1.375000 1.375000 1.015625 1.015625 0.679688 0.679688 0.679688 0.468750 0.468750 0.335938 0.335938 0.335938 1.046875 1.046875 0.859375 0.859375 0.859375 0.492188 0.492188 0.328125 0.328125 0.328125 0.265625 0.265625 0.367188 0.367188 0.367188 0.523438 0.523438 0.828125 0.828125 0.828125 1.132812 1.132812 1.265625 1.265625 1.265625 1.976562 1.976562 3.078125 3.078125 3.078125 3.265625 3.265625 3.617188 3.617188 3.617188 3.601562 3.601562 4.000000 4.000000 4.000000 5.140625 5.140625 4.898438 4.898438 4.898438 5.289062 5.289062 4.328125 4.328125 4.328125 2.906250
1.375000 1.375000 1.015625 1.015625 0.679688 0.679688 0.679688 0.468750 0.468750 0.335938 0.335938 0.335938 1.046875 1.046875 0.859375 0.859375 0.859375 0.492188 0.492188 0.328125 0.328125 0.328125 0.265625 0.265625 0.367188 0.367188 0.367188 0.523438 0.523438 0.828125 0.828125 0.828125 1.132812 1.132812 1.265625 1.265625 1.265625 1.976562 1.976562 3.078125 3.078125 3.078125 3.265625 3.265625 3.617188 3.617188 3.617188 3.601562 3.601562 4.000000 4.000000 4.000000 5.140625 5.140625 4.898438 4.898438 4.898438 5.289062 5.289062 4.328125 4.328125 4.328125 2.906250
1.375000 1.375000 1.015625 1.015625 0.679688 0.679688 0.679688 0.468750 0.468750 0.335938 0.335938 0.335938 1.046875 1.046875 0.859375 0.859375 0.859375 0.492188 0.492188 0.328125 0.328125 0.328125 0.265625 0.265625 0.367188 0.367188 0.367188 0.523438 0.523438 0.828125 0.828125 0.828125 1.132812 1.132812 1.265625 1.265625 1.265625 1.976562 1.976562 3.078125 3.078125 3.078125 3.265625 3.265625 3.617188 3.617188 3.617188 3.601562 3.601562 4.000000 4.000000 4.000000 5.140625 5.140625 4.898438 4.898438 4.898438 5.289062 5.289062 4.328125 4.328125 4.328125 2.906250
1.484375 1.484375 1.320312 1.320312 0.953125 0.953125 0.953125 0.414062 0.414062 0.187500 0.187500 0.187500 0.414062 0.414062 0.875000 0.875000 0.875000 0.992188 0.992188 0.953125 0.953125 0.953125 0.812500 0.812500 0.789062 0.789062 0.789062 0.921875 0.921875 1.968750 1.968750 1.968750 2.000000 2.000000 2.773438 2.773438 2.773438 3.562500 3.562500 3.796875 3.796875 3.796875 3.218750 3.218750 4.390625 4.390625 4.390625 5.148438 5.148438 4.703125 4.703125 4.703125 5.328125 5.328125 5.078125 5.078125 5.078125 5.390625 5.390625 4.187500 4.187500 4.187500 3.476562
1.484375 1.484375 1.320312 1.320312 0.953125 0.953125 0.953125 0.414062 0.414062 0.187500 0.187500 0.187500 0.414062 0.414062 0.875000 0.875000 0.875000 0.992188 0.992188 0.953125 0.953125 0.953125 0.812500 0.812500 0.789062 0.789062 0.789062 0.921875 0.921875 1.968750 1.968750 1.968750 2.000000 2.000000 2.773438 2.773438 2.773438 3.562500 3.562500 3.796875 3.796875 3.796875 3.218750 3.218750 4.390625 4.390625 4.390625 5.148438 5.148438 4.703125 4.703125 4.703125 5.328125 5.328125 5.078125 5.078125 5.078125 5.390625 5.390625 4.187500 4.187500 4.187500 3.476562
0.781250 0.781250 0.875000 0.875000 0.765625 0.765625 0.765625 0.406250 0.406250 0.273438 0.273438 0.273438 0.570312 0.570312 2.492188 2.492188 2.492188 4.101562 4.101562 2.453125 2.453125 2.453125 1.414062 1.414062 1.054688 1.054688 1.054688 2.132812 2.132812 2.578125 2.578125 2.578125 2.531250 2.531250 3.773438 3.773438 3.773438 4.000000 4.000000 4.070312 4.070312 4.070312 4.140625 4.140625 4.687500 4.687500 4.687500 5.234375 5.234375 5.851562 5.851562 5.851562 6.617188 6.617188 6.671875 6.671875 6.671875 6.531250 6.531250 6.093750 6.093750 6.093750 5.000000
0.781250 0.781250 0.875000 0.875000 0.765625 0.765625 0.765625 0.406250 0.406250 0.273438 0.273438 0.273438 0.570312 0.570312 2.492188 2.492188 2.492188 4.101562 4.101562 2.453125 2.453125 2.453125 1.414062 1.414062 1.054688 1.054688 1.054688 2.132812 2.132812 2.578125 2.578125 2.578125 2.531250 2.531250 3.773438 3.773438 3.773438 4.000000 4.000000 4.070312 4.070312 4.070312 4.140625 4.140625 4.687500 4.687500 4.687500 5.234375 5.234375 5.851562 5.851562 5.851562 6.617188 6.617188 6.671875 6.671875 6.671875 6.531250 6.531250 6.093750 6.093750 6.093750 5.000000
0.781250 0.781250 0.875000 0.875000 0.765625 0.765625 0.765625 0.406250 0.406250 0.273438 0.273438 0.273438 0.570312 0.570312 2.492188 2.492188 2.492188 4.101562 4.101562 2.453125 2.453125 2.453125 1.414062 1.414062 1.054688 1.054688 1.054688 2.132812 2.132812 2.578125 2.578125 2.578125 2.531250 2.531250 3.773438 3.773438 3.773438 4.000000 4.000000 4.070312 4.070312 4.070312 4.140625 4.140625 4.687500 4.687500 4.687500 5.234375 5.234375 5.851562 5.851562 5.851562 6.617188 6.617188 6.671875 6.671875 6.671875 6.531250 6.531250 6.093750 6.093750 6.093750 5.000000
0.437500 0.437500 0.687500 0.687500 1.257812 1.257812 1.257812 0.843750 0.843750 1.000000 1.000000 1.000000 1.640625 1.640625 2.750000 2.750000 2.750000 4.906250 4.906250 3.593750 3.593750 3.593750 2.593750 2.593750 2.242188 2.242188 2.242188 2.562500 2.562500 2.414062 2.414062 2.414062 2.406250 2.406250 3.343750 3.343750 3.343750 3.015625 3.015625 3.351562 3.351562 3.351562 5.101562 5.101562 5.000000 5.000000 5.000000 5.257812 5.257812 5.585938 5.585938 5.585938 5.648438 5.648438 6.031250 6.031250 6.031250 6.703125 6.703125 7.398438 7.398438 7.398438 6.281250
0.437500 0.437500 0.687500 0.687500 1.257812 1.257812 1.257812 0.843750 0.843750 1.000000 1.000000 1.000000 1.640625 1.640625 2.750000 2.750000 2.750000 4.906250 4.906250 3.593750 3.593750 3.593750 2.593750 2.593750 2.242188 2.242188 2.242188 2.562500 2.562500 2.414062 2.414062 2.414062 2.406250 2.406250 3.343750 3.343750 3.343750 3.015625 3.015625 3.351562 3.351562 3.351562 5.101562 5.101562 5.000000 5.000000 5.000000 5.257812 5.257812 5.585938 5.585938 5.585938 5.648438 5.648438 6.031250 6.031250 6.031250 6.703125 6.703125 7.398438 7.398438 7.398438 6.281250
0.914062 0.914062 1.382812 1.382812 1.789062 1.789062 1.789062 1.390625 1.390625 1.453125 1.453125 1.453125 2.070312 2.070312 3.437500 3.437500 3.437500 4.765625 4.765625 3.578125 3.578125 3.578125 3.500000 3.500000 2.914062 2.914062 2.914062 2.218750 2.218750 1.843750 1.843750 1.843750 2.093750 2.093750 2.234375 2.234375 2.234375 2.843750 2.843750 4.023438 4.023438 4.023438 4.250000 4.250000 4.742188 4.742188 4.742188 5.257812 5.257812 5.796875 5.796875 5.796875 6.398438 6.398438 5.984375 5.984375 5.984375 6.898438 6.898438 8.085938 8.085938 8.085938 8.335938
0.914062 0.914062 1.382812 1.382812 1.789062 1.789062 1.789062 1.390625 1.390625 1.453125 1.453125 1.453125 2.070312 2.070312 3.437500 3.437500 3.437500 4.765625 4.765625 3.578125 3.578125 3.578125 3.500000 3.500000 2.914062 2.914062 2.914062 2.218750 2.218750 1.843750 1.843750 1.843750 2.093750 2.093750 2.234375 2.234375 2.234375 2.843750 2.843750 4.023438 4.023438 4.023438 4.250000 4.250000 4.742188 4.742188 4.742188 5.257812 5.257812 5.796875 5.796875 5.796875 6.398438 6.398438 5.984375 5.984375 5.984375 6.898438 6.898438 8.085938 8.085938 8.085938 8.335938
0.914062 0.914062 1.382812 1.382812 1.789062 1.789062 1.789062 1.390625 1.390625 1.453125 1.453125 1.453125 2.070312 2.070312 3.437500 3.437500 3.437500 4.765625 4.765625 3.578125 3.578125 3.578125 3.500000 3.500000 2.914062 2.914062 2.914062 2.218750 2.218750 1.843750 1.843750 1.843750 2.093750 2.093750 2.234375 2.234375 2.234375 2.843750 2.843750 4.023438 4.023438 4.023438 4.250000 4.250000 4.742188 4.742188 4.742188 5.257812 5.257812 5.796875 5.796875 5.796875 6.398438 6.398438 5.984375 5.984375 5.984375 6.898438 6.898438 8.085938 8.085938 8.085938 8.335938
1.195312 1.195312 1.578125 1.578125 1.390625 1.390625 1.390625 1.031250 1.031250 0.937500 0.937500 0.937500 2.203125 2.203125 3.406250 3.406250 3.406250 3.085938 3.085938 2.335938 2.335938 2.335938 3.046875 3.046875 3.398438 3.398438 3.398438 2.414062 2.414062 1.632812 1.632812 1.632812 1.507812 1.507812 1.914062 1.914062 1.914062 2.765625 2.765625 3.164062 3.164062 3.164062 3.500000 3.500000 3.664062 3.664062 3.664062 3.625000 3.625000 4.218750 4.218750 4.218750 4.648438 4.648438 5.515625 5.515625 5.515625 6.601562 6.601562 6.390625 6.390625 6.390625 6.710938
1.195312 1.195312 1.578125 1.578125 1.390625 1.390625 1.390625 1.031250 1.031250 0.937500 0.937500 0.937500 2.203125 2.203125 3.406250 3.406250 3.406250 3.085938 3.085938 2.335938 2.335938 2.335938 3.046875 3.046875 3.398438 3.398438 3.398438 2.414062 2.414062 1.632812 1.632812 1.632812 1.507812 1.507812 1.914062 1.914062 1.914062 2.765625 2.765625 3.164062 3.164062 3.164062 3.500000 3.500000 3.664062 3.664062 3.664062 3.625000 3.625000 4.218750 4.218750 4.218750 4.648438 4.648438 5.515625 5.515625 5.515625 6.601562 6.601562 6.390625 6.390625 6.390625 6.710938
1.289062 1.289062 0.960938 0.960938 1.070312 1.070312 1.070312 0.664062 0.664062 0.960938 0.960938 0.960938 2.140625 2.140625 2.828125 2.828125 2.828125 2.101562 2.101562 1.250000 1.250000 1.250000 1.671875 1.671875 2.914062 2.914062 2.914062 3.015625 3.015625 2.570312 2.570312 2.570312 2.109375 2.109375 2.140625 2.140625 2.140625 2.429688 2.429688 2.765625 2.765625 2.765625 2.742188 2.742188 2.554688 2.554688 2.554688 2.093750 2.093750 2.210938 2.210938 2.210938 2.687500 2.687500 3.828125 3.828125 3.828125 4.179688 4.179688 5.210938 5.210938 5.210938 6.296875
