Data/APCP/20200108.f093.apcp.gfs.pakistan.txt
ncols        169
nrows        134
xllcorner    60.900000000000
yllcorner    23.700000000000
cellsize     0.100000000000
NODATA_value  -9999
[rows 45 to 89 of 134, columns 0 to 95 of 169]
4.9375 4.9375 3.875 3.875 3.875 1.125 1.125 0.75 0.75 0.75 0.6875 0.6875 0.8125 0.8125 0.8125 3.125 3.125 7.0625 7.0625 7.0625 4.8125 4.8125 1.0625 1.0625 1.0625 1.625 1.625 3.9375 3.9375 3.9375 6.75 6.75 8 8 8 7.25 7.25 6.375 6.375 6.375 6.75 6.75 5.5625 5.5625 5.5625 4.125 4.125 3.6875 3.6875 3.6875 2.9375 2.9375 3.1875 3.1875 3.1875 4.875 4.875 5 5 5 4.3125 4.3125 4.0625 4.0625 4.0625 3.3125 3.3125 3.625 3.625 3.625 3.6875 3.6875 3.5 3.5 3.5 2.875 2.875 3 3 3 2.6875 2.6875 2.0625 2.0625 2.0625 1.75 1.75 1.5 1.5 1.5 0.625 0.625 0.1875 0.1875 0.1875 0
4.9375 4.9375 3.875 3.875 3.875 1.125 1.125 0.75 0.75 0.75 0.6875 0.6875 0.8125 0.8125 0.8125 3.125 3.125 7.0625 7.0625 7.0625 4.8125 4.8125 1.0625 1.0625 1.0625 1.625 1.625 3.9375 3.9375 3.9375 6.75 6.75 8 8 8 7.25 7.25 6.375 6.375 6.375 6.75 6.75 5.5625 5.5625 5.5625 4.125 4.125 3.6875 3.6875 3.6875 2.9375 2.9375 3.1875 3.1875 3.1875 4.875 4.875 5 5 5 4.3125 4.3125 4.0625 4.0625 4.0625 3.3125 3.3125 3.625 3.625 3.625 3.6875 3.6875 3.5 3.5 3.5 2.875 2.875 3 3 3 2.6875 2.6875 2.0625 2.0625 2.0625 1.75 1.75 1.5 1.5 1.5 0.625 0.625 0.1875 0.1875 0.1875 0
2.3125 2.3125 2.25 2.25 2.25 0.9375 0.9375 0.8125 0.8125 0.8125 0.5625 0.5625 0.75 0.75 0.75 4.25 4.25 6.875 6.875 6.875 2.4375 2.4375 0.375 0.375 0.375 0.6875 0.6875 1.375 1.375 1.375 3.0625 3.0625 5.1875 5.1875 5.1875 5.4375 5.4375 4.6875 4.6875 4.6875 5.4375 5.4375 4.625 4.625 4.625 4.75 4.75 4.25 4.25 4.25 3.9375 3.9375 3.9375 3.9375 3.9375 5.25 5.25 5.5 5.5 5.5 5.125 5.125 3.8125 3.8125 3.8125 2.9375 2.9375 3.3125 3.3125 3.3125 3.5625 3.5625 3.1875 3.1875 3.1875 2.9375 2.9375 3.3125 3.3125 3.3125 3.4375 3.4375 2.75 2.75 2.75 1.6875 1.6875 1.125 1.125 1.125 0.75 0.75 0.125 0.125 0.125 0
2.3125 2.3125 2.25 2.25 2.25 0.9375 0.9375 0.8125 0.8125 0.8125 0.5625 0.5625 0.75 0.75 0.75 4.25 4.25 6.875 6.875 6.875 2.4375 2.4375 0.375 0.375 0.375 0.6875 0.6875 1.375 1.375 1.375 3.0625 3.0625 5.1875 5.1875 5.1875 5.4375 5.4375 4.6875 4.6875 4.6875 5.4375 5.4375 4.625 4.625 4.625 4.75 4.75 4.25 4.25 4.25 3.9375 3.9375 3.9375 3.9375 3.9375 5.25 5.25 5.5 5.5 5.5 5.125 5.125 3.8125 3.8125 3.8125 2.9375 2.9375 3.3125 3.3125 3.3125 3.5625 3.5625 3.1875 3.1875 3.1875 2.9375 2.9375 3.3125 3.3125 3.3125 3.4375 3.4375 2.75 2.75 2.75 1.6875 1.6875 1.125 1.125 1.125 0.75 0.75 0.125 0.125 0.125 0
2.3125 2.3125 2.25 2.25 2.25 0.9375 0.9375 0.8125 0.8125 0.8125 0.5625 0.5625 0.75 0.75 0.75 4.25 4.25 6.875 6.875 6.875 2.4375 2.4375 0.375 0.375 0.375 0.6875 0.6875 1.375 1.375 1.375 3.0625 3.0625 5.1875 5.1875 5.1875 5.4375 5.4375 4.6875 4.6875 4.6875 5.4375 5.4375 4.625 4.625 4.625 4.75 4.75 4.25 4.25 4.25 3.9375 3.9375 3.9375 3.9375 3.9375 5.25 5.25 5.5 5.5 5.5 5.125 5.125 3.8125 3.8125 3.8125 2.9375 2.9375 3.3125 3.3125 3.3125 3.5625 3.5625 3.1875 3.1875 3.1875 2.9375 2.9375 3.3125 3.3125 3.3125 3.4375 3.4375 2.75 2.75 2.75 1.6875 1.6875 1.125 1.125 1.125 0.75 0.75 0.125 0.125 0.125 0
0.8125 0.8125 2.125 2.125 2.125 0.875 0.875 0.75 0.75 0.75 0.6875 0.6875 0.75 0.75 0.75 2.75 2.75 3.375 3.375 3.375 0.6875 0.6875 0.3125 0.3125 0.3125 1 1 1.4375 1.4375 1.4375 3.1875 3.1875 4.75 4.75 4.75 4.3125 4.3125 3.9375 3.9375 3.9375 6 6 7.6875 7.6875 7.6875 8.5 8.5 7.0625 7.0625 7.0625 5.75 5.75 5.5625 5.5625 5.5625 7.3125 7.3125 8.125 8.125 8.125 7.1875 7.1875 5.5625 5.5625 5.5625 5.0625 5.0625 4.3125 4.3125 4.3125 3.9375 3.9375 3.375 3.375 3.375 3 3 2.8125 2.8125 2.8125 3.375 3.375 2.75 2.75 2.75 2.3125 2.3125 2.125 2.125 2.125 1.6875 1.6875 0.5 0.5 0.5 0.0625
0.8125 0.8125 2.125 2.125 2.125 0.875 0.875 0.75 0.75 0.75 0.6875 0.6875 0.75 0.75 0.75 2.75 2.75 3.375 3.375 3.375 0.6875 0.6875 0.3125 0.3125 0.3125 1 1 1.4375 1.4375 1.4375 3.1875 3.1875 4.75 4.75 4.75 4.3125 4.3125 3.9375 3.9375 3.9375 6 6 7.6875 7.6875 7.6875 8.5 8.5 7.0625 7.0625 7.0625 5.75 5.75 5.5625 5.5625 5.5625 7.3125 7.3125 8.125 8.125 8.125 7.1875 7.1875 5.5625 5.5625 5.5625 5.0625 5.0625 4.3125 4.3125 4.3125 3.9375 3.9375 3.375 3.375 3.375 3 3 2.8125 2.8125 2.8125 3.375 3.375 2.75 2.75 2.75 2.3125 2.3125 2.125 2.125 2.125 1.6875 1.6875 0.5 0.5 0.5 0.0625
0.125 0.125 1.5625 1.5625 1.5625 1.3125 1.3125 0.8125 0.8125 0.8125 0.9375 0.9375 1.25 1.25 1.25 1.625 1.625 0.9375 0.9375 0.9375 0.125 0.125 0.1875 0.1875 0.1875 0.8125 0.8125 2.0625 2.0625 2.0625 4.5 4.5 5.1875 5.1875 5.1875 4.625 4.625 4.5 4.5 4.5 5.8125 5.8125 7.625 7.625 7.625 7.6875 7.6875 7.25 7.25 7.25 8.1875 8.1875 9.0625 9.0625 9.0625 9.3125 9.3125 9.9375 9.9375 9.9375 9.0625 9.0625 7.9375 7.9375 7.9375 6.9375 6.9375 5.5625 5.5625 5.5625 4.5625 4.5625 3.8125 3.8125 3.8125 3.3125 3.3125 2.875 2.875 2.875 3.0625 3.0625 3.125 3.125 3.125 3.25 3.25 3.5625 3.5625 3.5625 3.75 3.75 1.5625 1.5625 1.5625 0.1875
0.125 0.125 1.5625 1.5625 1.5625 1.3125 1.3125 0.8125 0.8125 0.8125 0.9375 0.9375 1.25 1.25 1.25 1.625 1.625 0.9375 0.9375 0.9375 0.125 0.125 0.1875 0.1875 0.1875 0.8125 0.8125 2.0625 2.0625 2.0625 4.5 4.5 5.1875 5.1875 5.1875 4.625 4.625 4.5 4.5 4.5 5.8125 5.8125 7.625 7.625 7.625 7.6875 7.6875 7.25 7.25 7.25 8.1875 8.1875 9.0625 9.0625 9.0625 9.3125 9.3125 9.9375 9.9375 9.9375 9.0625 9.0625 7.9375 7.9375 7.9375 6.9375 6.9375 5.5625 5.5625 5.5625 4.5625 4.5625 3.8125 3.8125 3.8125 3.3125 3.3125 2.875 2.875 2.875 3.0625 3.0625 3.125 3.125 3.125 3.25 3.25 3.5625 3.5625 3.5625 3.75 3.75 1.5625 1.5625 1.5625 0.1875
0.125 0.125 1.5625 1.5625 1.5625 1.3125 1.3125 0.8125 0.8125 0.8125 0.9375 0.9375 1.25 1.25 1.25 1.625 1.625 0.9375 0.9375 0.9375 0.125 0.125 0.1875 0.1875 0.1875 0.8125 0.8125 2.0625 2.0625 2.0625 4.5 4.5 5.1875 5.1875 5.1875 4.625 4.625 4.5 4.5 4.5 5.8125 5.8125 7.625 7.625 7.625 7.6875 7.6875 7.25 7.25 7.25 8.1875 8.1875 9.0625 9.0625 9.0625 9.3125 9.3125 9.9375 9.9375 9.9375 9.0625 9.0625 7.9375 7.9375 7.9375 6.9375 6.9375 5.5625 5.5625 5.5625 4.5625 4.5625 3.8125 3.8125 3.8125 3.3125 3.3125 2.875 2.875 2.875 3.0625 3.0625 3.125 3.125 3.125 3.25 3.25 3.5625 3.5625 3.5625 3.75 3.75 1.5625 1.5625 1.5625 0.1875
0.0625 0.0625 1.1875 1.1875 1.1875 1.3125 1.3125 0.8125 0.8125 0.8125 1.5625 1.5625 2.125 2.125 2.125 1.3125 1.3125 0.4375 0.4375 0.4375 0.125 0.125 0.25 0.25 0.25 0.6875 0.6875 2.4375 2.4375 2.4375 4.1875 4.1875 5.0625 5.0625 5.0625 4.875 4.875 4.0625 4.0625 4.0625 4.25 4.25 5.75 5.75 5.75 7.3125 7.3125 8.25 8.25 8.25 9.1875 9.1875 9.125 9.125 9.125 9.125 9.125 9.9375 9.9375 9.9375 9.5 9.5 9.25 9.25 9.25 7.875 7.875 6.8125 6.8125 6.8125 6.0625 6.0625 5 5 5 4.1875 4.1875 3.625 3.625 3.625 3.4375 3.4375 3.25 3.25 3.25 2.875 2.875 3 3 3 2.625 2.625 0.875 0.875 0.875 0.125
0.0625 0.0625 1.1875 1.1875 1.1875 1.3125 1.3125 0.8125 0.8125 0.8125 1.5625 1.5625 2.125 2.125 2.125 1.3125 1.3125 0.4375 0.4375 0.4375 0.125 0.125 0.25 0.25 0.25 0.6875 0.6875 2.4375 2.4375 2.4375 4.1875 4.1875 5.0625 5.0625 5.0625 4.875 4.875 4.0625 4.0625 4.0625 4.25 4.25 5.75 5.75 5.75 7.3125 7.3125 8.25 8.25 8.25 9.1875 9.1875 9.125 9.125 9.125 9.125 9.125 9.9375 9.9375 9.9375 9.5 9.5 9.25 9.25 9.25 7.875 7.875 6.8125 6.8125 6.8125 6.0625 6.0625 5 5 5 4.1875 4.1875 3.625 3.625 3.625 3.4375 3.4375 3.25 3.25 3.25 2.875 2.875 3 3 3 2.625 2.625 0.875 0.875 0.875 0.125
0.25 0.25 1.375 1.375 1.375 1.25 1.25 1.25 1.25 1.25 1.5 1.5 1.1875 1.1875 1.1875 0.6875 0.6875 0.125 0.125 0.125 0.125 0.125 0.3125 0.3125 0.3125 1.1875 1.1875 2.0625 2.0625 2.0625 2.1875 2.1875 2.4375 2.4375 2.4375 2.875 2.875 3.25 3.25 3.25 4.5 4.5 6.3125 6.3125 6.3125 7.9375 7.9375 8.5625 8.5625 8.5625 8.375 8.375 8 8 8 7.875 7.875 8.625 8.625 8.625 8.5 8.5 9.0625 9.0625 9.0625 8.4375 8.4375 7.75 7.75 7.75 6.75 6.75 5.875 5.875 5.875 5.6875 5.6875 5.375 5.375 5.375 5 5 4.25 4.25 4.25 3.375 3.375 2.6875 2.6875 2.6875 2.25 2.25 0.9375 0.9375 0.9375 0.375
0.25 0.25 1.375 1.375 1.375 1.25 1.25 1.25 1.25 1.25 1.5 1.5 1.1875 1.1875 1.1875 0.6875 0.6875 0.125 0.125 0.125 0.125 0.125 0.3125 0.3125 0.3125 1.1875 1.1875 2.0625 2.0625 2.0625 2.1875 2.1875 2.4375 2.4375 2.4375 2.875 2.875 3.25 3.25 3.25 4.5 4.5 6.3125 6.3125 6.3125 7.9375 7.9375 8.5625 8.5625 8.5625 8.375 8.375 8 8 8 7.875 7.875 8.625 8.625 8.625 8.5 8.5 9.0625 9.0625 9.0625 8.4375 8.4375 7.75 7.75 7.75 6.75 6.75 5.875 5.875 5.875 5.6875 5.6875 5.375 5.375 5.375 5 5 4.25 4.25 4.25 3.375 3.375 2.6875 2.6875 2.6875 2.25 2.25 0.9375 0.9375 0.9375 0.375
0.25 0.25 1.375 1.375 1.375 1.25 1.25 1.25 1.25 1.25 1.5 1.5 1.1875 1.1875 1.1875 0.6875 0.6875 0.125 0.125 0.125 0.125 0.125 0.3125 0.3125 0.3125 1.1875 1.1875 2.0625 2.0625 2.0625 2.1875 2.1875 2.4375 2.4375 2.4375 2.875 2.875 3.25 3.25 3.25 4.5 4.5 6.3125 6.3125 6.3125 7.9375 7.9375 8.5625 8.5625 8.5625 8.375 8.375 8 8 8 7.875 7.875 8.625 8.625 8.625 8.5 8.5 9.0625 9.0625 9.0625 8.4375 8.4375 7.75 7.75 7.75 6.75 6.75 5.875 5.875 5.875 5.6875 5.6875 5.375 5.375 5.375 5 5 4.25 4.25 4.25 3.375 3.375 2.6875 2.6875 2.6875 2.25 2.25 0.9375 0.9375 0.9375 0.375
0.4375 0.4375 1.25 1.25 1.25 1.3125 1.3125 1.375 1.375 1.375 1 1 0.5 0.5 0.5 0.3125 0.3125 0.0625 0.0625 0.0625 0.125 0.125 0.6875 0.6875 0.6875 1.4375 1.4375 1.25 1.25 1.25 1 1 0.9375 0.9375 0.9375 1.5 1.5 3.125 3.125 3.125 4.1875 4.1875 5.5 5.5 5.5 6.8125 6.8125 6.8125 6.8125 6.8125 6.4375 6.4375 5.9375 5.9375 5.9375 6.625 6.625 8.5 8.5 8.5 9.75 9.75 10.5625 10.5625 10.5625 9.8125 9.8125 9.8125 9.8125 9.8125 8.4375 8.4375 6.75 6.75 6.75 5.75 5.75 4.8125 4.8125 4.8125 4.625 4.625 3.75 3.75 3.75 2.625 2.625 2.25 2.25 2.25 1.9375 1.9375 1.125 1.125 1.125 0.5
0.4375 0.4375 1.25 1.25 1.25 1.3125 1.3125 1.375 1.375 1.375 1 1 0.5 0.5 0.5 0.3125 0.3125 0.0625 0.0625 0.0625 0.125 0.125 0.6875 0.6875 0.6875 1.4375 1.4375 1.25 1.25 1.25 1 1 0.9375 0.9375 0.9375 1.5 1.5 3.125 3.125 3.125 4.1875 4.1875 5.5 5.5 5.5 6.8125 6.8125 6.8125 6.8125 6.8125 6.4375 6.4375 5.9375 5.9375 5.9375 6.625 6.625 8.5 8.5 8.5 9.75 9.75 10.5625 10.5625 10.5625 9.8125 9.8125 9.8125 9.8125 9.8125 8.4375 8.4375 6.75 6.75 6.75 5.75 5.75 4.8125 4.8125 4.8125 4.625 4.625 3.75 3.75 3.75 2.625 2.625 2.25 2.25 2.25 1.9375 1.9375 1.125 1.125 1.125 0.5
0.1875 0.1875 0.4375 0.4375 0.4375 0.625 0.625 0.9375 0.9375 0.9375 0.5625 0.5625 0.5 0.5 0.5 0.25 0.25 0.0625 0.0625 0.0625 0.1875 0.1875 0.5625 0.5625 0.5625 0.625 0.625 0.8125 0.8125 0.8125 1.0625 1.0625 1.3125 1.3125 1.3125 2.3125 2.3125 3.125 3.125 3.125 3.4375 3.4375 4.875 4.875 4.875 5.1875 5.1875 4.1875 4.1875 4.1875 3.75 3.75 4.125 4.125 4.125 7.125 7.125 8.625 8.625 8.625 9.3125 9.3125 9.25 9.25 9.25 8.875 8.875 9.0625 9.0625 9.0625 6.6875 6.6875 4.125 4.125 4.125 2.625 2.625 1.9375 1.9375 1.9375 1.75 1.75 1.375 1.375 1.375 1.1875 1.1875 0.9375 0.9375 0.9375 0.625 0.625 0.3125 0.3125 0.3125 0.0625
0.1875 0.1875 0.4375 0.4375 0.4375 0.625 0.625 0.9375 0.9375 0.9375 0.5625 0.5625 0.5 0.5 0.5 0.25 0.25 0.0625 0.0625 0.0625 0.1875 0.1875 0.5625 0.5625 0.5625 0.625 0.625 0.8125 0.8125 0.8125 1.0625 1.0625 1.3125 1.3125 1.3125 2.3125 2.3125 3.125 3.125 3.125 3.4375 3.4375 4.875 4.875 4.875 5.1875 5.1875 4.1875 4.1875 4.1875 3.75 3.75 4.125 4.125 4.125 7.125 7.125 8.625 8.625 8.625 9.3125 9.3125 9.25 9.25 9.25 8.875 8.875 9.0625 9.0625 9.0625 6.6875 6.6875 4.125 4.125 4.125 2.625 2.625 1.9375 1.9375 1.9375 1.75 1.75 1.375 1.375 1.375 1.1875 1.1875 0.9375 0.9375 0.9375 0.625 0.625 0.3125 0.3125 0.3125 0.0625
0.1875 0.1875 0.4375 0.4375 0.4375 0.625 0.625 0.9375 0.9375 0.9375 0.5625 0.5625 0.5 0.5 0.5 0.25 0.25 0.0625 0.0625 0.0625 0.1875 0.1875 0.5625 0.5625 0.5625 0.625 0.625 0.8125 0.8125 0.8125 1.0625 1.0625 1.3125 1.3125 1.3125 2.3125 2.3125 3.125 3.125 3.125 3.4375 3.4375 4.875 4.875 4.875 5.1875 5.1875 4.1875 4.1875 4.1875 3.75 3.75 4.125 4.125 4.125 7.125 7.125 8.625 8.625 8.625 9.3125 9.3125 9.25 9.25 9.25 8.875 8.875 9.0625 9.0625 9.0625 6.6875 6.6875 4.125 4.125 4.125 2.625 2.625 1.9375 1.9375 1.9375 1.75 1.75 1.375 1.375 1.375 1.1875 1.1875 0.9375 0.9375 0.9375 0.625 0.625 0.3125 0.3125 0.3125 0.0625
0.125 0.125 0.25 0.25 0.25 0.25 0.25 0.375 0.375 0.375 0.1875 0.1875 0.5 0.5 0.5 0.25 0.25 0.0625 0.0625 0.0625 0.25 0.25 0.375 0.375 0.375 0.1875 0.1875 0.375 0.375 0.375 0.75 0.75 1.5 1.5 1.5 2.625 2.625 3.3125 3.3125 3.3125 4.125 4.125 3.9375 3.9375 3.9375 3.1875 3.1875 3.0625 3.0625 3.0625 3.0625 3.0625 3.6875 3.6875 3.6875 4.6875 4.6875 4.8125 4.8125 4.8125 5.4375 5.4375 6.3125 6.3125 6.3125 7.4375 7.4375 7.8125 7.8125 7.8125 6.625 6.625 4.125 4.125 4.125 1.6875 1.6875 0.75 0.75 0.75 0.4375 0.4375 0.25 0.25 0.25 0.1875 0.1875 0.0625 0.0625 0.0625 0 0 0 0 0 0
0.125 0.125 0.25 0.25 0.25 0.25 0.25 0.375 0.375 0.375 0.1875 0.1875 0.5 0.5 0.5 0.25 0.25 0.0625 0.0625 0.0625 0.25 0.25 0.375 0.375 0.375 0.1875 0.1875 0.375 0.375 0.375 0.75 0.75 1.5 1.5 1.5 2.625 2.625 3.3125 3.3125 3.3125 4.125 4.125 3.9375 3.9375 3.9375 3.1875 3.1875 3.0625 3.0625 3.0625 3.0625 3.0625 3.6875 3.6875 3.6875 4.6875 4.6875 4.8125 4.8125 4.8125 5.4375 5.4375 6.3125 6.3125 6.3125 7.4375 7.4375 7.8125 7.8125 7.8125 6.625 6.625 4.125 4.125 4.125 1.6875 1.6875 0.75 0.75 0.75 0.4375 0.4375 0.25 0.25 0.25 0.1875 0.1875 0.0625 0.0625 0.0625 0 0 0 0 0 0
0 0 0 0 0 0.0625 0.0625 0.0625 0.0625 0.0625 0.125 0.125 0.5 0.5 0.5 0.375 0.375 0.5625 0.5625 0.5625 0.25 0.25 0.125 0.125 0.125 0.0625 0.0625 0.0625 0.0625 0.0625 0.25 0.25 1.5625 1.5625 1.5625 3.8125 3.8125 4.5625 4.5625 4.5625 3.3125 3.3125 2.1875 2.1875 2.1875 2 2 2.1875 2.1875 2.1875 2.0625 2.0625 2.6875 2.6875 2.6875 2.8125 2.8125 3.125 3.125 3.125 4.75 4.75 7.25 7.25 7.25 8.375 8.375 7.0625 7.0625 7.0625 5.25 5.25 2.125 2.125 2.125 0.4375 0.4375 0.125 0.125 0.125 0 0 0 0 0 0 0 0 0 0 0 0 0 0 0 0
0 0 0 0 0 0.0625 0.0625 0.0625 0.0625 0.0625 0.125 0.125 0.5 0.5 0.5 0.375 0.375 0.5625 0.5625 0.5625 0.25 0.25 0.125 0.125 0.125 0.0625 0.0625 0.0625 0.0625 0.0625 0.25 0.25 1.5625 1.5625 1.5625 3.8125 3.8125 4.5625 4.5625 4.5625 3.3125 3.3125 2.1875 2.1875 2.1875 2 2 2.1875 2.1875 2.1875 2.0625 2.0625 2.6875 2.6875 2.6875 2.8125 2.8125 3.125 3.125 3.125 4.75 4.75 7.25 7.25 7.25 8.375 8.375 7.0625 7.0625 7.0625 5.25 5.25 2.125 2.125 2.125 0.4375 0.4375 0.125 0.125 0.125 0 0 0 0 0 0 0 0 0 0 0 0 0 0 0 0
0 0 0 0 0 0.0625 0.0625 0.0625 0.0625 0.0625 0.125 0.125 0.5 0.5 0.5 0.375 0.375 0.5625 0.5625 0.5625 0.25 0.25 0.125 0.125 0.125 0.0625 0.0625 0.0625 0.0625 0.0625 0.25 0.25 1.5625 1.5625 1.5625 3.8125 3.8125 4.5625 4.5625 4.5625 3.3125 3.3125 2.1875 2.1875 2.1875 2 2 2.1875 2.1875 2.1875 2.0625 2.0625 2.6875 2.6875 2.6875 2.8125 2.8125 3.125 3.125 3.125 4.75 4.75 7.25 7.25 7.25 8.375 8.375 7.0625 7.0625 7.0625 5.25 5.25 2.125 2.125 2.125 0.4375 0.4375 0.125 0.125 0.125 0 0 0 0 0 0 0 0 0 0 0 0 0 0 0 0
0 0 0 0 0 0 0 0.0625 0.0625 0.0625 0.3125 0.3125 1.3125 1.3125 1.3125 1.1875 1.1875 0.875 0.875 0.875 0.1875 0.1875 0.0625 0.0625 0.0625 0.0625 0.0625 0.0625 0.0625 0.0625 0.375 0.375 1.9375 1.9375 1.9375 3.75 3.75 3.125 3.125 3.125 1.75 1.75 1.5625 1.5625 1.5625 1.4375 1.4375 1.1875 1.1875 1.1875 1.875 1.875 3.8125 3.8125 3.8125 3.9375 3.9375 4.5625 4.5625 4.5625 6.9375 6.9375 6.75 6.75 6.75 3.375 3.375 1.0625 1.0625 1.0625 0.4375 0.4375 0.125 0.125 0.125 0.0625 0.0625 0.0625 0.0625 0.0625 0 0 0 0 0 0 0 0 0 0 0 0 0 0 0 0
0 0 0 0 0 0 0 0.0625 0.0625 0.0625 0.3125 0.3125 1.3125 1.3125 1.3125 1.1875 1.1875 0.875 0.875 0.875 0.1875 0.1875 0.0625 0.0625 0.0625 0.0625 0.0625 0.0625 0.0625 0.0625 0.375 0.375 1.9375 1.9375 1.9375 3.75 3.75 3.125 3.125 3.125 1.75 1.75 1.5625 1.5625 1.5625 1.4375 1.4375 1.1875 1.1875 1.1875 1.875 1.875 3.8125 3.8125 3.8125 3.9375 3.9375 4.5625 4.5625 4.5625 6.9375 6.9375 6.75 6.75 6.75 3.375 3.375 1.0625 1.0625 1.0625 0.4375 0.4375 0.125 0.125 0.125 0.0625 0.0625 0.0625 0.0625 0.0625 0 0 0 0 0 0 0 0 0 0 0 0 0 0 0 0
0 0 0 0 0 0 0 0.25 0.25 0.25 0.5 0.5 0.875 0.875 0.875 0.6875 0.6875 0.25 0.25 0.25 0 0 0 0 0 0.125 0.125 1.0625 1.0625 1.0625 3.4375 3.4375 4 4 4 2.75 2.75 2.5 2.5 2.5 2.125 2.125 1.3125 1.3125 1.3125 1.0625 1.0625 1.5 1.5 1.5 2.9375 2.9375 4.25 4.25 4.25 4.5 4.5 5.5 5.5 5.5 6.3125 6.3125 2.875 2.875 2.875 0.4375 0.4375 0.0625 0.0625 0.0625 0 0 0 0 0 0 0 0 0 0 0 0 0 0 0 0 0 0 0 0 0 0 0 0 0 0
0 0 0 0 0 0 0 0.25 0.25 0.25 0.5 0.5 0.875 0.875 0.875 0.6875 0.6875 0.25 0.25 0.25 0 0 0 0 0 0.125 0.125 1.0625 1.0625 1.0625 3.4375 3.4375 4 4 4 2.75 2.75 2.5 2.5 2.5 2.125 2.125 1.3125 1.3125 1.3125 1.0625 1.0625 1.5 1.5 1.5 2.9375 2.9375 4.25 4.25 4.25 4.5 4.5 5.5 5.5 5.5 6.3125 6.3125 2.875 2.875 2.875 0.4375 0.4375 0.0625 0.0625 0.0625 0 0 0 0 0 0 0 0 0 0 0 0 0 0 0 0 0 0 0 0 0 0 0 0 0 0
0 0 0 0 0 0 0 0.25 0.25 0.25 0.5 0.5 0.875 0.875 0.875 0.6875 0.6875 0.25 0.25 0.25 0 0 0 0 0 0.125 0.125 1.0625 1.0625 1.0625 3.4375 3.4375 4 4 4 2.75 2.75 2.5 2.5 2.5 2.125 2.125 1.3125 1.3125 1.3125 1.0625 1.0625 1.5 1.5 1.5 2.9375 2.9375 4.25 4.25 4.25 4.5 4.5 5.5 5.5 5.5 6.3125 6.3125 2.875 2.875 2.875 0.4375 0.4375 0.0625 0.0625 0.0625 0 0 0 0 0 0 0 0 0 0 0 0 0 0 0 0 0 0 0 0 0 0 0 0 0 0
0.0625 0.0625 0 0 0 0.125 0.125 0.8125 0.8125 0.8125 0.6875 0.6875 0.25 0.25 0.25 0.125 0.125 0 0 0 0.0625 0.0625 0.5 0.5 0.5 2.0625 2.0625 5.9375 5.9375 5.9375 10.4375 10.4375 10.6875 10.6875 10.6875 8 8 5.625 5.625 5.625 3.5625 3.5625 2.5 2.5 2.5 2.6875 2.6875 2.375 2.375 2.375 1.875 1.875 2.75 2.75 2.75 3.75 3.75 4.625 4.625 4.625 4.4375 4.4375 1.1875 1.1875 1.1875 0.0625 0.0625 0 0 0 0 0 0 0 0 0 0 0 0 0 0 0 0 0 0 0 0 0 0 0 0 0 0 0 0 0
0.0625 0.0625 0 0 0 0.125 0.125 0.8125 0.8125 0.8125 0.6875 0.6875 0.25 0.25 0.25 0.125 0.125 0 0 0 0.0625 0.0625 0.5 0.5 0.5 2.0625 2.0625 5.9375 5.9375 5.9375 10.4375 10.4375 10.6875 10.6875 10.6875 8 8 5.625 5.625 5.625 3.5625 3.5625 2.5 2.5 2.5 2.6875 2.6875 2.375 2.375 2.375 1.875 1.875 2.75 2.75 2.75 3.75 3.75 4.625 4.625 4.625 4.4375 4.4375 1.1875 1.1875 1.1875 0.0625 0.0625 0 0 0 0 0 0 0 0 0 0 0 0 0 0 0 0 0 0 0 0 0 0 0 0 0 0 0 0 0
0.0625 0.0625 0.125 0.125 0.125 1 1 1.9375 1.9375 1.9375 1.0625 1.0625 0.3125 0.3125 0.3125 0.0625 0.0625 0.1875 0.1875 0.1875 0.875 0.875 2.5 2.5 2.5 5.625 5.625 10.375 10.375 10.375 14.4375 14.4375 12.9375 12.9375 12.9375 8.75 8.75 7.1875 7.1875 7.1875 6.875 6.875 5 5 5 3.1875 3.1875 1.875 1.875 1.875 1.5 1.5 2.5625 2.5625 2.5625 3 3 2.9375 2.9375 2.9375 2.875 2.875 1.125 1.125 1.125 0.125 0.125 0 0 0 0 0 0 0 0 0 0 0 0 0 0 0 0 0 0 0 0 0 0 0 0 0 0 0 0 0
0.0625 0.0625 0.125 0.125 0.125 1 1 1.9375 1.9375 1.9375 1.0625 1.0625 0.3125 0.3125 0.3125 0.0625 0.0625 0.1875 0.1875 0.1875 0.875 0.875 2.5 2.5 2.5 5.625 5.625 10.375 10.375 10.375 14.4375 14.4375 12.9375 12.9375 12.9375 8.75 8.75 7.1875 7.1875 7.1875 6.875 6.875 5 5 5 3.1875 3.1875 1.875 1.875 1.875 1.5 1.5 2.5625 2.5625 2.5625 3 3 2.9375 2.9375 2.9375 2.875 2.875 1.125 1.125 1.125 0.125 0.125 0 0 0 0 0 0 0 0 0 0 0 0 0 0 0 0 0 0 0 0 0 0 0 0 0 0 0 0 0
0.0625 0.0625 0.125 0.125 0.125 1 1 1.9375 1.9375 1.9375 1.0625 1.0625 0.3125 0.3125 0.3125 0.0625 0.0625 0.1875 0.1875 0.1875 0.875 0.875 2.5 2.5 2.5 5.625 5.625 10.375 10.375 10.375 14.4375 14.4375 12.9375 12.9375 12.9375 8.75 8.75 7.1875 7.1875 7.1875 6.875 6.875 5 5 5 3.1875 3.1875 1.875 1.875 1.875 1.5 1.5 2.5625 2.5625 2.5625 3 3 2.9375 2.9375 2.9375 2.875 2.875 1.125 1.125 1.125 0.125 0.125 0 0 0 0 0 0 0 0 0 0 0 0 0 0 0 0 0 0 0 0 0 0 0 0 0 0 0 0 0
0.125 0.125 0.375 0.375 0.375 1.375 1.375 1.0625 1.0625 1.0625 0.5 0.5 0.1875 0.1875 0.1875 0.3125 0.3125 0.5 0.5 0.5 1.1875 1.1875 3.0625 3.0625 3.0625 7.5 7.5 13.625 13.625 13.625 15.375 15.375 9.9375 9.9375 9.9375 7.25 7.25 7.6875 7.6875 7.6875 7.75 7.75 5.9375 5.9375 5.9375 3.4375 3.4375 2.125 2.125 2.125 2.5 2.5 3.375 3.375 3.375 3.5625 3.5625 4.625 4.625 4.625 3.8125 3.8125 1 1 1 0.0625 0.0625 0 0 0 0 0 0 0 0 0 0 0 0 0 0 0 0 0 0 0 0 0 0 0 0 0 0 0 0 0
0.125 0.125 0.375 0.375 0.375 1.375 1.375 1.0625 1.0625 1.0625 0.5 0.5 0.1875 0.1875 0.1875 0.3125 0.3125 0.5 0.5 0.5 1.1875 1.1875 3.0625 3.0625 3.0625 7.5 7.5 13.625 13.625 13.625 15.375 15.375 9.9375 9.9375 9.9375 7.25 7.25 7.6875 7.6875 7.6875 7.75 7.75 5.9375 5.9375 5.9375 3.4375 3.4375 2.125 2.125 2.125 2.5 2.5 3.375 3.375 3.375 3.5625 3.5625 4.625 4.625 4.625 3.8125 3.8125 1 1 1 0.0625 0.0625 0 0 0 0 0 0 0 0 0 0 0 0 0 0 0 0 0 0 0 0 0 0 0 0 0 0 0 0 0
0.5625 0.5625 0.875 0.875 0.875 0.75 0.75 0.1875 0.1875 0.1875 0.1875 0.1875 0.3125 0.3125 0.3125 0.375 0.375 0.75 0.75 0.75 1.375 1.375 4.1875 4.1875 4.1875 10.125 10.125 13.625 13.625 13.625 10.6875 10.6875 7.625 7.625 7.625 6.0625 6.0625 5.25 5.25 5.25 5.3125 5.3125 4.625 4.625 4.625 2.875 2.875 2.875 2.875 2.875 5.4375 5.4375 6.625 6.625 6.625 7.125 7.125 6.625 6.625 6.625 2.6875 2.6875 0.625 0.625 0.625 0 0 0 0 0 0 0 0 0 0 0 0 0 0 0 0 0 0 0 0 0 0 0 0 0 0 0 0 0 0 0
0.5625 0.5625 0.875 0.875 0.875 0.75 0.75 0.1875 0.1875 0.1875 0.1875 0.1875 0.3125 0.3125 0.3125 0.375 0.375 0.75 0.75 0.75 1.375 1.375 4.1875 4.1875 4.1875 10.125 10.125 13.625 13.625 13.625 10.6875 10.6875 7.625 7.625 7.625 6.0625 6.0625 5.25 5.25 5.25 5.3125 5.3125 4.625 4.625 4.625 2.875 2.875 2.875 2.875 2.875 5.4375 5.4375 6.625 6.625 6.625 7.125 7.125 6.625 6.625 6.625 2.6875 2.6875 0.625 0.625 0.625 0 0 0 0 0 0 0 0 0 0 0 0 0 0 0 0 0 0 0 0 0 0 0 0 0 0 0 0 0 0 0
0.5625 0.5625 0.875 0.875 0.875 0.75 0.75 0.1875 0.1875 0.1875 0.1875 0.1875 0.3125 0.3125 0.3125 0.375 0.375 0.75 0.75 0.75 1.375 1.375 4.1875 4.1875 4.1875 10.125 10.125 13.625 13.625 13.625 10.6875 10.6875 7.625 7.625 7.625 6.0625 6.0625 5.25 5.25 5.25 5.3125 5.3125 4.625 4.625 4.625 2.875 2.875 2.875 2.875 2.875 5.4375 5.4375 6.625 6.625 6.625 7.125 7.125 6.625 6.625 6.625 2.6875 2.6875 0.625 0.625 0.625 0 0 0 0 0 0 0 0 0 0 0 0 0 0 0 0 0 0 0 0 0 0 0 0 0 0 0 0 0 0 0
0.8125 0.8125 0.625 0.625 0.625 0.4375 0.4375 0.1875 0.1875 0.1875 0.0625 0.0625 0.0625 0.0625 0.0625 0.0625 0.0625 0.3125 0.3125 0.3125 1.8125 1.8125 6.75 6.75 6.75 11 11 12 12 12 11.625 11.625 8.5625 8.5625 8.5625 5.75 5.75 4.1875 4.1875 4.1875 2.8125 2.8125 3.0625 3.0625 3.0625 4.3125 4.3125 7.0625 7.0625 7.0625 9.5625 9.5625 9.1875 9.1875 9.1875 6.0625 6.0625 2.875 2.875 2.875 1.0625 1.0625 0.1875 0.1875 0.1875 0 0 0 0 0 0 0 0 0 0 0 0 0 0 0 0 0 0 0 0 0 0 0 0 0 0 0 0 0 0 0
0.8125 0.8125 0.625 0.625 0.625 0.4375 0.4375 0.1875 0.1875 0.1875 0.0625 0.0625 0.0625 0.0625 0.0625 0.0625 0.0625 0.3125 0.3125 0.3125 1.8125 1.8125 6.75 6.75 6.75 11 11 12 12 12 11.625 11.625 8.5625 8.5625 8.5625 5.75 5.75 4.1875 4.1875 4.1875 2.8125 2.8125 3.0625 3.0625 3.0625 4.3125 4.3125 7.0625 7.0625 7.0625 9.5625 9.5625 9.1875 9.1875 9.1875 6.0625 6.0625 2.875 2.875 2.875 1.0625 1.0625 0.1875 0.1875 0.1875 0 0 0 0 0 0 0 0 0 0 0 0 0 0 0 0 0 0 0 0 0 0 0 0 0 0 0 0 0 0 0
0.625 0.625 0.625 0.625 0.625 0.5625 0.5625 0.25 0.25 0.25 0 0 0 0 0 0 0 0.25 0.25 0.25 2.8125 2.8125 8.8125 8.8125 8.8125 13.5625 13.5625 14.25 14.25 14.25 10.4375 10.4375 6.5625 6.5625 6.5625 4.5625 4.5625 2.875 2.875 2.875 2.3125 2.3125 4.25 4.25 4.25 6.5 6.5 8.25 8.25 8.25 7.6875 7.6875 4.875 4.875 4.875 1.8125 1.8125 0.5 0.5 0.5 0.125 0.125 0 0 0 0 0 0 0 0 0 0 0 0 0 0 0 0 0 0 0 0 0 0 0 0 0 0 0 0 0 0 0 0 0 0
0.625 0.625 0.625 0.625 0.625 0.5625 0.5625 0.25 0.25 0.25 0 0 0 0 0 0 0 0.25 0.25 0.25 2.8125 2.8125 8.8125 8.8125 8.8125 13.5625 13.5625 14.25 14.25 14.25 10.4375 10.4375 6.5625 6.5625 6.5625 4.5625 4.5625 2.875 2.875 2.875 2.3125 2.3125 4.25 4.25 4.25 6.5 6.5 8.25 8.25 8.25 7.6875 7.6875 4.875 4.875 4.875 1.8125 1.8125 0.5 0.5 0.5 0.125 0.125 0 0 0 0 0 0 0 0 0 0 0 0 0 0 0 0 0 0 0 0 0 0 0 0 0 0 0 0 0 0 0 0 0 0
0.625 0.625 0.625 0.625 0.625 0.5625 0.5625 0.25 0.25 0.25 0 0 0 0 0 0 0 0.25 0.25 0.25 2.8125 2.8125 8.8125 8.8125 8.8125 13.5625 13.5625 14.25 14.25 14.25 10.4375 10.4375 6.5625 6.5625 6.5625 4.5625 4.5625 2.875 2.875 2.875 2.3125 2.3125 4.25 4.25 4.25 6.5 6.5 8.25 8.25 8.25 7.6875 7.6875 4.875 4.875 4.875 1.8125 1.8125 0.5 0.5 0.5 0.125 0.125 0 0 0 0 0 0 0 0 0 0 0 0 0 0 0 0 0 0 0 0 0 0 0 0 0 0 0 0 0 0 0 0 0 0
