Data/APCP/20200108.L3.apcp.gfs.pakistan.txt
ncols    	169
nrows    	134
xllcorner	60.9
yllcorner	23.7
cellsize 	0.1
NODATA_value  -9999
[rows 0 to 27 of 134, columns 63 to 125 of 169]
0.000000 0.000000 0.000000 0.000000 0.000000 0.000000 0.000000 0.000000 0.000000 0.000000 0.000000 0.000000 0.000000 0.000000 0.000000 0.000000 0.000000 0.000000 0.000000 0.000000 0.000000 0.000000 0.000000 0.000000 0.007812 0.007812 0.007812 0.015625 0.015625 0.015625 0.015625 0.015625 0.046875 0.046875 0.039062 0.039062 0.039062 0.046875 0.046875 0.054688 0.054688 0.054688 0.046875 0.046875 0.234375 0.234375 0.234375 0.335938 0.335938 0.187500 0.187500 0.187500 0.164062 0.164062 0.148438 0.148438 0.148438 0.250000 0.250000 0.492188 0.492188 0.492188 0.445312
0.000000 0.000000 0.000000 0.000000 0.000000 0.000000 0.000000 0.000000 0.000000 0.000000 0.000000 0.000000 0.000000 0.000000 0.000000 0.000000 0.000000 0.000000 0.000000 0.000000 0.000000 0.000000 0.000000 0.000000 0.007812 0.007812 0.007812 0.015625 0.015625 0.015625 0.015625 0.015625 0.046875 0.046875 0.039062 0.039062 0.039062 0.046875 0.046875 0.054688 0.054688 0.054688 0.046875 0.046875 0.234375 0.234375 0.234375 0.335938 0.335938 0.187500 0.187500 0.187500 0.164062 0.164062 0.148438 0.148438 0.148438 0.250000 0.250000 0.492188 0.492188 0.492188 0.445312
0.046875 0.046875 0.054688 0.054688 0.007812 0.007812 0.007812 0.000000 0.000000 0.000000 0.000000 0.000000 0.000000 0.000000 0.000000 0.000000 0.000000 0.000000 0.000000 0.000000 0.000000 0.000000 0.007812 0.007812 0.015625 0.015625 0.015625 0.023438 0.023438 0.046875 0.046875 0.046875 0.046875 0.046875 0.031250 0.031250 0.031250 0.015625 0.015625 0.007812 0.007812 0.007812 0.000000 0.000000 0.031250 0.031250 0.031250 0.179688 0.179688 0.554688 0.554688 0.554688 0.656250 0.656250 0.656250 0.656250 0.656250 0.570312 0.570312 0.585938 0.585938 0.585938 0.585938
0.046875 0.046875 0.054688 0.054688 0.007812 0.007812 0.007812 0.000000 0.000000 0.000000 0.000000 0.000000 0.000000 0.000000 0.000000 0.000000 0.000000 0.000000 0.000000 0.000000 0.000000 0.000000 0.007812 0.007812 0.015625 0.015625 0.015625 0.023438 0.023438 0.046875 0.046875 0.046875 0.046875 0.046875 0.031250 0.031250 0.031250 0.015625 0.015625 0.007812 0.007812 0.007812 0.000000 0.000000 0.031250 0.031250 0.031250 0.179688 0.179688 0.554688 0.554688 0.554688 0.656250 0.656250 0.656250 0.656250 0.656250 0.570312 0.570312 0.585938 0.585938 0.585938 0.585938
0.046875 0.046875 0.054688 0.054688 0.007812 0.007812 0.007812 0.000000 0.000000 0.000000 0.000000 0.000000 0.000000 0.000000 0.000000 0.000000 0.000000 0.000000 0.000000 0.000000 0.000000 0.000000 0.007812 0.007812 0.015625 0.015625 0.015625 0.023438 0.023438 0.046875 0.046875 0.046875 0.046875 0.046875 0.031250 0.031250 0.031250 0.015625 0.015625 0.007812 0.007812 0.007812 0.000000 0.000000 0.031250 0.031250 0.031250 0.179688 0.179688 0.554688 0.554688 0.554688 0.656250 0.656250 0.656250 0.656250 0.656250 0.570312 0.570312 0.585938 0.585938 0.585938 0.585938
0.257812 0.257812 0.156250 0.156250 0.070312 0.070312 0.070312 0.062500 0.062500 0.039062 0.039062 0.039062 0.015625 0.015625 0.007812 0.007812 0.007812 0.007812 0.007812 0.015625 0.015625 0.015625 0.054688 0.054688 0.054688 0.054688 0.054688 0.085938 0.085938 0.148438 0.148438 0.148438 0.140625 0.140625 0.039062 0.039062 0.039062 0.023438 0.023438 0.007812 0.007812 0.007812 0.023438 0.023438 0.078125 0.078125 0.078125 0.625000 0.625000 1.062500 1.062500 1.062500 0.992188 0.992188 0.992188 0.992188 0.992188 0.843750 0.843750 0.812500 0.812500 0.812500 0.796875
0.257812 0.257812 0.156250 0.156250 0.070312 0.070312 0.070312 0.062500 0.062500 0.039062 0.039062 0.039062 0.015625 0.015625 0.007812 0.007812 0.007812 0.007812 0.007812 0.015625 0.015625 0.015625 0.054688 0.054688 0.054688 0.054688 0.054688 0.085938 0.085938 0.148438 0.148438 0.148438 0.140625 0.140625 0.039062 0.039062 0.039062 0.023438 0.023438 0.007812 0.007812 0.007812 0.023438 0.023438 0.078125 0.078125 0.078125 0.625000 0.625000 1.062500 1.062500 1.062500 0.992188 0.992188 0.992188 0.992188 0.992188 0.843750 0.843750 0.812500 0.812500 0.812500 0.796875
0.093750 0.093750 0.085938 0.085938 0.093750 0.093750 0.093750 0.093750 0.093750 0.039062 0.039062 0.039062 0.015625 0.015625 0.000000 0.000000 0.000000 0.015625 0.015625 0.046875 0.046875 0.046875 0.085938 0.085938 0.140625 0.140625 0.140625 0.398438 0.398438 0.359375 0.359375 0.359375 0.578125 0.578125 0.179688 0.179688 0.179688 0.156250 0.156250 0.343750 0.343750 0.343750 0.421875 0.421875 0.421875 0.421875 0.421875 0.656250 0.656250 0.750000 0.750000 0.750000 1.156250 1.156250 1.023438 1.023438 1.023438 1.007812 1.007812 0.843750 0.843750 0.843750 0.671875
0.093750 0.093750 0.085938 0.085938 0.093750 0.093750 0.093750 0.093750 0.093750 0.039062 0.039062 0.039062 0.015625 0.015625 0.000000 0.000000 0.000000 0.015625 0.015625 0.046875 0.046875 0.046875 0.085938 0.085938 0.140625 0.140625 0.140625 0.398438 0.398438 0.359375 0.359375 0.359375 0.578125 0.578125 0.179688 0.179688 0.179688 0.156250 0.156250 0.343750 0.343750 0.343750 0.421875 0.421875 0.421875 0.421875 0.421875 0.656250 0.656250 0.750000 0.750000 0.750000 1.156250 1.156250 1.023438 1.023438 1.023438 1.007812 1.007812 0.843750 0.843750 0.843750 0.671875
0.093750 0.093750 0.085938 0.085938 0.093750 0.093750 0.093750 0.093750 0.093750 0.039062 0.039062 0.039062 0.015625 0.015625 0.000000 0.000000 0.000000 0.015625 0.015625 0.046875 0.046875 0.046875 0.085938 0.085938 0.140625 0.140625 0.140625 0.398438 0.398438 0.359375 0.359375 0.359375 0.578125 0.578125 0.179688 0.179688 0.179688 0.156250 0.156250 0.343750 0.343750 0.343750 0.421875 0.421875 0.421875 0.421875 0.421875 0.656250 0.656250 0.750000 0.750000 0.750000 1.156250 1.156250 1.023438 1.023438 1.023438 1.007812 1.007812 0.843750 0.843750 0.843750 0.671875
0.007812 0.007812 0.007812 0.007812 0.023438 0.023438 0.023438 0.015625 0.015625 0.015625 0.015625 0.015625 0.000000 0.000000 0.000000 0.000000 0.000000 0.046875 0.046875 0.085938 0.085938 0.085938 0.203125 0.203125 0.445312 0.445312 0.445312 0.546875 0.546875 0.515625 0.515625 0.515625 0.492188 0.492188 0.140625 0.140625 0.140625 0.281250 0.281250 0.828125 0.828125 0.828125 0.750000 0.750000 0.554688 0.554688 0.554688 0.640625 0.640625 0.843750 0.843750 0.843750 0.968750 0.968750 0.921875 0.921875 0.921875 0.750000 0.750000 0.648438 0.648438 0.648438 0.570312
0.007812 0.007812 0.007812 0.007812 0.023438 0.023438 0.023438 0.015625 0.015625 0.015625 0.015625 0.015625 0.000000 0.000000 0.000000 0.000000 0.000000 0.046875 0.046875 0.085938 0.085938 0.085938 0.203125 0.203125 0.445312 0.445312 0.445312 0.546875 0.546875 0.515625 0.515625 0.515625 0.492188 0.492188 0.140625 0.140625 0.140625 0.281250 0.281250 0.828125 0.828125 0.828125 0.750000 0.750000 0.554688 0.554688 0.554688 0.640625 0.640625 0.843750 0.843750 0.843750 0.968750 0.968750 0.921875 0.921875 0.921875 0.750000 0.750000 0.648438 0.648438 0.648438 0.570312
0.015625 0.015625 0.015625 0.015625 0.015625 0.015625 0.015625 0.000000 0.000000 0.000000 0.000000 0.000000 0.015625 0.015625 0.023438 0.023438 0.023438 0.164062 0.164062 0.171875 0.171875 0.171875 0.218750 0.218750 0.671875 0.671875 0.671875 0.796875 0.796875 0.734375 0.734375 0.734375 0.609375 0.609375 0.523438 0.523438 0.523438 0.656250 0.656250 0.796875 0.796875 0.796875 0.929688 0.929688 0.687500 0.687500 0.687500 0.906250 0.906250 1.312500 1.312500 1.312500 1.617188 1.617188 1.546875 1.546875 1.546875 1.500000 1.500000 1.320312 1.320312 1.320312 0.812500
0.015625 0.015625 0.015625 0.015625 0.015625 0.015625 0.015625 0.000000 0.000000 0.000000 0.000000 0.000000 0.015625 0.015625 0.023438 0.023438 0.023438 0.164062 0.164062 0.171875 0.171875 0.171875 0.218750 0.218750 0.671875 0.671875 0.671875 0.796875 0.796875 0.734375 0.734375 0.734375 0.609375 0.609375 0.523438 0.523438 0.523438 0.656250 0.656250 0.796875 0.796875 0.796875 0.929688 0.929688 0.687500 0.687500 0.687500 0.906250 0.906250 1.312500 1.312500 1.312500 1.617188 1.617188 1.546875 1.546875 1.546875 1.500000 1.500000 1.320312 1.320312 1.320312 0.812500
0.015625 0.015625 0.015625 0.015625 0.015625 0.015625 0.015625 0.000000 0.000000 0.000000 0.000000 0.000000 0.015625 0.015625 0.023438 0.023438 0.023438 0.164062 0.164062 0.171875 0.171875 0.171875 0.218750 0.218750 0.671875 0.671875 0.671875 0.796875 0.796875 0.734375 0.734375 0.734375 0.609375 0.609375 0.523438 0.523438 0.523438 0.656250 0.656250 0.796875 0.796875 0.796875 0.929688 0.929688 0.687500 0.687500 0.687500 0.906250 0.906250 1.312500 1.312500 1.312500 1.617188 1.617188 1.546875 1.546875 1.546875 1.500000 1.500000 1.320312 1.320312 1.320312 0.812500
0.195312 0.195312 0.265625 0.265625 0.125000 0.125000 0.125000 0.039062 0.039062 0.062500 0.062500 0.062500 0.171875 0.171875 0.273438 0.273438 0.273438 0.343750 0.343750 0.351562 0.351562 0.351562 0.656250 0.656250 1.007812 1.007812 1.007812 0.781250 0.781250 1.250000 1.250000 1.250000 1.195312 1.195312 1.335938 1.335938 1.335938 1.257812 1.257812 0.843750 0.843750 0.843750 0.539062 0.539062 0.695312 0.695312 0.695312 0.851562 0.851562 1.101562 1.101562 1.101562 1.265625 1.265625 1.648438 1.648438 1.648438 1.718750 1.718750 1.273438 1.273438 1.273438 1.062500
0.195312 0.195312 0.265625 0.265625 0.125000 0.125000 0.125000 0.039062 0.039062 0.062500 0.062500 0.062500 0.171875 0.171875 0.273438 0.273438 0.273438 0.343750 0.343750 0.351562 0.351562 0.351562 0.656250 0.656250 1.007812 1.007812 1.007812 0.781250 0.781250 1.250000 1.250000 1.250000 1.195312 1.195312 1.335938 1.335938 1.335938 1.257812 1.257812 0.843750 0.843750 0.843750 0.539062 0.539062 0.695312 0.695312 0.695312 0.851562 0.851562 1.101562 1.101562 1.101562 1.265625 1.265625 1.648438 1.648438 1.648438 1.718750 1.718750 1.273438 1.273438 1.273438 1.062500
0.398438 0.398438 0.289062 0.289062 0.070312 0.070312 0.070312 0.039062 0.039062 0.140625 0.140625 0.140625 0.468750 0.468750 1.140625 1.140625 1.140625 1.398438 1.398438 1.031250 1.031250 1.031250 0.984375 0.984375 1.140625 1.140625 1.140625 1.585938 1.585938 1.226562 1.226562 1.226562 1.359375 1.359375 1.484375 1.484375 1.484375 1.007812 1.007812 0.750000 0.750000 0.750000 0.445312 0.445312 0.507812 0.507812 0.507812 0.476562 0.476562 0.953125 0.953125 0.953125 1.046875 1.046875 1.429688 1.429688 1.429688 1.343750 1.343750 1.468750 1.468750 1.468750 1.835938
0.398438 0.398438 0.289062 0.289062 0.070312 0.070312 0.070312 0.039062 0.039062 0.140625 0.140625 0.140625 0.468750 0.468750 1.140625 1.140625 1.140625 1.398438 1.398438 1.031250 1.031250 1.031250 0.984375 0.984375 1.140625 1.140625 1.140625 1.585938 1.585938 1.226562 1.226562 1.226562 1.359375 1.359375 1.484375 1.484375 1.484375 1.007812 1.007812 0.750000 0.750000 0.750000 0.445312 0.445312 0.507812 0.507812 0.507812 0.476562 0.476562 0.953125 0.953125 0.953125 1.046875 1.046875 1.429688 1.429688 1.429688 1.343750 1.343750 1.468750 1.468750 1.468750 1.835938
0.398438 0.398438 0.289062 0.289062 0.070312 0.070312 0.070312 0.039062 0.039062 0.140625 0.140625 0.140625 0.468750 0.468750 1.140625 1.140625 1.140625 1.398438 1.398438 1.031250 1.031250 1.031250 0.984375 0.984375 1.140625 1.140625 1.140625 1.585938 1.585938 1.226562 1.226562 1.226562 1.359375 1.359375 1.484375 1.484375 1.484375 1.007812 1.007812 0.750000 0.750000 0.750000 0.445312 0.445312 0.507812 0.507812 0.507812 0.476562 0.476562 0.953125 0.953125 0.953125 1.046875 1.046875 1.429688 1.429688 1.429688 1.343750 1.343750 1.468750 1.468750 1.468750 1.835938
0.820312 0.820312 0.375000 0.375000 0.343750 0.343750 0.343750 0.296875 0.296875 0.882812 0.882812 0.882812 1.523438 1.523438 1.101562 1.101562 1.101562 0.867188 0.867188 0.664062 0.664062 0.664062 0.632812 0.632812 0.890625 0.890625 0.890625 1.101562 1.101562 0.500000 0.500000 0.500000 0.375000 0.375000 0.421875 0.421875 0.421875 0.312500 0.312500 0.296875 0.296875 0.296875 0.445312 0.445312 0.312500 0.312500 0.312500 0.367188 0.367188 0.468750 0.468750 0.468750 0.476562 0.476562 0.679688 0.679688 0.679688 0.773438 0.773438 1.554688 1.554688 1.554688 1.664062
0.820312 0.820312 0.375000 0.375000 0.343750 0.343750 0.343750 0.296875 0.296875 0.882812 0.882812 0.882812 1.523438 1.523438 1.101562 1.101562 1.101562 0.867188 0.867188 0.664062 0.664062 0.664062 0.632812 0.632812 0.890625 0.890625 0.890625 1.101562 1.101562 0.500000 0.500000 0.500000 0.375000 0.375000 0.421875 0.421875 0.421875 0.312500 0.312500 0.296875 0.296875 0.296875 0.445312 0.445312 0.312500 0.312500 0.312500 0.367188 0.367188 0.468750 0.468750 0.468750 0.476562 0.476562 0.679688 0.679688 0.679688 0.773438 0.773438 1.554688 1.554688 1.554688 1.664062
0.765625 0.765625 0.890625 0.890625 1.187500 1.187500 1.187500 1.156250 1.156250 1.742188 1.742188 1.742188 1.929688 1.929688 1.414062 1.414062 1.414062 0.867188 0.867188 0.546875 0.546875 0.546875 0.453125 0.453125 0.281250 0.281250 0.281250 0.171875 0.171875 0.062500 0.062500 0.062500 0.242188 0.242188 0.320312 0.320312 0.320312 0.171875 0.171875 0.195312 0.195312 0.195312 0.179688 0.179688 0.257812 0.257812 0.257812 0.320312 0.320312 0.304688 0.304688 0.304688 0.484375 0.484375 0.484375 0.484375 0.484375 0.625000 0.625000 1.195312 1.195312 1.195312 1.500000
0.765625 0.765625 0.890625 0.890625 1.187500 1.187500 1.187500 1.156250 1.156250 1.742188 1.742188 1.742188 1.929688 1.929688 1.414062 1.414062 1.414062 0.867188 0.867188 0.546875 0.546875 0.546875 0.453125 0.453125 0.281250 0.281250 0.281250 0.171875 0.171875 0.062500 0.062500 0.062500 0.242188 0.242188 0.320312 0.320312 0.320312 0.171875 0.171875 0.195312 0.195312 0.195312 0.179688 0.179688 0.257812 0.257812 0.257812 0.320312 0.320312 0.304688 0.304688 0.304688 0.484375 0.484375 0.484375 0.484375 0.484375 0.625000 0.625000 1.195312 1.195312 1.195312 1.500000
0.765625 0.765625 0.890625 0.890625 1.187500 1.187500 1.187500 1.156250 1.156250 1.742188 1.742188 1.742188 1.929688 1.929688 1.414062 1.414062 1.414062 0.867188 0.867188 0.546875 0.546875 0.546875 0.453125 0.453125 0.281250 0.281250 0.281250 0.171875 0.171875 0.062500 0.062500 0.062500 0.242188 0.242188 0.320312 0.320312 0.320312 0.171875 0.171875 0.195312 0.195312 0.195312 0.179688 0.179688 0.257812 0.257812 0.257812 0.320312 0.320312 0.304688 0.304688 0.304688 0.484375 0.484375 0.484375 0.484375 0.484375 0.625000 0.625000 1.195312 1.195312 1.195312 1.500000
1.093750 1.093750 1.617188 1.617188 1.718750 1.718750 1.718750 1.679688 1.679688 1.859375 1.859375 1.859375 2.265625 2.265625 1.585938 1.585938 1.585938 0.679688 0.679688 0.546875 0.546875 0.546875 0.539062 0.539062 0.242188 0.242188 0.242188 0.054688 0.054688 0.000000 0.000000 0.000000 0.015625 0.015625 0.023438 0.023438 0.023438 0.140625 0.140625 0.226562 0.226562 0.226562 0.257812 0.257812 0.273438 0.273438 0.273438 0.234375 0.234375 0.289062 0.289062 0.289062 0.304688 0.304688 0.375000 0.375000 0.375000 0.335938 0.335938 0.257812 0.257812 0.257812 0.476562
1.093750 1.093750 1.617188 1.617188 1.718750 1.718750 1.718750 1.679688 1.679688 1.859375 1.859375 1.859375 2.265625 2.265625 1.585938 1.585938 1.585938 0.679688 0.679688 0.546875 0.546875 0.546875 0.539062 0.539062 0.242188 0.242188 0.242188 0.054688 0.054688 0.000000 0.000000 0.000000 0.015625 0.015625 0.023438 0.023438 0.023438 0.140625 0.140625 0.226562 0.226562 0.226562 0.257812 0.257812 0.273438 0.273438 0.273438 0.234375 0.234375 0.289062 0.289062 0.289062 0.304688 0.304688 0.375000 0.375000 0.375000 0.335938 0.335938 0.257812 0.257812 0.257812 0.476562
0.882812 0.882812 0.898438 0.898438 1.070312 1.070312 1.070312 1.039062 1.039062 1.445312 1.445312 1.445312 1.640625 1.640625 0.937500 0.937500 0.937500 0.453125 0.453125 0.617188 0.617188 0.617188 0.718750 0.718750 0.500000 0.500000 0.500000 0.390625 0.390625 0.156250 0.156250 0.156250 0.031250 0.031250 0.015625 0.015625 0.015625 0.046875 0.046875 0.117188 0.117188 0.117188 0.148438 0.148438 0.132812 0.132812 0.132812 0.078125 0.078125 0.039062 0.039062 0.039062 0.046875 0.046875 0.093750 0.093750 0.093750 0.070312 0.070312 0.085938 0.085938 0.085938 0.171875
