Data/APCP/20200108.L5.apcp.gfs.pakistan.txt
ncols    	169
nrows    	134
xllcorner	60.9
yllcorner	23.7
cellsize 	0.1
NODATA_value  -9999
[rows 28 to 55 of 134, columns 63 to 125 of 169]
0.015625 0.015625 0.078125 0.078125 0.031250 0.031250 0.031250 0.031250 0.031250 0.093750 0.093750 0.093750 0.054688 0.054688 0.015625 0.015625 0.015625 0.031250 0.031250 0.085938 0.085938 0.085938 0.148438 0.148438 0.109375 0.109375 0.109375 0.148438 0.148438 0.359375 0.359375 0.359375 0.421875 0.421875 0.320312 0.320312 0.320312 0.562500 0.562500 0.890625 0.890625 0.890625 0.523438 0.523438 1.031250 1.031250 1.031250 2.109375 2.109375 4.210938 4.210938 4.210938 5.773438 5.773438 7.000000 7.000000 7.000000 6.539062 6.539062 6.648438 6.648438 6.648438 7.179688
0.015625 0.015625 0.078125 0.078125 0.031250 0.031250 0.031250 0.031250 0.031250 0.093750 0.093750 0.093750 0.054688 0.054688 0.015625 0.015625 0.015625 0.031250 0.031250 0.085938 0.085938 0.085938 0.148438 0.148438 0.109375 0.109375 0.109375 0.148438 0.148438 0.359375 0.359375 0.359375 0.421875 0.421875 0.320312 0.320312 0.320312 0.562500 0.562500 0.890625 0.890625 0.890625 0.523438 0.523438 1.031250 1.031250 1.031250 2.109375 2.109375 4.210938 4.210938 4.210938 5.773438 5.773438 7.000000 7.000000 7.000000 6.539062 6.539062 6.648438 6.648438 6.648438 7.179688
0.078125 0.078125 0.171875 0.171875 0.062500 0.062500 0.062500 0.046875 0.046875 0.078125 0.078125 0.078125 0.031250 0.031250 0.015625 0.015625 0.015625 0.039062 0.039062 0.070312 0.070312 0.070312 0.093750 0.093750 0.078125 0.078125 0.078125 0.179688 0.179688 0.445312 0.445312 0.445312 0.625000 0.625000 0.406250 0.406250 0.406250 0.421875 0.421875 0.507812 0.507812 0.507812 0.437500 0.437500 0.843750 0.843750 0.843750 1.515625 1.515625 2.914062 2.914062 2.914062 5.062500 5.062500 7.039062 7.039062 7.039062 8.109375 8.109375 8.367188 8.367188 8.367188 8.539062
0.078125 0.078125 0.171875 0.171875 0.062500 0.062500 0.062500 0.046875 0.046875 0.078125 0.078125 0.078125 0.031250 0.031250 0.015625 0.015625 0.015625 0.039062 0.039062 0.070312 0.070312 0.070312 0.093750 0.093750 0.078125 0.078125 0.078125 0.179688 0.179688 0.445312 0.445312 0.445312 0.625000 0.625000 0.406250 0.406250 0.406250 0.421875 0.421875 0.507812 0.507812 0.507812 0.437500 0.437500 0.843750 0.843750 0.843750 1.515625 1.515625 2.914062 2.914062 2.914062 5.062500 5.062500 7.039062 7.039062 7.039062 8.109375 8.109375 8.367188 8.367188 8.367188 8.539062
0.078125 0.078125 0.054688 0.054688 0.000000 0.000000 0.000000 0.015625 0.015625 0.015625 0.015625 0.015625 0.039062 0.039062 0.062500 0.062500 0.062500 0.093750 0.093750 0.156250 0.156250 0.156250 0.062500 0.062500 0.000000 0.000000 0.000000 0.031250 0.031250 0.148438 0.148438 0.148438 0.257812 0.257812 0.273438 0.273438 0.273438 0.265625 0.265625 0.289062 0.289062 0.289062 0.531250 0.531250 0.867188 0.867188 0.867188 0.937500 0.937500 2.054688 2.054688 2.054688 4.242188 4.242188 5.851562 5.851562 5.851562 6.828125 6.828125 7.679688 7.679688 7.679688 8.445312
0.078125 0.078125 0.054688 0.054688 0.000000 0.000000 0.000000 0.015625 0.015625 0.015625 0.015625 0.015625 0.039062 0.039062 0.062500 0.062500 0.062500 0.093750 0.093750 0.156250 0.156250 0.156250 0.062500 0.062500 0.000000 0.000000 0.000000 0.031250 0.031250 0.148438 0.148438 0.148438 0.257812 0.257812 0.273438 0.273438 0.273438 0.265625 0.265625 0.289062 0.289062 0.289062 0.531250 0.531250 0.867188 0.867188 0.867188 0.937500 0.937500 2.054688 2.054688 2.054688 4.242188 4.242188 5.851562 5.851562 5.851562 6.828125 6.828125 7.679688 7.679688 7.679688 8.445312
0.078125 0.078125 0.054688 0.054688 0.000000 0.000000 0.000000 0.015625 0.015625 0.015625 0.015625 0.015625 0.039062 0.039062 0.062500 0.062500 0.062500 0.093750 0.093750 0.156250 0.156250 0.156250 0.062500 0.062500 0.000000 0.000000 0.000000 0.031250 0.031250 0.148438 0.148438 0.148438 0.257812 0.257812 0.273438 0.273438 0.273438 0.265625 0.265625 0.289062 0.289062 0.289062 0.531250 0.531250 0.867188 0.867188 0.867188 0.937500 0.937500 2.054688 2.054688 2.054688 4.242188 4.242188 5.851562 5.851562 5.851562 6.828125 6.828125 7.679688 7.679688 7.679688 8.445312
0.007812 0.007812 0.000000 0.000000 0.000000 0.000000 0.000000 0.000000 0.000000 0.015625 0.015625 0.015625 0.093750 0.093750 0.156250 0.156250 0.156250 0.226562 0.226562 0.195312 0.195312 0.195312 0.039062 0.039062 0.000000 0.000000 0.000000 0.000000 0.000000 0.039062 0.039062 0.039062 0.125000 0.125000 0.250000 0.250000 0.250000 0.453125 0.453125 0.437500 0.437500 0.437500 0.562500 0.562500 0.734375 0.734375 0.734375 0.507812 0.507812 1.312500 1.312500 1.312500 3.398438 3.398438 4.585938 4.585938 4.585938 5.125000 5.125000 6.343750 6.343750 6.343750 6.632812
0.007812 0.007812 0.000000 0.000000 0.000000 0.000000 0.000000 0.000000 0.000000 0.015625 0.015625 0.015625 0.093750 0.093750 0.156250 0.156250 0.156250 0.226562 0.226562 0.195312 0.195312 0.195312 0.039062 0.039062 0.000000 0.000000 0.000000 0.000000 0.000000 0.039062 0.039062 0.039062 0.125000 0.125000 0.250000 0.250000 0.250000 0.453125 0.453125 0.437500 0.437500 0.437500 0.562500 0.562500 0.734375 0.734375 0.734375 0.507812 0.507812 1.312500 1.312500 1.312500 3.398438 3.398438 4.585938 4.585938 4.585938 5.125000 5.125000 6.343750 6.343750 6.343750 6.632812
0.007812 0.007812 0.000000 0.000000 0.000000 0.000000 0.000000 0.015625 0.015625 0.070312 0.070312 0.070312 0.093750 0.093750 0.125000 0.125000 0.125000 0.164062 0.164062 0.062500 0.062500 0.062500 0.000000 0.000000 0.000000 0.000000 0.000000 0.007812 0.007812 0.015625 0.015625 0.015625 0.015625 0.015625 0.031250 0.031250 0.031250 0.078125 0.078125 0.195312 0.195312 0.195312 0.460938 0.460938 0.656250 0.656250 0.656250 0.375000 0.375000 0.914062 0.914062 0.914062 3.007812 3.007812 4.078125 4.078125 4.078125 4.742188 4.742188 6.234375 6.234375 6.234375 5.304688
0.007812 0.007812 0.000000 0.000000 0.000000 0.000000 0.000000 0.015625 0.015625 0.070312 0.070312 0.070312 0.093750 0.093750 0.125000 0.125000 0.125000 0.164062 0.164062 0.062500 0.062500 0.062500 0.000000 0.000000 0.000000 0.000000 0.000000 0.007812 0.007812 0.015625 0.015625 0.015625 0.015625 0.015625 0.031250 0.031250 0.031250 0.078125 0.078125 0.195312 0.195312 0.195312 0.460938 0.460938 0.656250 0.656250 0.656250 0.375000 0.375000 0.914062 0.914062 0.914062 3.007812 3.007812 4.078125 4.078125 4.078125 4.742188 4.742188 6.234375 6.234375 6.234375 5.304688
0.007812 0.007812 0.000000 0.000000 0.000000 0.000000 0.000000 0.015625 0.015625 0.070312 0.070312 0.070312 0.093750 0.093750 0.125000 0.125000 0.125000 0.164062 0.164062 0.062500 0.062500 0.062500 0.000000 0.000000 0.000000 0.000000 0.000000 0.007812 0.007812 0.015625 0.015625 0.015625 0.015625 0.015625 0.031250 0.031250 0.031250 0.078125 0.078125 0.195312 0.195312 0.195312 0.460938 0.460938 0.656250 0.656250 0.656250 0.375000 0.375000 0.914062 0.914062 0.914062 3.007812 3.007812 4.078125 4.078125 4.078125 4.742188 4.742188 6.234375 6.234375 6.234375 5.304688
0.000000 0.000000 0.000000 0.000000 0.000000 0.000000 0.000000 0.007812 0.007812 0.085938 0.085938 0.085938 0.164062 0.164062 0.195312 0.195312 0.195312 0.109375 0.109375 0.000000 0.000000 0.000000 0.000000 0.000000 0.000000 0.000000 0.000000 0.000000 0.000000 0.000000 0.000000 0.000000 0.000000 0.000000 0.000000 0.000000 0.000000 0.023438 0.023438 0.078125 0.078125 0.078125 0.367188 0.367188 0.703125 0.703125 0.703125 0.414062 0.414062 0.773438 0.773438 0.773438 2.437500 2.437500 3.914062 3.914062 3.914062 4.406250 4.406250 5.265625 5.265625 5.265625 4.109375
0.000000 0.000000 0.000000 0.000000 0.000000 0.000000 0.000000 0.007812 0.007812 0.085938 0.085938 0.085938 0.164062 0.164062 0.195312 0.195312 0.195312 0.109375 0.109375 0.000000 0.000000 0.000000 0.000000 0.000000 0.000000 0.000000 0.000000 0.000000 0.000000 0.000000 0.000000 0.000000 0.000000 0.000000 0.000000 0.000000 0.000000 0.023438 0.023438 0.078125 0.078125 0.078125 0.367188 0.367188 0.703125 0.703125 0.703125 0.414062 0.414062 0.773438 0.773438 0.773438 2.437500 2.437500 3.914062 3.914062 3.914062 4.406250 4.406250 5.265625 5.265625 5.265625 4.109375
0.039062 0.039062 0.046875 0.046875 0.007812 0.007812 0.007812 0.007812 0.007812 0.109375 0.109375 0.109375 0.273438 0.273438 0.273438 0.273438 0.273438 0.023438 0.023438 0.000000 0.000000 0.000000 0.000000 0.000000 0.000000 0.000000 0.000000 0.000000 0.000000 0.000000 0.000000 0.000000 0.000000 0.000000 0.000000 0.000000 0.000000 0.000000 0.000000 0.007812 0.007812 0.007812 0.195312 0.195312 0.640625 0.640625 0.640625 0.460938 0.460938 0.906250 0.906250 0.906250 1.921875 1.921875 3.343750 3.343750 3.343750 3.718750 3.718750 4.117188 4.117188 4.117188 3.218750
0.039062 0.039062 0.046875 0.046875 0.007812 0.007812 0.007812 0.007812 0.007812 0.109375 0.109375 0.109375 0.273438 0.273438 0.273438 0.273438 0.273438 0.023438 0.023438 0.000000 0.000000 0.000000 0.000000 0.000000 0.000000 0.000000 0.000000 0.000000 0.000000 0.000000 0.000000 0.000000 0.000000 0.000000 0.000000 0.000000 0.000000 0.000000 0.000000 0.007812 0.007812 0.007812 0.195312 0.195312 0.640625 0.640625 0.640625 0.460938 0.460938 0.906250 0.906250 0.906250 1.921875 1.921875 3.343750 3.343750 3.343750 3.718750 3.718750 4.117188 4.117188 4.117188 3.218750
0.039062 0.039062 0.046875 0.046875 0.007812 0.007812 0.007812 0.007812 0.007812 0.109375 0.109375 0.109375 0.273438 0.273438 0.273438 0.273438 0.273438 0.023438 0.023438 0.000000 0.000000 0.000000 0.000000 0.000000 0.000000 0.000000 0.000000 0.000000 0.000000 0.000000 0.000000 0.000000 0.000000 0.000000 0.000000 0.000000 0.000000 0.000000 0.000000 0.007812 0.007812 0.007812 0.195312 0.195312 0.640625 0.640625 0.640625 0.460938 0.460938 0.906250 0.906250 0.906250 1.921875 1.921875 3.343750 3.343750 3.343750 3.718750 3.718750 4.117188 4.117188 4.117188 3.218750
0.218750 0.218750 0.242188 0.242188 0.093750 0.093750 0.093750 0.023438 0.023438 0.093750 0.093750 0.093750 0.195312 0.195312 0.109375 0.109375 0.109375 0.000000 0.000000 0.007812 0.007812 0.007812 0.000000 0.000000 0.000000 0.000000 0.000000 0.000000 0.000000 0.000000 0.000000 0.000000 0.000000 0.000000 0.000000 0.000000 0.000000 0.000000 0.000000 0.000000 0.000000 0.000000 0.101562 0.101562 0.414062 0.414062 0.414062 0.351562 0.351562 0.609375 0.609375 0.609375 1.296875 1.296875 2.046875 2.046875 2.046875 2.484375 2.484375 2.843750 2.843750 2.843750 2.742188
0.218750 0.218750 0.242188 0.242188 0.093750 0.093750 0.093750 0.023438 0.023438 0.093750 0.093750 0.093750 0.195312 0.195312 0.109375 0.109375 0.109375 0.000000 0.000000 0.007812 0.007812 0.007812 0.000000 0.000000 0.000000 0.000000 0.000000 0.000000 0.000000 0.000000 0.000000 0.000000 0.000000 0.000000 0.000000 0.000000 0.000000 0.000000 0.000000 0.000000 0.000000 0.000000 0.101562 0.101562 0.414062 0.414062 0.414062 0.351562 0.351562 0.609375 0.609375 0.609375 1.296875 1.296875 2.046875 2.046875 2.046875 2.484375 2.484375 2.843750 2.843750 2.843750 2.742188
0.406250 0.406250 0.187500 0.187500 0.085938 0.085938 0.085938 0.101562 0.101562 0.101562 0.101562 0.101562 0.085938 0.085938 0.000000 0.000000 0.000000 0.000000 0.000000 0.000000 0.000000 0.000000 0.000000 0.000000 0.000000 0.000000 0.000000 0.000000 0.000000 0.000000 0.000000 0.000000 0.000000 0.000000 0.000000 0.000000 0.000000 0.000000 0.000000 0.000000 0.000000 0.000000 0.039062 0.039062 0.210938 0.210938 0.210938 0.179688 0.179688 0.304688 0.304688 0.304688 0.882812 0.882812 1.382812 1.382812 1.382812 1.960938 1.960938 2.437500 2.437500 2.437500 2.546875
0.406250 0.406250 0.187500 0.187500 0.085938 0.085938 0.085938 0.101562 0.101562 0.101562 0.101562 0.101562 0.085938 0.085938 0.000000 0.000000 0.000000 0.000000 0.000000 0.000000 0.000000 0.000000 0.000000 0.000000 0.000000 0.000000 0.000000 0.000000 0.000000 0.000000 0.000000 0.000000 0.000000 0.000000 0.000000 0.000000 0.000000 0.000000 0.000000 0.000000 0.000000 0.000000 0.039062 0.039062 0.210938 0.210938 0.210938 0.179688 0.179688 0.304688 0.304688 0.304688 0.882812 0.882812 1.382812 1.382812 1.382812 1.960938 1.960938 2.437500 2.437500 2.437500 2.546875
0.406250 0.406250 0.187500 0.187500 0.085938 0.085938 0.085938 0.101562 0.101562 0.101562 0.101562 0.101562 0.085938 0.085938 0.000000 0.000000 0.000000 0.000000 0.000000 0.000000 0.000000 0.000000 0.000000 0.000000 0.000000 0.000000 0.000000 0.000000 0.000000 0.000000 0.000000 0.000000 0.000000 0.000000 0.000000 0.000000 0.000000 0.000000 0.000000 0.000000 0.000000 0.000000 0.039062 0.039062 0.210938 0.210938 0.210938 0.179688 0.179688 0.304688 0.304688 0.304688 0.882812 0.882812 1.382812 1.382812 1.382812 1.960938 1.960938 2.437500 2.437500 2.437500 2.546875
0.328125 0.328125 0.078125 0.078125 0.109375 0.109375 0.109375 0.085938 0.085938 0.023438 0.023438 0.023438 0.007812 0.007812 0.000000 0.000000 0.000000 0.000000 0.000000 0.000000 0.000000 0.000000 0.000000 0.000000 0.000000 0.000000 0.000000 0.000000 0.000000 0.000000 0.000000 0.000000 0.000000 0.000000 0.000000 0.000000 0.000000 0.000000 0.000000 0.000000 0.000000 0.000000 0.015625 0.015625 0.117188 0.117188 0.117188 0.109375 0.109375 0.187500 0.187500 0.187500 0.468750 0.468750 1.015625 1.015625 1.015625 1.640625 1.640625 2.054688 2.054688 2.054688 2.460938
0.328125 0.328125 0.078125 0.078125 0.109375 0.109375 0.109375 0.085938 0.085938 0.023438 0.023438 0.023438 0.007812 0.007812 0.000000 0.000000 0.000000 0.000000 0.000000 0.000000 0.000000 0.000000 0.000000 0.000000 0.000000 0.000000 0.000000 0.000000 0.000000 0.000000 0.000000 0.000000 0.000000 0.000000 0.000000 0.000000 0.000000 0.000000 0.000000 0.000000 0.000000 0.000000 0.015625 0.015625 0.117188 0.117188 0.117188 0.109375 0.109375 0.187500 0.187500 0.187500 0.468750 0.468750 1.015625 1.015625 1.015625 1.640625 1.640625 2.054688 2.054688 2.054688 2.460938
0.148438 0.148438 0.101562 0.101562 0.117188 0.117188 0.117188 0.039062 0.039062 0.007812 0.007812 0.007812 0.000000 0.000000 0.000000 0.000000 0.000000 0.000000 0.000000 0.000000 0.000000 0.000000 0.000000 0.000000 0.000000 0.000000 0.000000 0.000000 0.000000 0.000000 0.000000 0.000000 0.000000 0.000000 0.000000 0.000000 0.000000 0.000000 0.000000 0.000000 0.000000 0.000000 0.000000 0.000000 0.046875 0.046875 0.046875 0.054688 0.054688 0.101562 0.101562 0.101562 0.187500 0.187500 0.773438 0.773438 0.773438 1.335938 1.335938 1.546875 1.546875 1.546875 2.437500
0.148438 0.148438 0.101562 0.101562 0.117188 0.117188 0.117188 0.039062 0.039062 0.007812 0.007812 0.007812 0.000000 0.000000 0.000000 0.000000 0.000000 0.000000 0.000000 0.000000 0.000000 0.000000 0.000000 0.000000 0.000000 0.000000 0.000000 0.000000 0.000000 0.000000 0.000000 0.000000 0.000000 0.000000 0.000000 0.000000 0.000000 0.000000 0.000000 0.000000 0.000000 0.000000 0.000000 0.000000 0.046875 0.046875 0.046875 0.054688 0.054688 0.101562 0.101562 0.101562 0.187500 0.187500 0.773438 0.773438 0.773438 1.335938 1.335938 1.546875 1.546875 1.546875 2.437500
0.148438 0.148438 0.101562 0.101562 0.117188 0.117188 0.117188 0.039062 0.039062 0.007812 0.007812 0.007812 0.000000 0.000000 0.000000 0.000000 0.000000 0.000000 0.000000 0.000000 0.000000 0.000000 0.000000 0.000000 0.000000 0.000000 0.000000 0.000000 0.000000 0.000000 0.000000 0.000000 0.000000 0.000000 0.000000 0.000000 0.000000 0.000000 0.000000 0.000000 0.000000 0.000000 0.000000 0.000000 0.046875 0.046875 0.046875 0.054688 0.054688 0.101562 0.101562 0.101562 0.187500 0.187500 0.773438 0.773438 0.773438 1.335938 1.335938 1.546875 1.546875 1.546875 2.437500
0.187500 0.187500 0.164062 0.164062 0.093750 0.093750 0.093750 0.031250 0.031250 0.000000 0.000000 0.000000 0.000000 0.000000 0.000000 0.000000 0.000000 0.000000 0.000000 0.000000 0.000000 0.000000 0.000000 0.000000 0.000000 0.000000 0.000000 0.000000 0.000000 0.000000 0.000000 0.000000 0.000000 0.000000 0.000000 0.000000 0.000000 0.000000 0.000000 0.000000 0.000000 0.000000 0.000000 0.000000 0.031250 0.031250 0.031250 0.031250 0.031250 0.054688 0.054688 0.054688 0.101562 0.101562 0.671875 0.671875 0.671875 1.070312 1.070312 1.375000 1.375000 1.375000 2.539062
