Data/APCP/20200108.L5.apcp.gfs.pakistan.txt
ncols    	169
nrows    	134
xllcorner	60.9
yllcorner	23.7
cellsize 	0.1
NODATA_value  -9999
[rows 84 to 111 of 134, columns 63 to 125 of 169]
0.000000 0.000000 0.000000 0.000000 0.000000 0.000000 0.000000 0.000000 0.000000 0.000000 0.000000 0.000000 0.000000 0.000000 0.000000 0.000000 0.000000 0.000000 0.000000 0.000000 0.000000 0.000000 0.000000 0.000000 0.000000 0.000000 0.000000 0.000000 0.000000 0.000000 0.000000 0.000000 0.000000 0.000000 0.000000 0.000000 0.000000 0.015625 0.015625 0.062500 0.062500 0.062500 0.210938 0.210938 0.562500 0.562500 0.562500 1.039062 1.039062 1.601562 1.601562 1.601562 2.031250 2.031250 2.132812 2.132812 2.132812 2.117188 2.117188 1.515625 1.515625 1.515625 2.257812
0.000000 0.000000 0.000000 0.000000 0.000000 0.000000 0.000000 0.000000 0.000000 0.000000 0.000000 0.000000 0.000000 0.000000 0.000000 0.000000 0.000000 0.000000 0.000000 0.000000 0.000000 0.000000 0.000000 0.000000 0.000000 0.000000 0.000000 0.000000 0.000000 0.000000 0.000000 0.000000 0.000000 0.000000 0.000000 0.000000 0.000000 0.031250 0.031250 0.156250 0.156250 0.156250 0.445312 0.445312 0.976562 0.976562 0.976562 1.523438 1.523438 1.875000 1.875000 1.875000 2.023438 2.023438 2.234375 2.234375 2.234375 1.765625 1.765625 1.773438 1.773438 1.773438 3.250000
0.000000 0.000000 0.000000 0.000000 0.000000 0.000000 0.000000 0.000000 0.000000 0.000000 0.000000 0.000000 0.000000 0.000000 0.000000 0.000000 0.000000 0.000000 0.000000 0.000000 0.000000 0.000000 0.000000 0.000000 0.000000 0.000000 0.000000 0.000000 0.000000 0.000000 0.000000 0.000000 0.000000 0.000000 0.000000 0.000000 0.000000 0.031250 0.031250 0.156250 0.156250 0.156250 0.445312 0.445312 0.976562 0.976562 0.976562 1.523438 1.523438 1.875000 1.875000 1.875000 2.023438 2.023438 2.234375 2.234375 2.234375 1.765625 1.765625 1.773438 1.773438 1.773438 3.250000
0.000000 0.000000 0.000000 0.000000 0.000000 0.000000 0.000000 0.000000 0.000000 0.000000 0.000000 0.000000 0.000000 0.000000 0.000000 0.000000 0.000000 0.000000 0.000000 0.000000 0.000000 0.000000 0.000000 0.000000 0.000000 0.000000 0.000000 0.000000 0.000000 0.000000 0.000000 0.000000 0.000000 0.000000 0.031250 0.031250 0.031250 0.109375 0.109375 0.335938 0.335938 0.335938 0.890625 0.890625 1.554688 1.554688 1.554688 1.921875 1.921875 1.929688 1.929688 1.929688 1.859375 1.859375 1.742188 1.742188 1.742188 1.406250 1.406250 2.617188 2.617188 2.617188 2.867188
0.000000 0.000000 0.000000 0.000000 0.000000 0.000000 0.000000 0.000000 0.000000 0.000000 0.000000 0.000000 0.000000 0.000000 0.000000 0.000000 0.000000 0.000000 0.000000 0.000000 0.000000 0.000000 0.000000 0.000000 0.000000 0.000000 0.000000 0.000000 0.000000 0.000000 0.000000 0.000000 0.000000 0.000000 0.031250 0.031250 0.031250 0.109375 0.109375 0.335938 0.335938 0.335938 0.890625 0.890625 1.554688 1.554688 1.554688 1.921875 1.921875 1.929688 1.929688 1.929688 1.859375 1.859375 1.742188 1.742188 1.742188 1.406250 1.406250 2.617188 2.617188 2.617188 2.867188
0.000000 0.000000 0.000000 0.000000 0.000000 0.000000 0.000000 0.000000 0.000000 0.000000 0.000000 0.000000 0.000000 0.000000 0.000000 0.000000 0.000000 0.000000 0.000000 0.000000 0.000000 0.000000 0.000000 0.000000 0.000000 0.000000 0.000000 0.000000 0.000000 0.000000 0.000000 0.000000 0.000000 0.000000 0.031250 0.031250 0.031250 0.109375 0.109375 0.335938 0.335938 0.335938 0.890625 0.890625 1.554688 1.554688 1.554688 1.921875 1.921875 1.929688 1.929688 1.929688 1.859375 1.859375 1.742188 1.742188 1.742188 1.406250 1.406250 2.617188 2.617188 2.617188 2.867188
0.000000 0.000000 0.000000 0.000000 0.000000 0.000000 0.000000 0.000000 0.000000 0.000000 0.000000 0.000000 0.000000 0.000000 0.000000 0.000000 0.000000 0.000000 0.000000 0.000000 0.000000 0.000000 0.000000 0.000000 0.000000 0.000000 0.000000 0.000000 0.000000 0.000000 0.000000 0.000000 0.031250 0.031250 0.109375 0.109375 0.109375 0.320312 0.320312 0.867188 0.867188 0.867188 1.703125 1.703125 2.187500 2.187500 2.187500 2.007812 2.007812 1.632812 1.632812 1.632812 1.757812 1.757812 1.562500 1.562500 1.562500 2.023438 2.023438 3.054688 3.054688 3.054688 2.320312
0.000000 0.000000 0.000000 0.000000 0.000000 0.000000 0.000000 0.000000 0.000000 0.000000 0.000000 0.000000 0.000000 0.000000 0.000000 0.000000 0.000000 0.000000 0.000000 0.000000 0.000000 0.000000 0.000000 0.000000 0.000000 0.000000 0.000000 0.000000 0.000000 0.000000 0.000000 0.000000 0.031250 0.031250 0.109375 0.109375 0.109375 0.320312 0.320312 0.867188 0.867188 0.867188 1.703125 1.703125 2.187500 2.187500 2.187500 2.007812 2.007812 1.632812 1.632812 1.632812 1.757812 1.757812 1.562500 1.562500 1.562500 2.023438 2.023438 3.054688 3.054688 3.054688 2.320312
0.000000 0.000000 0.000000 0.000000 0.000000 0.000000 0.000000 0.000000 0.000000 0.000000 0.000000 0.000000 0.000000 0.000000 0.000000 0.000000 0.000000 0.000000 0.000000 0.000000 0.000000 0.000000 0.000000 0.000000 0.000000 0.000000 0.000000 0.000000 0.000000 0.015625 0.015625 0.015625 0.078125 0.078125 0.265625 0.265625 0.265625 0.742188 0.742188 1.539062 1.539062 1.539062 2.226562 2.226562 1.968750 1.968750 1.968750 1.421875 1.421875 1.484375 1.484375 1.484375 1.531250 1.531250 1.406250 1.406250 1.406250 2.453125 2.453125 2.523438 2.523438 2.523438 2.250000
0.000000 0.000000 0.000000 0.000000 0.000000 0.000000 0.000000 0.000000 0.000000 0.000000 0.000000 0.000000 0.000000 0.000000 0.000000 0.000000 0.000000 0.000000 0.000000 0.000000 0.000000 0.000000 0.000000 0.000000 0.000000 0.000000 0.000000 0.000000 0.000000 0.015625 0.015625 0.015625 0.078125 0.078125 0.265625 0.265625 0.265625 0.742188 0.742188 1.539062 1.539062 1.539062 2.226562 2.226562 1.968750 1.968750 1.968750 1.421875 1.421875 1.484375 1.484375 1.484375 1.531250 1.531250 1.406250 1.406250 1.406250 2.453125 2.453125 2.523438 2.523438 2.523438 2.250000
0.000000 0.000000 0.000000 0.000000 0.000000 0.000000 0.000000 0.000000 0.000000 0.000000 0.000000 0.000000 0.000000 0.000000 0.000000 0.000000 0.000000 0.000000 0.000000 0.000000 0.000000 0.000000 0.000000 0.000000 0.000000 0.000000 0.000000 0.000000 0.000000 0.015625 0.015625 0.015625 0.078125 0.078125 0.265625 0.265625 0.265625 0.742188 0.742188 1.539062 1.539062 1.539062 2.226562 2.226562 1.968750 1.968750 1.968750 1.421875 1.421875 1.484375 1.484375 1.484375 1.531250 1.531250 1.406250 1.406250 1.406250 2.453125 2.453125 2.523438 2.523438 2.523438 2.250000
0.000000 0.000000 0.000000 0.000000 0.000000 0.000000 0.000000 0.000000 0.000000 0.000000 0.000000 0.000000 0.000000 0.000000 0.000000 0.000000 0.000000 0.000000 0.000000 0.000000 0.000000 0.000000 0.000000 0.000000 0.000000 0.000000 0.000000 0.000000 0.000000 0.046875 0.046875 0.046875 0.187500 0.187500 0.617188 0.617188 0.617188 1.390625 1.390625 2.171875 2.171875 2.171875 2.000000 2.000000 1.289062 1.289062 1.289062 1.312500 1.312500 1.382812 1.382812 1.382812 1.140625 1.140625 1.656250 1.656250 1.656250 2.554688 2.554688 2.179688 2.179688 2.179688 2.015625
0.000000 0.000000 0.000000 0.000000 0.000000 0.000000 0.000000 0.000000 0.000000 0.000000 0.000000 0.000000 0.000000 0.000000 0.000000 0.000000 0.000000 0.000000 0.000000 0.000000 0.000000 0.000000 0.000000 0.000000 0.000000 0.000000 0.000000 0.000000 0.000000 0.046875 0.046875 0.046875 0.187500 0.187500 0.617188 0.617188 0.617188 1.390625 1.390625 2.171875 2.171875 2.171875 2.000000 2.000000 1.289062 1.289062 1.289062 1.312500 1.312500 1.382812 1.382812 1.382812 1.140625 1.140625 1.656250 1.656250 1.656250 2.554688 2.554688 2.179688 2.179688 2.179688 2.015625
0.000000 0.000000 0.000000 0.000000 0.000000 0.000000 0.000000 0.000000 0.000000 0.000000 0.000000 0.000000 0.000000 0.000000 0.000000 0.000000 0.000000 0.000000 0.000000 0.000000 0.000000 0.000000 0.000000 0.000000 0.000000 0.000000 0.000000 0.015625 0.015625 0.109375 0.109375 0.109375 0.429688 0.429688 1.187500 1.187500 1.187500 1.945312 1.945312 1.789062 1.789062 1.789062 1.078125 1.078125 1.140625 1.140625 1.140625 1.218750 1.218750 1.070312 1.070312 1.070312 1.117188 1.117188 2.289062 2.289062 2.289062 2.312500 2.312500 1.882812 1.882812 1.882812 1.296875
0.000000 0.000000 0.000000 0.000000 0.000000 0.000000 0.000000 0.000000 0.000000 0.000000 0.000000 0.000000 0.000000 0.000000 0.000000 0.000000 0.000000 0.000000 0.000000 0.000000 0.000000 0.000000 0.000000 0.000000 0.000000 0.000000 0.000000 0.015625 0.015625 0.109375 0.109375 0.109375 0.429688 0.429688 1.187500 1.187500 1.187500 1.945312 1.945312 1.789062 1.789062 1.789062 1.078125 1.078125 1.140625 1.140625 1.140625 1.218750 1.218750 1.070312 1.070312 1.070312 1.117188 1.117188 2.289062 2.289062 2.289062 2.312500 2.312500 1.882812 1.882812 1.882812 1.296875
0.000000 0.000000 0.000000 0.000000 0.000000 0.000000 0.000000 0.000000 0.000000 0.000000 0.000000 0.000000 0.000000 0.000000 0.000000 0.000000 0.000000 0.000000 0.000000 0.000000 0.000000 0.000000 0.000000 0.000000 0.000000 0.000000 0.000000 0.015625 0.015625 0.109375 0.109375 0.109375 0.429688 0.429688 1.187500 1.187500 1.187500 1.945312 1.945312 1.789062 1.789062 1.789062 1.078125 1.078125 1.140625 1.140625 1.140625 1.218750 1.218750 1.070312 1.070312 1.070312 1.117188 1.117188 2.289062 2.289062 2.289062 2.312500 2.312500 1.882812 1.882812 1.882812 1.296875
0.000000 0.000000 0.000000 0.000000 0.000000 0.000000 0.000000 0.000000 0.000000 0.000000 0.000000 0.000000 0.000000 0.000000 0.000000 0.000000 0.000000 0.000000 0.000000 0.000000 0.000000 0.000000 0.000000 0.000000 0.000000 0.000000 0.000000 0.062500 0.062500 0.296875 0.296875 0.296875 0.804688 0.804688 1.515625 1.515625 1.515625 1.351562 1.351562 0.937500 0.937500 0.937500 1.031250 1.031250 1.054688 1.054688 1.054688 0.984375 0.984375 0.968750 0.968750 0.968750 1.843750 1.843750 2.382812 2.382812 2.382812 1.859375 1.859375 1.257812 1.257812 1.257812 0.890625
0.000000 0.000000 0.000000 0.000000 0.000000 0.000000 0.000000 0.000000 0.000000 0.000000 0.000000 0.000000 0.000000 0.000000 0.000000 0.000000 0.000000 0.000000 0.000000 0.000000 0.000000 0.000000 0.000000 0.000000 0.000000 0.000000 0.000000 0.062500 0.062500 0.296875 0.296875 0.296875 0.804688 0.804688 1.515625 1.515625 1.515625 1.351562 1.351562 0.937500 0.937500 0.937500 1.031250 1.031250 1.054688 1.054688 1.054688 0.984375 0.984375 0.968750 0.968750 0.968750 1.843750 1.843750 2.382812 2.382812 2.382812 1.859375 1.859375 1.257812 1.257812 1.257812 0.890625
0.000000 0.000000 0.000000 0.000000 0.000000 0.000000 0.000000 0.000000 0.000000 0.000000 0.000000 0.000000 0.000000 0.000000 0.000000 0.000000 0.000000 0.000000 0.000000 0.000000 0.000000 0.000000 0.000000 0.000000 0.015625 0.015625 0.015625 0.187500 0.187500 0.640625 0.640625 0.640625 1.164062 1.164062 0.929688 0.929688 0.929688 0.703125 0.703125 0.992188 0.992188 0.992188 0.984375 0.984375 0.867188 0.867188 0.867188 0.804688 0.804688 1.382812 1.382812 1.382812 2.328125 2.328125 1.921875 1.921875 1.921875 1.281250 1.281250 0.835938 0.835938 0.835938 0.843750
0.000000 0.000000 0.000000 0.000000 0.000000 0.000000 0.000000 0.000000 0.000000 0.000000 0.000000 0.000000 0.000000 0.000000 0.000000 0.000000 0.000000 0.000000 0.000000 0.000000 0.000000 0.000000 0.000000 0.000000 0.015625 0.015625 0.015625 0.187500 0.187500 0.640625 0.640625 0.640625 1.164062 1.164062 0.929688 0.929688 0.929688 0.703125 0.703125 0.992188 0.992188 0.992188 0.984375 0.984375 0.867188 0.867188 0.867188 0.804688 0.804688 1.382812 1.382812 1.382812 2.328125 2.328125 1.921875 1.921875 1.921875 1.281250 1.281250 0.835938 0.835938 0.835938 0.843750
0.000000 0.000000 0.000000 0.000000 0.000000 0.000000 0.000000 0.000000 0.000000 0.000000 0.000000 0.000000 0.000000 0.000000 0.000000 0.000000 0.000000 0.000000 0.000000 0.000000 0.000000 0.000000 0.000000 0.000000 0.015625 0.015625 0.015625 0.187500 0.187500 0.640625 0.640625 0.640625 1.164062 1.164062 0.929688 0.929688 0.929688 0.703125 0.703125 0.992188 0.992188 0.992188 0.984375 0.984375 0.867188 0.867188 0.867188 0.804688 0.804688 1.382812 1.382812 1.382812 2.328125 2.328125 1.921875 1.921875 1.921875 1.281250 1.281250 0.835938 0.835938 0.835938 0.843750
0.000000 0.000000 0.000000 0.000000 0.000000 0.000000 0.000000 0.000000 0.000000 0.000000 0.000000 0.000000 0.000000 0.000000 0.000000 0.000000 0.000000 0.000000 0.000000 0.000000 0.000000 0.000000 0.000000 0.000000 0.078125 0.078125 0.078125 0.500000 0.500000 0.890625 0.890625 0.890625 0.648438 0.648438 0.578125 0.578125 0.578125 0.914062 0.914062 0.968750 0.968750 0.968750 0.789062 0.789062 0.687500 0.687500 0.687500 1.007812 1.007812 2.070312 2.070312 2.070312 1.812500 1.812500 1.234375 1.234375 1.234375 0.843750 0.843750 0.890625 0.890625 0.890625 1.195312
0.000000 0.000000 0.000000 0.000000 0.000000 0.000000 0.000000 0.000000 0.000000 0.000000 0.000000 0.000000 0.000000 0.000000 0.000000 0.000000 0.000000 0.000000 0.000000 0.000000 0.000000 0.000000 0.000000 0.000000 0.078125 0.078125 0.078125 0.500000 0.500000 0.890625 0.890625 0.890625 0.648438 0.648438 0.578125 0.578125 0.578125 0.914062 0.914062 0.968750 0.968750 0.968750 0.789062 0.789062 0.687500 0.687500 0.687500 1.007812 1.007812 2.070312 2.070312 2.070312 1.812500 1.812500 1.234375 1.234375 1.234375 0.843750 0.843750 0.890625 0.890625 0.890625 1.195312
0.000000 0.000000 0.000000 0.000000 0.000000 0.000000 0.000000 0.000000 0.000000 0.000000 0.000000 0.000000 0.000000 0.000000 0.000000 0.000000 0.000000 0.000000 0.000000 0.000000 0.000000 0.000000 0.062500 0.062500 0.375000 0.375000 0.375000 0.640625 0.640625 0.414062 0.414062 0.414062 0.421875 0.421875 0.843750 0.843750 0.843750 0.953125 0.953125 0.765625 0.765625 0.765625 0.531250 0.531250 0.773438 0.773438 0.773438 1.750000 1.750000 1.835938 1.835938 1.835938 1.109375 1.109375 0.687500 0.687500 0.687500 0.789062 0.789062 1.039062 1.039062 1.039062 1.773438
0.000000 0.000000 0.000000 0.000000 0.000000 0.000000 0.000000 0.000000 0.000000 0.000000 0.000000 0.000000 0.000000 0.000000 0.000000 0.000000 0.000000 0.000000 0.000000 0.000000 0.000000 0.000000 0.062500 0.062500 0.375000 0.375000 0.375000 0.640625 0.640625 0.414062 0.414062 0.414062 0.421875 0.421875 0.843750 0.843750 0.843750 0.953125 0.953125 0.765625 0.765625 0.765625 0.531250 0.531250 0.773438 0.773438 0.773438 1.750000 1.750000 1.835938 1.835938 1.835938 1.109375 1.109375 0.687500 0.687500 0.687500 0.789062 0.789062 1.039062 1.039062 1.039062 1.773438
0.000000 0.000000 0.000000 0.000000 0.000000 0.000000 0.000000 0.000000 0.000000 0.000000 0.000000 0.000000 0.000000 0.000000 0.000000 0.000000 0.000000 0.000000 0.000000 0.000000 0.000000 0.000000 0.062500 0.062500 0.375000 0.375000 0.375000 0.640625 0.640625 0.414062 0.414062 0.414062 0.421875 0.421875 0.843750 0.843750 0.843750 0.953125 0.953125 0.765625 0.765625 0.765625 0.531250 0.531250 0.773438 0.773438 0.773438 1.750000 1.750000 1.835938 1.835938 1.835938 1.109375 1.109375 0.687500 0.687500 0.687500 0.789062 0.789062 1.039062 1.039062 1.039062 1.773438
0.000000 0.000000 0.000000 0.000000 0.000000 0.000000 0.000000 0.000000 0.000000 0.000000 0.000000 0.000000 0.000000 0.000000 0.000000 0.000000 0.000000 0.000000 0.000000 0.062500 0.062500 0.062500 0.312500 0.312500 0.468750 0.468750 0.468750 0.304688 0.304688 0.375000 0.375000 0.375000 0.757812 0.757812 0.820312 0.820312 0.820312 0.671875 0.671875 0.460938 0.460938 0.460938 0.523438 0.523438 1.242188 1.242188 1.242188 1.648438 1.648438 1.070312 1.070312 1.070312 0.507812 0.507812 0.515625 0.515625 0.515625 0.796875 0.796875 1.429688 1.429688 1.429688 1.476562
0.000000 0.000000 0.000000 0.000000 0.000000 0.000000 0.000000 0.000000 0.000000 0.000000 0.000000 0.000000 0.000000 0.000000 0.000000 0.000000 0.000000 0.000000 0.000000 0.062500 0.062500 0.062500 0.312500 0.312500 0.468750 0.468750 0.468750 0.304688 0.304688 0.375000 0.375000 0.375000 0.757812 0.757812 0.820312 0.820312 0.820312 0.671875 0.671875 0.460938 0.460938 0.460938 0.523438 0.523438 1.242188 1.242188 1.242188 1.648438 1.648438 1.070312 1.070312 1.070312 0.507812 0.507812 0.515625 0.515625 0.515625 0.796875 0.796875 1.429688 1.429688 1.429688 1.476562
