Data/APCP/20200108.L2.apcp.gfs.pakistan.txt
ncols    	169
nrows    	134
xllcorner	60.9
yllcorner	23.7
cellsize 	0.1
NODATA_value  -9999
[rows 0 to 27 of 134, columns 0 to 62 of 169]
0.117188 0.117188 0.070312 0.070312 0.070312 0.148438 0.148438 0.273438 0.273438 0.273438 0.296875 0.296875 0.359375 0.359375 0.359375 0.453125 0.453125 0.625000 0.625000 0.625000 0.835938 0.835938 0.765625 0.765625 0.765625 0.453125 0.453125 0.195312 0.195312 0.195312 0.054688 0.054688 0.000000 0.000000 0.000000 0.000000 0.000000 0.000000 0.000000 0.000000 0.000000 0.000000 0.000000 0.000000 0.000000 0.000000 0.000000 0.000000 0.000000 0.000000 0.000000 0.000000 0.000000 0.000000 0.000000 0.000000 0.000000 0.000000 0.000000 0.000000 0.000000 0.000000 0.000000
0.117188 0.117188 0.070312 0.070312 0.070312 0.148438 0.148438 0.273438 0.273438 0.273438 0.296875 0.296875 0.359375 0.359375 0.359375 0.453125 0.453125 0.625000 0.625000 0.625000 0.835938 0.835938 0.765625 0.765625 0.765625 0.453125 0.453125 0.195312 0.195312 0.195312 0.054688 0.054688 0.000000 0.000000 0.000000 0.000000 0.000000 0.000000 0.000000 0.000000 0.000000 0.000000 0.000000 0.000000 0.000000 0.000000 0.000000 0.000000 0.000000 0.000000 0.000000 0.000000 0.000000 0.000000 0.000000 0.000000 0.000000 0.000000 0.000000 0.000000 0.000000 0.000000 0.000000
0.195312 0.195312 0.187500 0.187500 0.187500 0.312500 0.312500 0.359375 0.359375 0.359375 0.492188 0.492188 0.609375 0.609375 0.609375 0.531250 0.531250 0.531250 0.531250 0.531250 0.492188 0.492188 0.320312 0.320312 0.320312 0.156250 0.156250 0.054688 0.054688 0.054688 0.015625 0.015625 0.015625 0.015625 0.015625 0.000000 0.000000 0.000000 0.000000 0.000000 0.000000 0.000000 0.000000 0.000000 0.000000 0.000000 0.000000 0.000000 0.000000 0.000000 0.000000 0.000000 0.000000 0.000000 0.000000 0.000000 0.000000 0.000000 0.000000 0.000000 0.000000 0.000000 0.000000
0.195312 0.195312 0.187500 0.187500 0.187500 0.312500 0.312500 0.359375 0.359375 0.359375 0.492188 0.492188 0.609375 0.609375 0.609375 0.531250 0.531250 0.531250 0.531250 0.531250 0.492188 0.492188 0.320312 0.320312 0.320312 0.156250 0.156250 0.054688 0.054688 0.054688 0.015625 0.015625 0.015625 0.015625 0.015625 0.000000 0.000000 0.000000 0.000000 0.000000 0.000000 0.000000 0.000000 0.000000 0.000000 0.000000 0.000000 0.000000 0.000000 0.000000 0.000000 0.000000 0.000000 0.000000 0.000000 0.000000 0.000000 0.000000 0.000000 0.000000 0.000000 0.000000 0.000000
0.195312 0.195312 0.187500 0.187500 0.187500 0.312500 0.312500 0.359375 0.359375 0.359375 0.492188 0.492188 0.609375 0.609375 0.609375 0.531250 0.531250 0.531250 0.531250 0.531250 0.492188 0.492188 0.320312 0.320312 0.320312 0.156250 0.156250 0.054688 0.054688 0.054688 0.015625 0.015625 0.015625 0.015625 0.015625 0.000000 0.000000 0.000000 0.000000 0.000000 0.000000 0.000000 0.000000 0.000000 0.000000 0.000000 0.000000 0.000000 0.000000 0.000000 0.000000 0.000000 0.000000 0.000000 0.000000 0.000000 0.000000 0.000000 0.000000 0.000000 0.000000 0.000000 0.000000
0.289062 0.289062 0.328125 0.328125 0.328125 0.296875 0.296875 0.296875 0.296875 0.296875 0.421875 0.421875 0.320312 0.320312 0.320312 0.164062 0.164062 0.187500 0.187500 0.187500 0.148438 0.148438 0.085938 0.085938 0.085938 0.046875 0.046875 0.031250 0.031250 0.031250 0.015625 0.015625 0.015625 0.015625 0.015625 0.015625 0.015625 0.000000 0.000000 0.000000 0.000000 0.000000 0.000000 0.000000 0.000000 0.000000 0.000000 0.000000 0.000000 0.000000 0.000000 0.000000 0.000000 0.000000 0.000000 0.000000 0.000000 0.000000 0.000000 0.000000 0.000000 0.000000 0.000000
0.289062 0.289062 0.328125 0.328125 0.328125 0.296875 0.296875 0.296875 0.296875 0.296875 0.421875 0.421875 0.320312 0.320312 0.320312 0.164062 0.164062 0.187500 0.187500 0.187500 0.148438 0.148438 0.085938 0.085938 0.085938 0.046875 0.046875 0.031250 0.031250 0.031250 0.015625 0.015625 0.015625 0.015625 0.015625 0.015625 0.015625 0.000000 0.000000 0.000000 0.000000 0.000000 0.000000 0.000000 0.000000 0.000000 0.000000 0.000000 0.000000 0.000000 0.000000 0.000000 0.000000 0.000000 0.000000 0.000000 0.000000 0.000000 0.000000 0.000000 0.000000 0.000000 0.000000
0.460938 0.460938 0.312500 0.312500 0.312500 0.250000 0.250000 0.218750 0.218750 0.218750 0.203125 0.203125 0.093750 0.093750 0.093750 0.039062 0.039062 0.054688 0.054688 0.054688 0.046875 0.046875 0.015625 0.015625 0.015625 0.007812 0.007812 0.023438 0.023438 0.023438 0.015625 0.015625 0.000000 0.000000 0.000000 0.000000 0.000000 0.007812 0.007812 0.007812 0.007812 0.007812 0.000000 0.000000 0.000000 0.000000 0.000000 0.000000 0.000000 0.000000 0.000000 0.000000 0.007812 0.007812 0.007812 0.000000 0.000000 0.000000 0.000000 0.000000 0.000000 0.000000 0.000000
0.460938 0.460938 0.312500 0.312500 0.312500 0.250000 0.250000 0.218750 0.218750 0.218750 0.203125 0.203125 0.093750 0.093750 0.093750 0.039062 0.039062 0.054688 0.054688 0.054688 0.046875 0.046875 0.015625 0.015625 0.015625 0.007812 0.007812 0.023438 0.023438 0.023438 0.015625 0.015625 0.000000 0.000000 0.000000 0.000000 0.000000 0.007812 0.007812 0.007812 0.007812 0.007812 0.000000 0.000000 0.000000 0.000000 0.000000 0.000000 0.000000 0.000000 0.000000 0.000000 0.007812 0.007812 0.007812 0.000000 0.000000 0.000000 0.000000 0.000000 0.000000 0.000000 0.000000
0.460938 0.460938 0.312500 0.312500 0.312500 0.250000 0.250000 0.218750 0.218750 0.218750 0.203125 0.203125 0.093750 0.093750 0.093750 0.039062 0.039062 0.054688 0.054688 0.054688 0.046875 0.046875 0.015625 0.015625 0.015625 0.007812 0.007812 0.023438 0.023438 0.023438 0.015625 0.015625 0.000000 0.000000 0.000000 0.000000 0.000000 0.007812 0.007812 0.007812 0.007812 0.007812 0.000000 0.000000 0.000000 0.000000 0.000000 0.000000 0.000000 0.000000 0.000000 0.000000 0.007812 0.007812 0.007812 0.000000 0.000000 0.000000 0.000000 0.000000 0.000000 0.000000 0.000000
0.578125 0.578125 0.281250 0.281250 0.281250 0.187500 0.187500 0.125000 0.125000 0.125000 0.078125 0.078125 0.070312 0.070312 0.070312 0.046875 0.046875 0.015625 0.015625 0.015625 0.015625 0.015625 0.007812 0.007812 0.007812 0.000000 0.000000 0.000000 0.000000 0.000000 0.000000 0.000000 0.007812 0.007812 0.007812 0.007812 0.007812 0.000000 0.000000 0.000000 0.000000 0.000000 0.015625 0.015625 0.015625 0.031250 0.031250 0.015625 0.015625 0.015625 0.000000 0.000000 0.000000 0.000000 0.000000 0.000000 0.000000 0.007812 0.007812 0.007812 0.000000 0.000000 0.000000
0.578125 0.578125 0.281250 0.281250 0.281250 0.187500 0.187500 0.125000 0.125000 0.125000 0.078125 0.078125 0.070312 0.070312 0.070312 0.046875 0.046875 0.015625 0.015625 0.015625 0.015625 0.015625 0.007812 0.007812 0.007812 0.000000 0.000000 0.000000 0.000000 0.000000 0.000000 0.000000 0.007812 0.007812 0.007812 0.007812 0.007812 0.000000 0.000000 0.000000 0.000000 0.000000 0.015625 0.015625 0.015625 0.031250 0.031250 0.015625 0.015625 0.015625 0.000000 0.000000 0.000000 0.000000 0.000000 0.000000 0.000000 0.007812 0.007812 0.007812 0.000000 0.000000 0.000000
0.570312 0.570312 0.375000 0.375000 0.375000 0.234375 0.234375 0.093750 0.093750 0.093750 0.062500 0.062500 0.054688 0.054688 0.054688 0.023438 0.023438 0.007812 0.007812 0.007812 0.015625 0.015625 0.023438 0.023438 0.023438 0.015625 0.015625 0.015625 0.015625 0.015625 0.023438 0.023438 0.031250 0.031250 0.031250 0.015625 0.015625 0.007812 0.007812 0.007812 0.000000 0.000000 0.000000 0.000000 0.000000 0.000000 0.000000 0.000000 0.000000 0.000000 0.000000 0.000000 0.000000 0.000000 0.000000 0.000000 0.000000 0.007812 0.007812 0.007812 0.000000 0.000000 0.000000
0.570312 0.570312 0.375000 0.375000 0.375000 0.234375 0.234375 0.093750 0.093750 0.093750 0.062500 0.062500 0.054688 0.054688 0.054688 0.023438 0.023438 0.007812 0.007812 0.007812 0.015625 0.015625 0.023438 0.023438 0.023438 0.015625 0.015625 0.015625 0.015625 0.015625 0.023438 0.023438 0.031250 0.031250 0.031250 0.015625 0.015625 0.007812 0.007812 0.007812 0.000000 0.000000 0.000000 0.000000 0.000000 0.000000 0.000000 0.000000 0.000000 0.000000 0.000000 0.000000 0.000000 0.000000 0.000000 0.000000 0.000000 0.007812 0.007812 0.007812 0.000000 0.000000 0.000000
0.570312 0.570312 0.375000 0.375000 0.375000 0.234375 0.234375 0.093750 0.093750 0.093750 0.062500 0.062500 0.054688 0.054688 0.054688 0.023438 0.023438 0.007812 0.007812 0.007812 0.015625 0.015625 0.023438 0.023438 0.023438 0.015625 0.015625 0.015625 0.015625 0.015625 0.023438 0.023438 0.031250 0.031250 0.031250 0.015625 0.015625 0.007812 0.007812 0.007812 0.000000 0.000000 0.000000 0.000000 0.000000 0.000000 0.000000 0.000000 0.000000 0.000000 0.000000 0.000000 0.000000 0.000000 0.000000 0.000000 0.000000 0.007812 0.007812 0.007812 0.000000 0.000000 0.000000
0.750000 0.750000 0.492188 0.492188 0.492188 0.265625 0.265625 0.125000 0.125000 0.125000 0.109375 0.109375 0.054688 0.054688 0.054688 0.007812 0.007812 0.023438 0.023438 0.023438 0.039062 0.039062 0.046875 0.046875 0.046875 0.062500 0.062500 0.148438 0.148438 0.148438 0.164062 0.164062 0.164062 0.164062 0.164062 0.070312 0.070312 0.054688 0.054688 0.054688 0.070312 0.070312 0.046875 0.046875 0.046875 0.023438 0.023438 0.000000 0.000000 0.000000 0.000000 0.000000 0.000000 0.000000 0.000000 0.000000 0.000000 0.000000 0.000000 0.000000 0.000000 0.000000 0.000000
0.750000 0.750000 0.492188 0.492188 0.492188 0.265625 0.265625 0.125000 0.125000 0.125000 0.109375 0.109375 0.054688 0.054688 0.054688 0.007812 0.007812 0.023438 0.023438 0.023438 0.039062 0.039062 0.046875 0.046875 0.046875 0.062500 0.062500 0.148438 0.148438 0.148438 0.164062 0.164062 0.164062 0.164062 0.164062 0.070312 0.070312 0.054688 0.054688 0.054688 0.070312 0.070312 0.046875 0.046875 0.046875 0.023438 0.023438 0.000000 0.000000 0.000000 0.000000 0.000000 0.000000 0.000000 0.000000 0.000000 0.000000 0.000000 0.000000 0.000000 0.000000 0.000000 0.000000
0.593750 0.593750 0.546875 0.546875 0.546875 0.453125 0.453125 0.359375 0.359375 0.359375 0.312500 0.312500 0.078125 0.078125 0.078125 0.023438 0.023438 0.046875 0.046875 0.046875 0.062500 0.062500 0.046875 0.046875 0.046875 0.046875 0.046875 0.085938 0.085938 0.085938 0.109375 0.109375 0.093750 0.093750 0.093750 0.101562 0.101562 0.164062 0.164062 0.164062 0.250000 0.250000 0.203125 0.203125 0.203125 0.101562 0.101562 0.054688 0.054688 0.054688 0.023438 0.023438 0.007812 0.007812 0.007812 0.000000 0.000000 0.000000 0.000000 0.000000 0.000000 0.000000 0.000000
0.593750 0.593750 0.546875 0.546875 0.546875 0.453125 0.453125 0.359375 0.359375 0.359375 0.312500 0.312500 0.078125 0.078125 0.078125 0.023438 0.023438 0.046875 0.046875 0.046875 0.062500 0.062500 0.046875 0.046875 0.046875 0.046875 0.046875 0.085938 0.085938 0.085938 0.109375 0.109375 0.093750 0.093750 0.093750 0.101562 0.101562 0.164062 0.164062 0.164062 0.250000 0.250000 0.203125 0.203125 0.203125 0.101562 0.101562 0.054688 0.054688 0.054688 0.023438 0.023438 0.007812 0.007812 0.007812 0.000000 0.000000 0.000000 0.000000 0.000000 0.000000 0.000000 0.000000
0.593750 0.593750 0.546875 0.546875 0.546875 0.453125 0.453125 0.359375 0.359375 0.359375 0.312500 0.312500 0.078125 0.078125 0.078125 0.023438 0.023438 0.046875 0.046875 0.046875 0.062500 0.062500 0.046875 0.046875 0.046875 0.046875 0.046875 0.085938 0.085938 0.085938 0.109375 0.109375 0.093750 0.093750 0.093750 0.101562 0.101562 0.164062 0.164062 0.164062 0.250000 0.250000 0.203125 0.203125 0.203125 0.101562 0.101562 0.054688 0.054688 0.054688 0.023438 0.023438 0.007812 0.007812 0.007812 0.000000 0.000000 0.000000 0.000000 0.000000 0.000000 0.000000 0.000000
0.500000 0.500000 0.500000 0.500000 0.500000 0.625000 0.625000 0.710938 0.710938 0.710938 0.562500 0.562500 0.242188 0.242188 0.242188 0.132812 0.132812 0.148438 0.148438 0.148438 0.085938 0.085938 0.039062 0.039062 0.039062 0.062500 0.062500 0.070312 0.070312 0.070312 0.031250 0.031250 0.039062 0.039062 0.039062 0.046875 0.046875 0.031250 0.031250 0.031250 0.046875 0.046875 0.078125 0.078125 0.078125 0.070312 0.070312 0.078125 0.078125 0.078125 0.039062 0.039062 0.000000 0.000000 0.000000 0.000000 0.000000 0.000000 0.000000 0.000000 0.000000 0.000000 0.000000
0.500000 0.500000 0.500000 0.500000 0.500000 0.625000 0.625000 0.710938 0.710938 0.710938 0.562500 0.562500 0.242188 0.242188 0.242188 0.132812 0.132812 0.148438 0.148438 0.148438 0.085938 0.085938 0.039062 0.039062 0.039062 0.062500 0.062500 0.070312 0.070312 0.070312 0.031250 0.031250 0.039062 0.039062 0.039062 0.046875 0.046875 0.031250 0.031250 0.031250 0.046875 0.046875 0.078125 0.078125 0.078125 0.070312 0.070312 0.078125 0.078125 0.078125 0.039062 0.039062 0.000000 0.000000 0.000000 0.000000 0.000000 0.000000 0.000000 0.000000 0.000000 0.000000 0.000000
0.632812 0.632812 0.640625 0.640625 0.640625 0.906250 0.906250 1.296875 1.296875 1.296875 1.320312 1.320312 1.039062 1.039062 1.039062 0.804688 0.804688 0.671875 0.671875 0.671875 0.320312 0.320312 0.109375 0.109375 0.109375 0.062500 0.062500 0.031250 0.031250 0.031250 0.023438 0.023438 0.015625 0.015625 0.015625 0.000000 0.000000 0.000000 0.000000 0.000000 0.015625 0.015625 0.046875 0.046875 0.046875 0.046875 0.046875 0.023438 0.023438 0.023438 0.007812 0.007812 0.000000 0.000000 0.000000 0.000000 0.000000 0.000000 0.000000 0.000000 0.000000 0.000000 0.000000
0.632812 0.632812 0.640625 0.640625 0.640625 0.906250 0.906250 1.296875 1.296875 1.296875 1.320312 1.320312 1.039062 1.039062 1.039062 0.804688 0.804688 0.671875 0.671875 0.671875 0.320312 0.320312 0.109375 0.109375 0.109375 0.062500 0.062500 0.031250 0.031250 0.031250 0.023438 0.023438 0.015625 0.015625 0.015625 0.000000 0.000000 0.000000 0.000000 0.000000 0.015625 0.015625 0.046875 0.046875 0.046875 0.046875 0.046875 0.023438 0.023438 0.023438 0.007812 0.007812 0.000000 0.000000 0.000000 0.000000 0.000000 0.000000 0.000000 0.000000 0.000000 0.000000 0.000000
0.632812 0.632812 0.640625 0.640625 0.640625 0.906250 0.906250 1.296875 1.296875 1.296875 1.320312 1.320312 1.039062 1.039062 1.039062 0.804688 0.804688 0.671875 0.671875 0.671875 0.320312 0.320312 0.109375 0.109375 0.109375 0.062500 0.062500 0.031250 0.031250 0.031250 0.023438 0.023438 0.015625 0.015625 0.015625 0.000000 0.000000 0.000000 0.000000 0.000000 0.015625 0.015625 0.046875 0.046875 0.046875 0.046875 0.046875 0.023438 0.023438 0.023438 0.007812 0.007812 0.000000 0.000000 0.000000 0.000000 0.000000 0.000000 0.000000 0.000000 0.000000 0.000000 0.000000
1.062500 1.062500 1.242188 1.242188 1.242188 1.492188 1.492188 1.460938 1.460938 1.460938 1.460938 1.460938 1.093750 1.093750 1.093750 0.757812 0.757812 0.687500 0.687500 0.687500 0.664062 0.664062 0.289062 0.289062 0.289062 0.117188 0.117188 0.093750 0.093750 0.093750 0.070312 0.070312 0.054688 0.054688 0.054688 0.031250 0.031250 0.023438 0.023438 0.023438 0.023438 0.023438 0.031250 0.031250 0.031250 0.023438 0.023438 0.007812 0.007812 0.007812 0.000000 0.000000 0.000000 0.000000 0.000000 0.000000 0.000000 0.000000 0.000000 0.000000 0.000000 0.000000 0.000000
1.062500 1.062500 1.242188 1.242188 1.242188 1.492188 1.492188 1.460938 1.460938 1.460938 1.460938 1.460938 1.093750 1.093750 1.093750 0.757812 0.757812 0.687500 0.687500 0.687500 0.664062 0.664062 0.289062 0.289062 0.289062 0.117188 0.117188 0.093750 0.093750 0.093750 0.070312 0.070312 0.054688 0.054688 0.054688 0.031250 0.031250 0.023438 0.023438 0.023438 0.023438 0.023438 0.031250 0.031250 0.031250 0.023438 0.023438 0.007812 0.007812 0.007812 0.000000 0.000000 0.000000 0.000000 0.000000 0.000000 0.000000 0.000000 0.000000 0.000000 0.000000 0.000000 0.000000
1.242188 1.242188 1.601562 1.601562 1.601562 1.296875 1.296875 1.421875 1.421875 1.421875 1.226562 1.226562 0.648438 0.648438 0.648438 0.390625 0.390625 0.265625 0.265625 0.265625 0.226562 0.226562 0.148438 0.148438 0.148438 0.070312 0.070312 0.062500 0.062500 0.062500 0.046875 0.046875 0.039062 0.039062 0.039062 0.023438 0.023438 0.015625 0.015625 0.015625 0.015625 0.015625 0.023438 0.023438 0.023438 0.007812 0.007812 0.007812 0.007812 0.007812 0.007812 0.007812 0.000000 0.000000 0.000000 0.000000 0.000000 0.000000 0.000000 0.000000 0.000000 0.000000 0.000000
