Data/APCP/20200108.L4.apcp.gfs.pakistan.txt
ncols    	169
nrows    	134
xllcorner	60.9
yllcorner	23.7
cellsize 	0.1
NODATA_value  -9999
[rows 0 to 27 of 134, columns 0 to 62 of 169]
1.203125 1.203125 0.953125 0.953125 0.953125 0.789062 0.789062 0.929688 0.929688 0.929688 1.062500 1.062500 1.023438 1.023438 1.023438 1.046875 1.046875 1.210938 1.210938 1.210938 1.289062 1.289062 1.445312 1.445312 1.445312 1.648438 1.648438 1.359375 1.359375 1.359375 0.742188 0.742188 0.632812 0.632812 0.632812 0.468750 0.468750 0.390625 0.390625 0.390625 0.640625 0.640625 0.835938 0.835938 0.835938 0.906250 0.906250 1.117188 1.117188 1.117188 1.335938 1.335938 1.109375 1.109375 1.109375 0.765625 0.765625 0.609375 0.609375 0.609375 0.335938 0.335938 0.187500
1.203125 1.203125 0.953125 0.953125 0.953125 0.789062 0.789062 0.929688 0.929688 0.929688 1.062500 1.062500 1.023438 1.023438 1.023438 1.046875 1.046875 1.210938 1.210938 1.210938 1.289062 1.289062 1.445312 1.445312 1.445312 1.648438 1.648438 1.359375 1.359375 1.359375 0.742188 0.742188 0.632812 0.632812 0.632812 0.468750 0.468750 0.390625 0.390625 0.390625 0.640625 0.640625 0.835938 0.835938 0.835938 0.906250 0.906250 1.117188 1.117188 1.117188 1.335938 1.335938 1.109375 1.109375 1.109375 0.765625 0.765625 0.609375 0.609375 0.609375 0.335938 0.335938 0.187500
1.593750 1.593750 1.421875 1.421875 1.421875 1.281250 1.281250 1.312500 1.312500 1.312500 1.406250 1.406250 1.367188 1.367188 1.367188 1.257812 1.257812 1.539062 1.539062 1.539062 1.671875 1.671875 1.820312 1.820312 1.820312 1.734375 1.734375 1.351562 1.351562 1.351562 0.968750 0.968750 0.679688 0.679688 0.679688 0.453125 0.453125 0.523438 0.523438 0.523438 0.968750 0.968750 1.132812 1.132812 1.132812 1.039062 1.039062 1.156250 1.156250 1.156250 1.359375 1.359375 0.882812 0.882812 0.882812 0.703125 0.703125 0.632812 0.632812 0.632812 0.351562 0.351562 0.406250
1.593750 1.593750 1.421875 1.421875 1.421875 1.281250 1.281250 1.312500 1.312500 1.312500 1.406250 1.406250 1.367188 1.367188 1.367188 1.257812 1.257812 1.539062 1.539062 1.539062 1.671875 1.671875 1.820312 1.820312 1.820312 1.734375 1.734375 1.351562 1.351562 1.351562 0.968750 0.968750 0.679688 0.679688 0.679688 0.453125 0.453125 0.523438 0.523438 0.523438 0.968750 0.968750 1.132812 1.132812 1.132812 1.039062 1.039062 1.156250 1.156250 1.156250 1.359375 1.359375 0.882812 0.882812 0.882812 0.703125 0.703125 0.632812 0.632812 0.632812 0.351562 0.351562 0.406250
1.593750 1.593750 1.421875 1.421875 1.421875 1.281250 1.281250 1.312500 1.312500 1.312500 1.406250 1.406250 1.367188 1.367188 1.367188 1.257812 1.257812 1.539062 1.539062 1.539062 1.671875 1.671875 1.820312 1.820312 1.820312 1.734375 1.734375 1.351562 1.351562 1.351562 0.968750 0.968750 0.679688 0.679688 0.679688 0.453125 0.453125 0.523438 0.523438 0.523438 0.968750 0.968750 1.132812 1.132812 1.132812 1.039062 1.039062 1.156250 1.156250 1.156250 1.359375 1.359375 0.882812 0.882812 0.882812 0.703125 0.703125 0.632812 0.632812 0.632812 0.351562 0.351562 0.406250
1.875000 1.875000 1.851562 1.851562 1.851562 1.859375 1.859375 1.687500 1.687500 1.687500 1.656250 1.656250 1.593750 1.593750 1.593750 1.468750 1.468750 1.710938 1.710938 1.710938 1.898438 1.898438 1.726562 1.726562 1.726562 1.445312 1.445312 1.406250 1.406250 1.406250 1.203125 1.203125 0.656250 0.656250 0.656250 0.625000 0.625000 1.023438 1.023438 1.023438 1.328125 1.328125 1.117188 1.117188 1.117188 0.984375 0.984375 1.218750 1.218750 1.218750 1.546875 1.546875 1.070312 1.070312 1.070312 1.031250 1.031250 0.601562 0.601562 0.601562 1.218750 1.218750 1.632812
1.875000 1.875000 1.851562 1.851562 1.851562 1.859375 1.859375 1.687500 1.687500 1.687500 1.656250 1.656250 1.593750 1.593750 1.593750 1.468750 1.468750 1.710938 1.710938 1.710938 1.898438 1.898438 1.726562 1.726562 1.726562 1.445312 1.445312 1.406250 1.406250 1.406250 1.203125 1.203125 0.656250 0.656250 0.656250 0.625000 0.625000 1.023438 1.023438 1.023438 1.328125 1.328125 1.117188 1.117188 1.117188 0.984375 0.984375 1.218750 1.218750 1.218750 1.546875 1.546875 1.070312 1.070312 1.070312 1.031250 1.031250 0.601562 0.601562 0.601562 1.218750 1.218750 1.632812
2.007812 2.007812 2.351562 2.351562 2.351562 2.281250 2.281250 1.867188 1.867188 1.867188 1.757812 1.757812 1.609375 1.609375 1.609375 1.421875 1.421875 1.367188 1.367188 1.367188 1.437500 1.437500 1.429688 1.429688 1.429688 1.507812 1.507812 1.695312 1.695312 1.695312 1.617188 1.617188 1.406250 1.406250 1.406250 1.500000 1.500000 1.539062 1.539062 1.539062 1.671875 1.671875 1.210938 1.210938 1.210938 1.218750 1.218750 1.289062 1.289062 1.289062 1.453125 1.453125 1.312500 1.312500 1.312500 0.695312 0.695312 0.882812 0.882812 0.882812 2.093750 2.093750 2.031250
2.007812 2.007812 2.351562 2.351562 2.351562 2.281250 2.281250 1.867188 1.867188 1.867188 1.757812 1.757812 1.609375 1.609375 1.609375 1.421875 1.421875 1.367188 1.367188 1.367188 1.437500 1.437500 1.429688 1.429688 1.429688 1.507812 1.507812 1.695312 1.695312 1.695312 1.617188 1.617188 1.406250 1.406250 1.406250 1.500000 1.500000 1.539062 1.539062 1.539062 1.671875 1.671875 1.210938 1.210938 1.210938 1.218750 1.218750 1.289062 1.289062 1.289062 1.453125 1.453125 1.312500 1.312500 1.312500 0.695312 0.695312 0.882812 0.882812 0.882812 2.093750 2.093750 2.031250
2.007812 2.007812 2.351562 2.351562 2.351562 2.281250 2.281250 1.867188 1.867188 1.867188 1.757812 1.757812 1.609375 1.609375 1.609375 1.421875 1.421875 1.367188 1.367188 1.367188 1.437500 1.437500 1.429688 1.429688 1.429688 1.507812 1.507812 1.695312 1.695312 1.695312 1.617188 1.617188 1.406250 1.406250 1.406250 1.500000 1.500000 1.539062 1.539062 1.539062 1.671875 1.671875 1.210938 1.210938 1.210938 1.218750 1.218750 1.289062 1.289062 1.289062 1.453125 1.453125 1.312500 1.312500 1.312500 0.695312 0.695312 0.882812 0.882812 0.882812 2.093750 2.093750 2.031250
2.984375 2.984375 2.734375 2.734375 2.734375 2.382812 2.382812 2.109375 2.109375 2.109375 1.867188 1.867188 1.617188 1.617188 1.617188 1.421875 1.421875 1.625000 1.625000 1.625000 1.875000 1.875000 2.148438 2.148438 2.148438 2.265625 2.265625 2.304688 2.304688 2.304688 2.421875 2.421875 2.156250 2.156250 2.156250 1.562500 1.562500 1.570312 1.570312 1.570312 1.937500 1.937500 1.835938 1.835938 1.835938 1.601562 1.601562 1.179688 1.179688 1.179688 1.179688 1.179688 1.078125 1.078125 1.078125 0.765625 0.765625 1.054688 1.054688 1.054688 1.937500 1.937500 1.546875
2.984375 2.984375 2.734375 2.734375 2.734375 2.382812 2.382812 2.109375 2.109375 2.109375 1.867188 1.867188 1.617188 1.617188 1.617188 1.421875 1.421875 1.625000 1.625000 1.625000 1.875000 1.875000 2.148438 2.148438 2.148438 2.265625 2.265625 2.304688 2.304688 2.304688 2.421875 2.421875 2.156250 2.156250 2.156250 1.562500 1.562500 1.570312 1.570312 1.570312 1.937500 1.937500 1.835938 1.835938 1.835938 1.601562 1.601562 1.179688 1.179688 1.179688 1.179688 1.179688 1.078125 1.078125 1.078125 0.765625 0.765625 1.054688 1.054688 1.054688 1.937500 1.937500 1.546875
2.148438 2.148438 2.179688 2.179688 2.179688 2.117188 2.117188 1.406250 1.406250 1.406250 1.320312 1.320312 1.546875 1.546875 1.546875 1.945312 1.945312 2.757812 2.757812 2.757812 2.945312 2.945312 3.187500 3.187500 3.187500 3.593750 3.593750 3.484375 3.484375 3.484375 2.921875 2.921875 2.117188 2.117188 2.117188 1.492188 1.492188 1.687500 1.687500 1.687500 1.921875 1.921875 1.867188 1.867188 1.867188 1.570312 1.570312 0.929688 0.929688 0.929688 0.976562 0.976562 0.835938 0.835938 0.835938 0.640625 0.640625 1.093750 1.093750 1.093750 1.375000 1.375000 1.375000
2.148438 2.148438 2.179688 2.179688 2.179688 2.117188 2.117188 1.406250 1.406250 1.406250 1.320312 1.320312 1.546875 1.546875 1.546875 1.945312 1.945312 2.757812 2.757812 2.757812 2.945312 2.945312 3.187500 3.187500 3.187500 3.593750 3.593750 3.484375 3.484375 3.484375 2.921875 2.921875 2.117188 2.117188 2.117188 1.492188 1.492188 1.687500 1.687500 1.687500 1.921875 1.921875 1.867188 1.867188 1.867188 1.570312 1.570312 0.929688 0.929688 0.929688 0.976562 0.976562 0.835938 0.835938 0.835938 0.640625 0.640625 1.093750 1.093750 1.093750 1.375000 1.375000 1.375000
2.148438 2.148438 2.179688 2.179688 2.179688 2.117188 2.117188 1.406250 1.406250 1.406250 1.320312 1.320312 1.546875 1.546875 1.546875 1.945312 1.945312 2.757812 2.757812 2.757812 2.945312 2.945312 3.187500 3.187500 3.187500 3.593750 3.593750 3.484375 3.484375 3.484375 2.921875 2.921875 2.117188 2.117188 2.117188 1.492188 1.492188 1.687500 1.687500 1.687500 1.921875 1.921875 1.867188 1.867188 1.867188 1.570312 1.570312 0.929688 0.929688 0.929688 0.976562 0.976562 0.835938 0.835938 0.835938 0.640625 0.640625 1.093750 1.093750 1.093750 1.375000 1.375000 1.375000
2.031250 2.031250 1.468750 1.468750 1.468750 1.164062 1.164062 1.476562 1.476562 1.476562 2.023438 2.023438 2.242188 2.242188 2.242188 2.718750 2.718750 3.171875 3.171875 3.171875 3.171875 3.171875 3.390625 3.390625 3.390625 3.976562 3.976562 3.835938 3.835938 3.835938 2.679688 2.679688 1.492188 1.492188 1.492188 1.414062 1.414062 2.132812 2.132812 2.132812 2.710938 2.710938 2.492188 2.492188 2.492188 1.734375 1.734375 1.289062 1.289062 1.289062 1.078125 1.078125 0.890625 0.890625 0.890625 1.015625 1.015625 1.492188 1.492188 1.492188 1.281250 1.281250 1.484375
2.031250 2.031250 1.468750 1.468750 1.468750 1.164062 1.164062 1.476562 1.476562 1.476562 2.023438 2.023438 2.242188 2.242188 2.242188 2.718750 2.718750 3.171875 3.171875 3.171875 3.171875 3.171875 3.390625 3.390625 3.390625 3.976562 3.976562 3.835938 3.835938 3.835938 2.679688 2.679688 1.492188 1.492188 1.492188 1.414062 1.414062 2.132812 2.132812 2.132812 2.710938 2.710938 2.492188 2.492188 2.492188 1.734375 1.734375 1.289062 1.289062 1.289062 1.078125 1.078125 0.890625 0.890625 0.890625 1.015625 1.015625 1.492188 1.492188 1.492188 1.281250 1.281250 1.484375
0.570312 0.570312 1.476562 1.476562 1.476562 2.515625 2.515625 2.843750 2.843750 2.843750 3.179688 3.179688 3.164062 3.164062 3.164062 3.179688 3.179688 3.296875 3.296875 3.296875 3.210938 3.210938 3.156250 3.156250 3.156250 3.531250 3.531250 3.132812 3.132812 3.132812 1.976562 1.976562 1.210938 1.210938 1.210938 1.398438 1.398438 2.320312 2.320312 2.320312 2.851562 2.851562 2.281250 2.281250 2.281250 2.054688 2.054688 1.898438 1.898438 1.898438 1.296875 1.296875 1.351562 1.351562 1.351562 1.640625 1.640625 1.406250 1.406250 1.406250 0.890625 0.890625 0.781250
0.570312 0.570312 1.476562 1.476562 1.476562 2.515625 2.515625 2.843750 2.843750 2.843750 3.179688 3.179688 3.164062 3.164062 3.164062 3.179688 3.179688 3.296875 3.296875 3.296875 3.210938 3.210938 3.156250 3.156250 3.156250 3.531250 3.531250 3.132812 3.132812 3.132812 1.976562 1.976562 1.210938 1.210938 1.210938 1.398438 1.398438 2.320312 2.320312 2.320312 2.851562 2.851562 2.281250 2.281250 2.281250 2.054688 2.054688 1.898438 1.898438 1.898438 1.296875 1.296875 1.351562 1.351562 1.351562 1.640625 1.640625 1.406250 1.406250 1.406250 0.890625 0.890625 0.781250
0.570312 0.570312 1.476562 1.476562 1.476562 2.515625 2.515625 2.843750 2.843750 2.843750 3.179688 3.179688 3.164062 3.164062 3.164062 3.179688 3.179688 3.296875 3.296875 3.296875 3.210938 3.210938 3.156250 3.156250 3.156250 3.531250 3.531250 3.132812 3.132812 3.132812 1.976562 1.976562 1.210938 1.210938 1.210938 1.398438 1.398438 2.320312 2.320312 2.320312 2.851562 2.851562 2.281250 2.281250 2.281250 2.054688 2.054688 1.898438 1.898438 1.898438 1.296875 1.296875 1.351562 1.351562 1.351562 1.640625 1.640625 1.406250 1.406250 1.406250 0.890625 0.890625 0.781250
0.648438 0.648438 1.382812 1.382812 1.382812 3.625000 3.625000 5.031250 5.031250 5.031250 5.007812 5.007812 4.671875 4.671875 4.671875 4.398438 4.398438 4.078125 4.078125 4.078125 3.585938 3.585938 3.625000 3.625000 3.625000 3.601562 3.601562 2.328125 2.328125 2.328125 1.007812 1.007812 1.296875 1.296875 1.296875 2.046875 2.046875 2.593750 2.593750 2.593750 2.335938 2.335938 1.953125 1.953125 1.953125 1.554688 1.554688 1.179688 1.179688 1.179688 0.929688 0.929688 1.234375 1.234375 1.234375 1.882812 1.882812 1.515625 1.515625 1.515625 0.773438 0.773438 0.437500
0.648438 0.648438 1.382812 1.382812 1.382812 3.625000 3.625000 5.031250 5.031250 5.031250 5.007812 5.007812 4.671875 4.671875 4.671875 4.398438 4.398438 4.078125 4.078125 4.078125 3.585938 3.585938 3.625000 3.625000 3.625000 3.601562 3.601562 2.328125 2.328125 2.328125 1.007812 1.007812 1.296875 1.296875 1.296875 2.046875 2.046875 2.593750 2.593750 2.593750 2.335938 2.335938 1.953125 1.953125 1.953125 1.554688 1.554688 1.179688 1.179688 1.179688 0.929688 0.929688 1.234375 1.234375 1.234375 1.882812 1.882812 1.515625 1.515625 1.515625 0.773438 0.773438 0.437500
2.156250 2.156250 2.085938 2.085938 2.085938 2.750000 2.750000 4.148438 4.148438 4.148438 5.554688 5.554688 6.117188 6.117188 6.117188 5.835938 5.835938 4.765625 4.765625 4.765625 3.843750 3.843750 3.476562 3.476562 3.476562 3.007812 3.007812 1.593750 1.593750 1.593750 1.093750 1.093750 1.757812 1.757812 1.757812 1.937500 1.937500 1.867188 1.867188 1.867188 1.960938 1.960938 1.968750 1.968750 1.968750 1.085938 1.085938 0.562500 0.562500 0.562500 0.765625 0.765625 1.242188 1.242188 1.242188 1.734375 1.734375 1.250000 1.250000 1.250000 0.812500 0.812500 0.914062
2.156250 2.156250 2.085938 2.085938 2.085938 2.750000 2.750000 4.148438 4.148438 4.148438 5.554688 5.554688 6.117188 6.117188 6.117188 5.835938 5.835938 4.765625 4.765625 4.765625 3.843750 3.843750 3.476562 3.476562 3.476562 3.007812 3.007812 1.593750 1.593750 1.593750 1.093750 1.093750 1.757812 1.757812 1.757812 1.937500 1.937500 1.867188 1.867188 1.867188 1.960938 1.960938 1.968750 1.968750 1.968750 1.085938 1.085938 0.562500 0.562500 0.562500 0.765625 0.765625 1.242188 1.242188 1.242188 1.734375 1.734375 1.250000 1.250000 1.250000 0.812500 0.812500 0.914062
2.156250 2.156250 2.085938 2.085938 2.085938 2.750000 2.750000 4.148438 4.148438 4.148438 5.554688 5.554688 6.117188 6.117188 6.117188 5.835938 5.835938 4.765625 4.765625 4.765625 3.843750 3.843750 3.476562 3.476562 3.476562 3.007812 3.007812 1.593750 1.593750 1.593750 1.093750 1.093750 1.757812 1.757812 1.757812 1.937500 1.937500 1.867188 1.867188 1.867188 1.960938 1.960938 1.968750 1.968750 1.968750 1.085938 1.085938 0.562500 0.562500 0.562500 0.765625 0.765625 1.242188 1.242188 1.242188 1.734375 1.734375 1.250000 1.250000 1.250000 0.812500 0.812500 0.914062
3.203125 3.203125 2.476562 2.476562 2.476562 1.515625 1.515625 2.070312 2.070312 2.070312 3.921875 3.921875 3.937500 3.937500 3.937500 3.015625 3.015625 3.429688 3.429688 3.429688 3.445312 3.445312 3.140625 3.140625 3.140625 1.882812 1.882812 1.304688 1.304688 1.304688 1.273438 1.273438 1.445312 1.445312 1.445312 1.593750 1.593750 1.554688 1.554688 1.554688 1.789062 1.789062 1.093750 1.093750 1.093750 0.554688 0.554688 0.507812 0.507812 0.507812 0.843750 0.843750 1.523438 1.523438 1.523438 1.437500 1.437500 1.359375 1.359375 1.359375 1.195312 1.195312 1.195312
3.203125 3.203125 2.476562 2.476562 2.476562 1.515625 1.515625 2.070312 2.070312 2.070312 3.921875 3.921875 3.937500 3.937500 3.937500 3.015625 3.015625 3.429688 3.429688 3.429688 3.445312 3.445312 3.140625 3.140625 3.140625 1.882812 1.882812 1.304688 1.304688 1.304688 1.273438 1.273438 1.445312 1.445312 1.445312 1.593750 1.593750 1.554688 1.554688 1.554688 1.789062 1.789062 1.093750 1.093750 1.093750 0.554688 0.554688 0.507812 0.507812 0.507812 0.843750 0.843750 1.523438 1.523438 1.523438 1.437500 1.437500 1.359375 1.359375 1.359375 1.195312 1.195312 1.195312
1.742188 1.742188 1.914062 1.914062 1.914062 2.445312 2.445312 2.750000 2.750000 2.750000 3.796875 3.796875 3.195312 3.195312 3.195312 2.835938 2.835938 3.156250 3.156250 3.156250 3.468750 3.468750 3.578125 3.578125 3.578125 2.109375 2.109375 1.148438 1.148438 1.148438 0.765625 0.765625 1.093750 1.093750 1.093750 1.679688 1.679688 1.859375 1.859375 1.859375 1.031250 1.031250 0.679688 0.679688 0.679688 0.875000 0.875000 1.218750 1.218750 1.218750 1.898438 1.898438 2.328125 2.328125 2.328125 1.976562 1.976562 1.507812 1.507812 1.507812 1.687500 1.687500 1.289062
