Data/APCP/20200108.f114.apcp.gfs.pakistan.txt
ncols        169
nrows        134
xllcorner    60.900000000000
yllcorner    23.700000000000
cellsize     0.100000000000
NODATA_value  -9999
[rows 0 to 43 of 134, columns 0 to 95 of 169]
0.0 0 0 0 0 0 0 0 0 0 0 0 0 0 0 0 0 0.125 0.125 0.125 0.4375 0.4375 1 1 1 1.3125 1.3125 1 1 1 0.6875 0.6875 0.5625 0.5625 0.5625 0.375 0.375 0.4375 0.4375 0.4375 1.25 1.25 2.1875 2.1875 2.1875 2.125 2.125 1.8125 1.8125 1.8125 1.8125 1.8125 1.5625 1.5625 1.5625 1.1875 1.1875 0.8125 0.8125 0.8125 0.375 0.375 0.875 0.875 0.875 1.9375 1.9375 2.875 2.875 2.875 3.75 3.75 2.875 2.875 2.875 1.4375 1.4375 0.6875 0.6875 0.6875 0.8125 0.8125 1.75 1.75 1.75 2.5625 2.5625 2.6875 2.6875 2.6875 1.0625 1.0625 0.875 0.875 0.875 0.375
0 0 0 0 0 0 0 0 0 0 0 0 0 0 0 0 0 0.125 0.125 0.125 0.4375 0.4375 1 1 1 1.3125 1.3125 1 1 1 0.6875 0.6875 0.5625 0.5625 0.5625 0.375 0.375 0.4375 0.4375 0.4375 1.25 1.25 2.1875 2.1875 2.1875 2.125 2.125 1.8125 1.8125 1.8125 1.8125 1.8125 1.5625 1.5625 1.5625 1.1875 1.1875 0.8125 0.8125 0.8125 0.375 0.375 0.875 0.875 0.875 1.9375 1.9375 2.875 2.875 2.875 3.75 3.75 2.875 2.875 2.875 1.4375 1.4375 0.6875 0.6875 0.6875 0.8125 0.8125 1.75 1.75 1.75 2.5625 2.5625 2.6875 2.6875 2.6875 1.0625 1.0625 0.875 0.875 0.875 0.375
0 0 0 0 0 0 0 0 0 0 0 0 0.0625 0.0625 0.0625 0.125 0.125 0.5 0.5 0.5 1 1 1.6875 1.6875 1.6875 1.625 1.625 1.375 1.375 1.375 1.1875 1.1875 0.875 0.875 0.875 0.625 0.625 0.9375 0.9375 0.9375 2.5 2.5 3.0625 3.0625 3.0625 1.875 1.875 1 1 1 1 1 0.5625 0.5625 0.5625 0.8125 0.8125 0.5625 0.5625 0.5625 0.8125 0.8125 2.1875 2.1875 2.1875 2.625 2.625 2.25 2.25 2.25 1.6875 1.6875 1.0625 1.0625 1.0625 0.75 0.75 0.5625 0.5625 0.5625 1.375 1.375 2.5625 2.5625 2.5625 2 2 2.0625 2.0625 2.0625 1.3125 1.3125 1.125 1.125 1.125 0.375
0 0 0 0 0 0 0 0 0 0 0 0 0.0625 0.0625 0.0625 0.125 0.125 0.5 0.5 0.5 1 1 1.6875 1.6875 1.6875 1.625 1.625 1.375 1.375 1.375 1.1875 1.1875 0.875 0.875 0.875 0.625 0.625 0.9375 0.9375 0.9375 2.5 2.5 3.0625 3.0625 3.0625 1.875 1.875 1 1 1 1 1 0.5625 0.5625 0.5625 0.8125 0.8125 0.5625 0.5625 0.5625 0.8125 0.8125 2.1875 2.1875 2.1875 2.625 2.625 2.25 2.25 2.25 1.6875 1.6875 1.0625 1.0625 1.0625 0.75 0.75 0.5625 0.5625 0.5625 1.375 1.375 2.5625 2.5625 2.5625 2 2 2.0625 2.0625 2.0625 1.3125 1.3125 1.125 1.125 1.125 0.375
0 0 0 0 0 0 0 0 0 0 0 0 0.0625 0.0625 0.0625 0.125 0.125 0.5 0.5 0.5 1 1 1.6875 1.6875 1.6875 1.625 1.625 1.375 1.375 1.375 1.1875 1.1875 0.875 0.875 0.875 0.625 0.625 0.9375 0.9375 0.9375 2.5 2.5 3.0625 3.0625 3.0625 1.875 1.875 1 1 1 1 1 0.5625 0.5625 0.5625 0.8125 0.8125 0.5625 0.5625 0.5625 0.8125 0.8125 2.1875 2.1875 2.1875 2.625 2.625 2.25 2.25 2.25 1.6875 1.6875 1.0625 1.0625 1.0625 0.75 0.75 0.5625 0.5625 0.5625 1.375 1.375 2.5625 2.5625 2.5625 2 2 2.0625 2.0625 2.0625 1.3125 1.3125 1.125 1.125 1.125 0.375
0 0 0 0 0 0 0 0 0 0 0 0 0.0625 0.0625 0.0625 0.3125 0.3125 1 1 1 1.5625 1.5625 1.6875 1.6875 1.6875 1.4375 1.4375 1.3125 1.3125 1.3125 1 1 0.75 0.75 0.75 1.0625 1.0625 2.25 2.25 2.25 3.125 3.125 1.9375 1.9375 1.9375 0.8125 0.8125 0.5 0.5 0.5 0.6875 0.6875 0.8125 0.8125 0.8125 1.1875 1.1875 0.75 0.75 0.75 4.125 4.125 5.375 5.375 5.375 4.8125 4.8125 2.375 2.375 2.375 0.4375 0.4375 0.5 0.5 0.5 0.875 0.875 0.5625 0.5625 0.5625 1.5625 1.5625 2.4375 2.4375 2.4375 2.25 2.25 1.25 1.25 1.25 0.75 0.75 0.5625 0.5625 0.5625 0.0625
0 0 0 0 0 0 0 0 0 0 0 0 0.0625 0.0625 0.0625 0.3125 0.3125 1 1 1 1.5625 1.5625 1.6875 1.6875 1.6875 1.4375 1.4375 1.3125 1.3125 1.3125 1 1 0.75 0.75 0.75 1.0625 1.0625 2.25 2.25 2.25 3.125 3.125 1.9375 1.9375 1.9375 0.8125 0.8125 0.5 0.5 0.5 0.6875 0.6875 0.8125 0.8125 0.8125 1.1875 1.1875 0.75 0.75 0.75 4.125 4.125 5.375 5.375 5.375 4.8125 4.8125 2.375 2.375 2.375 0.4375 0.4375 0.5 0.5 0.5 0.875 0.875 0.5625 0.5625 0.5625 1.5625 1.5625 2.4375 2.4375 2.4375 2.25 2.25 1.25 1.25 1.25 0.75 0.75 0.5625 0.5625 0.5625 0.0625
0 0 0 0 0 0 0 0 0 0 0.0625 0.0625 0.125 0.125 0.125 0.4375 0.4375 0.875 0.875 0.875 1.4375 1.4375 1.625 1.625 1.625 1.5 1.5 1.3125 1.3125 1.3125 0.875 0.875 0.875 0.875 0.875 2.0625 2.0625 2.5625 2.5625 2.5625 2.25 2.25 1.1875 1.1875 1.1875 1.125 1.125 0.9375 0.9375 0.9375 1.25 1.25 1.8125 1.8125 1.8125 0.875 0.875 2.25 2.25 2.25 6.8125 6.8125 6.375 6.375 6.375 2.5 2.5 0.4375 0.4375 0.4375 0.1875 0.1875 1.4375 1.4375 1.4375 1.75 1.75 0.25 0.25 0.25 0.4375 0.4375 0.875 0.875 0.875 0.6875 0.6875 0.125 0.125 0.125 0.0625 0.0625 0.0625 0.0625 0.0625 0.25
0 0 0 0 0 0 0 0 0 0 0.0625 0.0625 0.125 0.125 0.125 0.4375 0.4375 0.875 0.875 0.875 1.4375 1.4375 1.625 1.625 1.625 1.5 1.5 1.3125 1.3125 1.3125 0.875 0.875 0.875 0.875 0.875 2.0625 2.0625 2.5625 2.5625 2.5625 2.25 2.25 1.1875 1.1875 1.1875 1.125 1.125 0.9375 0.9375 0.9375 1.25 1.25 1.8125 1.8125 1.8125 0.875 0.875 2.25 2.25 2.25 6.8125 6.8125 6.375 6.375 6.375 2.5 2.5 0.4375 0.4375 0.4375 0.1875 0.1875 1.4375 1.4375 1.4375 1.75 1.75 0.25 0.25 0.25 0.4375 0.4375 0.875 0.875 0.875 0.6875 0.6875 0.125 0.125 0.125 0.0625 0.0625 0.0625 0.0625 0.0625 0.25
0 0 0 0 0 0 0 0 0 0 0.0625 0.0625 0.125 0.125 0.125 0.4375 0.4375 0.875 0.875 0.875 1.4375 1.4375 1.625 1.625 1.625 1.5 1.5 1.3125 1.3125 1.3125 0.875 0.875 0.875 0.875 0.875 2.0625 2.0625 2.5625 2.5625 2.5625 2.25 2.25 1.1875 1.1875 1.1875 1.125 1.125 0.9375 0.9375 0.9375 1.25 1.25 1.8125 1.8125 1.8125 0.875 0.875 2.25 2.25 2.25 6.8125 6.8125 6.375 6.375 6.375 2.5 2.5 0.4375 0.4375 0.4375 0.1875 0.1875 1.4375 1.4375 1.4375 1.75 1.75 0.25 0.25 0.25 0.4375 0.4375 0.875 0.875 0.875 0.6875 0.6875 0.125 0.125 0.125 0.0625 0.0625 0.0625 0.0625 0.0625 0.25
0.0625 0.0625 0.0625 0.0625 0.0625 0.125 0.125 0.125 0.125 0.125 0.125 0.125 0.25 0.25 0.25 0.625 0.625 1 1 1 1.4375 1.4375 1.625 1.625 1.625 1.5 1.5 1.125 1.125 1.125 0.875 0.875 1.6875 1.6875 1.6875 2.375 2.375 2.3125 2.3125 2.3125 2.6875 2.6875 2.9375 2.9375 2.9375 2.125 2.125 1.1875 1.1875 1.1875 1.5 1.5 2.3125 2.3125 2.3125 2 2 3.5 3.5 3.5 6.5 6.5 5.1875 5.1875 5.1875 2.25 2.25 1 1 1 1.0625 1.0625 1.4375 1.4375 1.4375 1.5625 1.5625 0.25 0.25 0.25 0.4375 0.4375 0.375 0.375 0.375 0 0 0 0 0 0 0 0.125 0.125 0.125 0.4375
0.0625 0.0625 0.0625 0.0625 0.0625 0.125 0.125 0.125 0.125 0.125 0.125 0.125 0.25 0.25 0.25 0.625 0.625 1 1 1 1.4375 1.4375 1.625 1.625 1.625 1.5 1.5 1.125 1.125 1.125 0.875 0.875 1.6875 1.6875 1.6875 2.375 2.375 2.3125 2.3125 2.3125 2.6875 2.6875 2.9375 2.9375 2.9375 2.125 2.125 1.1875 1.1875 1.1875 1.5 1.5 2.3125 2.3125 2.3125 2 2 3.5 3.5 3.5 6.5 6.5 5.1875 5.1875 5.1875 2.25 2.25 1 1 1 1.0625 1.0625 1.4375 1.4375 1.4375 1.5625 1.5625 0.25 0.25 0.25 0.4375 0.4375 0.375 0.375 0.375 0 0 0 0 0 0 0 0.125 0.125 0.125 0.4375
0.0625 0.0625 0.1875 0.1875 0.1875 0.375 0.375 0.1875 0.1875 0.1875 0.1875 0.1875 0.5 0.5 0.5 1.0625 1.0625 1.6875 1.6875 1.6875 1.625 1.625 1.1875 1.1875 1.1875 0.6875 0.6875 0.9375 0.9375 0.9375 1.5625 1.5625 2.4375 2.4375 2.4375 2.25 2.25 2.0625 2.0625 2.0625 2.6875 2.6875 3 3 3 2 2 1.0625 1.0625 1.0625 1.625 1.625 1.9375 1.9375 1.9375 2.0625 2.0625 4 4 4 4.5 4.5 3.875 3.875 3.875 2.875 2.875 1.75 1.75 1.75 0.9375 0.9375 0.5 0.5 0.5 1.4375 1.4375 0.75 0.75 0.75 0.5 0.5 0.125 0.125 0.125 0 0 0.125 0.125 0.125 0.1875 0.1875 0.8125 0.8125 0.8125 1.6875
0.0625 0.0625 0.1875 0.1875 0.1875 0.375 0.375 0.1875 0.1875 0.1875 0.1875 0.1875 0.5 0.5 0.5 1.0625 1.0625 1.6875 1.6875 1.6875 1.625 1.625 1.1875 1.1875 1.1875 0.6875 0.6875 0.9375 0.9375 0.9375 1.5625 1.5625 2.4375 2.4375 2.4375 2.25 2.25 2.0625 2.0625 2.0625 2.6875 2.6875 3 3 3 2 2 1.0625 1.0625 1.0625 1.625 1.625 1.9375 1.9375 1.9375 2.0625 2.0625 4 4 4 4.5 4.5 3.875 3.875 3.875 2.875 2.875 1.75 1.75 1.75 0.9375 0.9375 0.5 0.5 0.5 1.4375 1.4375 0.75 0.75 0.75 0.5 0.5 0.125 0.125 0.125 0 0 0.125 0.125 0.125 0.1875 0.1875 0.8125 0.8125 0.8125 1.6875
0.0625 0.0625 0.1875 0.1875 0.1875 0.375 0.375 0.1875 0.1875 0.1875 0.1875 0.1875 0.5 0.5 0.5 1.0625 1.0625 1.6875 1.6875 1.6875 1.625 1.625 1.1875 1.1875 1.1875 0.6875 0.6875 0.9375 0.9375 0.9375 1.5625 1.5625 2.4375 2.4375 2.4375 2.25 2.25 2.0625 2.0625 2.0625 2.6875 2.6875 3 3 3 2 2 1.0625 1.0625 1.0625 1.625 1.625 1.9375 1.9375 1.9375 2.0625 2.0625 4 4 4 4.5 4.5 3.875 3.875 3.875 2.875 2.875 1.75 1.75 1.75 0.9375 0.9375 0.5 0.5 0.5 1.4375 1.4375 0.75 0.75 0.75 0.5 0.5 0.125 0.125 0.125 0 0 0.125 0.125 0.125 0.1875 0.1875 0.8125 0.8125 0.8125 1.6875
0.1875 0.1875 0.125 0.125 0.125 0.375 0.375 0.4375 0.4375 0.4375 0.5 0.5 0.875 0.875 0.875 1.3125 1.3125 2 2 2 1.6875 1.6875 0.75 0.75 0.75 0.5625 0.5625 1.0625 1.0625 1.0625 1.25 1.25 1.375 1.375 1.375 1.125 1.125 1.375 1.375 1.375 3.75 3.75 3.8125 3.8125 3.8125 2.375 2.375 1.4375 1.4375 1.4375 1.5 1.5 1.75 1.75 1.75 3.9375 3.9375 5.3125 5.3125 5.3125 3.875 3.875 3.625 3.625 3.625 3.625 3.625 1.8125 1.8125 1.8125 0.1875 0.1875 0.0625 0.0625 0.0625 0.25 0.25 0.6875 0.6875 0.6875 0.8125 0.8125 0.5625 0.5625 0.5625 0.375 0.375 0.3125 0.3125 0.3125 0.5625 0.5625 2.375 2.375 2.375 2.6875
0.1875 0.1875 0.125 0.125 0.125 0.375 0.375 0.4375 0.4375 0.4375 0.5 0.5 0.875 0.875 0.875 1.3125 1.3125 2 2 2 1.6875 1.6875 0.75 0.75 0.75 0.5625 0.5625 1.0625 1.0625 1.0625 1.25 1.25 1.375 1.375 1.375 1.125 1.125 1.375 1.375 1.375 3.75 3.75 3.8125 3.8125 3.8125 2.375 2.375 1.4375 1.4375 1.4375 1.5 1.5 1.75 1.75 1.75 3.9375 3.9375 5.3125 5.3125 5.3125 3.875 3.875 3.625 3.625 3.625 3.625 3.625 1.8125 1.8125 1.8125 0.1875 0.1875 0.0625 0.0625 0.0625 0.25 0.25 0.6875 0.6875 0.6875 0.8125 0.8125 0.5625 0.5625 0.5625 0.375 0.375 0.3125 0.3125 0.3125 0.5625 0.5625 2.375 2.375 2.375 2.6875
0 0 0.125 0.125 0.125 0.5625 0.5625 0.625 0.625 0.625 0.875 0.875 1.3125 1.3125 1.3125 1.5625 1.5625 1.875 1.875 1.875 1.25 1.25 0.5 0.5 0.5 0.5 0.5 0.8125 0.8125 0.8125 1.5625 1.5625 1.875 1.875 1.875 1.875 1.875 3.6875 3.6875 3.6875 6.1875 6.1875 3.9375 3.9375 3.9375 3.1875 3.1875 1.4375 1.4375 1.4375 0.9375 0.9375 3.125 3.125 3.125 5.5 5.5 4.375 4.375 4.375 2.125 2.125 1.1875 1.1875 1.1875 1.625 1.625 0.3125 0.3125 0.3125 0.125 0.125 0.0625 0.0625 0.0625 0.75 0.75 4.25 4.25 4.25 6.5 6.5 2.875 2.875 2.875 1.125 1.125 0.375 0.375 0.375 2.375 2.375 4.5625 4.5625 4.5625 3.5
0 0 0.125 0.125 0.125 0.5625 0.5625 0.625 0.625 0.625 0.875 0.875 1.3125 1.3125 1.3125 1.5625 1.5625 1.875 1.875 1.875 1.25 1.25 0.5 0.5 0.5 0.5 0.5 0.8125 0.8125 0.8125 1.5625 1.5625 1.875 1.875 1.875 1.875 1.875 3.6875 3.6875 3.6875 6.1875 6.1875 3.9375 3.9375 3.9375 3.1875 3.1875 1.4375 1.4375 1.4375 0.9375 0.9375 3.125 3.125 3.125 5.5 5.5 4.375 4.375 4.375 2.125 2.125 1.1875 1.1875 1.1875 1.625 1.625 0.3125 0.3125 0.3125 0.125 0.125 0.0625 0.0625 0.0625 0.75 0.75 4.25 4.25 4.25 6.5 6.5 2.875 2.875 2.875 1.125 1.125 0.375 0.375 0.375 2.375 2.375 4.5625 4.5625 4.5625 3.5
0 0 0.125 0.125 0.125 0.5625 0.5625 0.625 0.625 0.625 0.875 0.875 1.3125 1.3125 1.3125 1.5625 1.5625 1.875 1.875 1.875 1.25 1.25 0.5 0.5 0.5 0.5 0.5 0.8125 0.8125 0.8125 1.5625 1.5625 1.875 1.875 1.875 1.875 1.875 3.6875 3.6875 3.6875 6.1875 6.1875 3.9375 3.9375 3.9375 3.1875 3.1875 1.4375 1.4375 1.4375 0.9375 0.9375 3.125 3.125 3.125 5.5 5.5 4.375 4.375 4.375 2.125 2.125 1.1875 1.1875 1.1875 1.625 1.625 0.3125 0.3125 0.3125 0.125 0.125 0.0625 0.0625 0.0625 0.75 0.75 4.25 4.25 4.25 6.5 6.5 2.875 2.875 2.875 1.125 1.125 0.375 0.375 0.375 2.375 2.375 4.5625 4.5625 4.5625 3.5
0 0 0 0 0 0.625 0.625 1.8125 1.8125 1.8125 2.1875 2.1875 2.375 2.375 2.375 1.9375 1.9375 1.625 1.625 1.625 1.25 1.25 0.8125 0.8125 0.8125 0.8125 0.8125 0.75 0.75 0.75 1.375 1.375 2.8125 2.8125 2.8125 3.875 3.875 5.3125 5.3125 5.3125 4.75 4.75 3.75 3.75 3.75 2.25 2.25 1.0625 1.0625 1.0625 1.4375 1.4375 2.75 2.75 2.75 6.1875 6.1875 6.0625 6.0625 6.0625 1.9375 1.9375 0.4375 0.4375 0.4375 0.625 0.625 1.3125 1.3125 1.3125 1.375 1.375 1.25 1.25 1.25 2.375 2.375 4.75 4.75 4.75 8.125 8.125 5.125 5.125 5.125 3.3125 3.3125 1.5625 1.5625 1.5625 2.9375 2.9375 4.625 4.625 4.625 3.5
0 0 0 0 0 0.625 0.625 1.8125 1.8125 1.8125 2.1875 2.1875 2.375 2.375 2.375 1.9375 1.9375 1.625 1.625 1.625 1.25 1.25 0.8125 0.8125 0.8125 0.8125 0.8125 0.75 0.75 0.75 1.375 1.375 2.8125 2.8125 2.8125 3.875 3.875 5.3125 5.3125 5.3125 4.75 4.75 3.75 3.75 3.75 2.25 2.25 1.0625 1.0625 1.0625 1.4375 1.4375 2.75 2.75 2.75 6.1875 6.1875 6.0625 6.0625 6.0625 1.9375 1.9375 0.4375 0.4375 0.4375 0.625 0.625 1.3125 1.3125 1.3125 1.375 1.375 1.25 1.25 1.25 2.375 2.375 4.75 4.75 4.75 8.125 8.125 5.125 5.125 5.125 3.3125 3.3125 1.5625 1.5625 1.5625 2.9375 2.9375 4.625 4.625 4.625 3.5
0 0 0 0 0 0.25 0.25 1.3125 1.3125 1.3125 2.125 2.125 2.0625 2.0625 2.0625 1.6875 1.6875 1.125 1.125 1.125 0.9375 0.9375 0.5 0.5 0.5 0.5625 0.5625 0.9375 0.9375 0.9375 2.25 2.25 3.375 3.375 3.375 2.5625 2.5625 2.875 2.875 2.875 3.25 3.25 3.75 3.75 3.75 1.4375 1.4375 0.8125 0.8125 0.8125 1.625 1.625 2.9375 2.9375 2.9375 6.75 6.75 5.125 5.125 5.125 2.5 2.5 1.125 1.125 1.125 1.625 1.625 2.75 2.75 2.75 2.9375 2.9375 2.1875 2.1875 2.1875 3.1875 3.1875 6.0625 6.0625 6.0625 8.1875 8.1875 5.3125 5.3125 5.3125 5.5625 5.5625 3.9375 3.9375 3.9375 3.625 3.625 3.375 3.375 3.375 2.8125
0 0 0 0 0 0.25 0.25 1.3125 1.3125 1.3125 2.125 2.125 2.0625 2.0625 2.0625 1.6875 1.6875 1.125 1.125 1.125 0.9375 0.9375 0.5 0.5 0.5 0.5625 0.5625 0.9375 0.9375 0.9375 2.25 2.25 3.375 3.375 3.375 2.5625 2.5625 2.875 2.875 2.875 3.25 3.25 3.75 3.75 3.75 1.4375 1.4375 0.8125 0.8125 0.8125 1.625 1.625 2.9375 2.9375 2.9375 6.75 6.75 5.125 5.125 5.125 2.5 2.5 1.125 1.125 1.125 1.625 1.625 2.75 2.75 2.75 2.9375 2.9375 2.1875 2.1875 2.1875 3.1875 3.1875 6.0625 6.0625 6.0625 8.1875 8.1875 5.3125 5.3125 5.3125 5.5625 5.5625 3.9375 3.9375 3.9375 3.625 3.625 3.375 3.375 3.375 2.8125
0 0 0 0 0 0.25 0.25 1.3125 1.3125 1.3125 2.125 2.125 2.0625 2.0625 2.0625 1.6875 1.6875 1.125 1.125 1.125 0.9375 0.9375 0.5 0.5 0.5 0.5625 0.5625 0.9375 0.9375 0.9375 2.25 2.25 3.375 3.375 3.375 2.5625 2.5625 2.875 2.875 2.875 3.25 3.25 3.75 3.75 3.75 1.4375 1.4375 0.8125 0.8125 0.8125 1.625 1.625 2.9375 2.9375 2.9375 6.75 6.75 5.125 5.125 5.125 2.5 2.5 1.125 1.125 1.125 1.625 1.625 2.75 2.75 2.75 2.9375 2.9375 2.1875 2.1875 2.1875 3.1875 3.1875 6.0625 6.0625 6.0625 8.1875 8.1875 5.3125 5.3125 5.3125 5.5625 5.5625 3.9375 3.9375 3.9375 3.625 3.625 3.375 3.375 3.375 2.8125
0 0 0 0 0 0 0 0.0625 0.0625 0.0625 0.125 0.125 0.0625 0.0625 0.0625 0.1875 0.1875 0.1875 0.1875 0.1875 0.1875 0.1875 0.125 0.125 0.125 0.5 0.5 1.75 1.75 1.75 3.125 3.125 1.625 1.625 1.625 0.75 0.75 2.625 2.625 2.625 3.4375 3.4375 1.5625 1.5625 1.5625 0.3125 0.3125 0.5625 0.5625 0.5625 1.3125 1.3125 4.25 4.25 4.25 4.9375 4.9375 5.0625 5.0625 5.0625 4.1875 4.1875 2.4375 2.4375 2.4375 2.125 2.125 2.125 2.125 2.125 2.125 2.125 1.5625 1.5625 1.5625 3.625 3.625 5.6875 5.6875 5.6875 4.25 4.25 3 3 3 5.25 5.25 5.625 5.625 5.625 4.375 4.375 2.4375 2.4375 2.4375 2
0 0 0 0 0 0 0 0.0625 0.0625 0.0625 0.125 0.125 0.0625 0.0625 0.0625 0.1875 0.1875 0.1875 0.1875 0.1875 0.1875 0.1875 0.125 0.125 0.125 0.5 0.5 1.75 1.75 1.75 3.125 3.125 1.625 1.625 1.625 0.75 0.75 2.625 2.625 2.625 3.4375 3.4375 1.5625 1.5625 1.5625 0.3125 0.3125 0.5625 0.5625 0.5625 1.3125 1.3125 4.25 4.25 4.25 4.9375 4.9375 5.0625 5.0625 5.0625 4.1875 4.1875 2.4375 2.4375 2.4375 2.125 2.125 2.125 2.125 2.125 2.125 2.125 1.5625 1.5625 1.5625 3.625 3.625 5.6875 5.6875 5.6875 4.25 4.25 3 3 3 5.25 5.25 5.625 5.625 5.625 4.375 4.375 2.4375 2.4375 2.4375 2
0 0 0 0 0 0 0 0 0 0 0.0625 0.0625 0.1875 0.1875 0.1875 0.4375 0.4375 0.75 0.75 0.75 0.3125 0.3125 0.4375 0.4375 0.4375 1.4375 1.4375 2.5625 2.5625 2.5625 1.8125 1.8125 0.5 0.5 0.5 3.5 3.5 5 5 5 1.3125 1.3125 0.0625 0.0625 0.0625 0 0 0.6875 0.6875 0.6875 2.5 2.5 4.25 4.25 4.25 4.125 4.125 4.5 4.5 4.5 5.3125 5.3125 3.1875 3.1875 3.1875 0.75 0.75 1.5 1.5 1.5 1.5625 1.5625 1.75 1.75 1.75 3.8125 3.8125 5.0625 5.0625 5.0625 2.4375 2.4375 0.5625 0.5625 0.5625 1.5 1.5 4.25 4.25 4.25 6.4375 6.4375 5.75 5.75 5.75 3.5
0 0 0 0 0 0 0 0 0 0 0.0625 0.0625 0.1875 0.1875 0.1875 0.4375 0.4375 0.75 0.75 0.75 0.3125 0.3125 0.4375 0.4375 0.4375 1.4375 1.4375 2.5625 2.5625 2.5625 1.8125 1.8125 0.5 0.5 0.5 3.5 3.5 5 5 5 1.3125 1.3125 0.0625 0.0625 0.0625 0 0 0.6875 0.6875 0.6875 2.5 2.5 4.25 4.25 4.25 4.125 4.125 4.5 4.5 4.5 5.3125 5.3125 3.1875 3.1875 3.1875 0.75 0.75 1.5 1.5 1.5 1.5625 1.5625 1.75 1.75 1.75 3.8125 3.8125 5.0625 5.0625 5.0625 2.4375 2.4375 0.5625 0.5625 0.5625 1.5 1.5 4.25 4.25 4.25 6.4375 6.4375 5.75 5.75 5.75 3.5
0 0 0 0 0 0 0 0 0 0 0.0625 0.0625 0.1875 0.1875 0.1875 0.4375 0.4375 0.75 0.75 0.75 0.3125 0.3125 0.4375 0.4375 0.4375 1.4375 1.4375 2.5625 2.5625 2.5625 1.8125 1.8125 0.5 0.5 0.5 3.5 3.5 5 5 5 1.3125 1.3125 0.0625 0.0625 0.0625 0 0 0.6875 0.6875 0.6875 2.5 2.5 4.25 4.25 4.25 4.125 4.125 4.5 4.5 4.5 5.3125 5.3125 3.1875 3.1875 3.1875 0.75 0.75 1.5 1.5 1.5 1.5625 1.5625 1.75 1.75 1.75 3.8125 3.8125 5.0625 5.0625 5.0625 2.4375 2.4375 0.5625 0.5625 0.5625 1.5 1.5 4.25 4.25 4.25 6.4375 6.4375 5.75 5.75 5.75 3.5
0 0 0 0 0 0 0 0 0 0 0.5625 0.5625 1.25 1.25 1.25 1.3125 1.3125 1 1 1 1.125 1.125 1.375 1.375 1.375 1.6875 1.6875 1 1 1 0.3125 0.3125 1.6875 1.6875 1.6875 5.3125 5.3125 1.6875 1.6875 1.6875 0.0625 0.0625 0.125 0.125 0.125 0.3125 0.3125 1.375 1.375 1.375 3.625 3.625 3.875 3.875 3.875 4.375 4.375 5.125 5.125 5.125 4.4375 4.4375 2.5 2.5 2.5 0.5 0.5 1.875 1.875 1.875 2.125 2.125 3.875 3.875 3.875 5.9375 5.9375 5.625 5.625 5.625 2.5 2.5 0.5 0.5 0.5 0.625 0.625 2.0625 2.0625 2.0625 4.125 4.125 5.875 5.875 5.875 5.4375
0 0 0 0 0 0 0 0 0 0 0.5625 0.5625 1.25 1.25 1.25 1.3125 1.3125 1 1 1 1.125 1.125 1.375 1.375 1.375 1.6875 1.6875 1 1 1 0.3125 0.3125 1.6875 1.6875 1.6875 5.3125 5.3125 1.6875 1.6875 1.6875 0.0625 0.0625 0.125 0.125 0.125 0.3125 0.3125 1.375 1.375 1.375 3.625 3.625 3.875 3.875 3.875 4.375 4.375 5.125 5.125 5.125 4.4375 4.4375 2.5 2.5 2.5 0.5 0.5 1.875 1.875 1.875 2.125 2.125 3.875 3.875 3.875 5.9375 5.9375 5.625 5.625 5.625 2.5 2.5 0.5 0.5 0.5 0.625 0.625 2.0625 2.0625 2.0625 4.125 4.125 5.875 5.875 5.875 5.4375
0 0 0 0 0 0 0 0 0 0 0.3125 0.3125 0.4375 0.4375 0.4375 0.75 0.75 1.3125 1.3125 1.3125 1.5625 1.5625 1.75 1.75 1.75 0.5625 0.5625 0.125 0.125 0.125 1 1 3.625 3.625 3.625 5.5625 5.5625 1 1 1 0.5 0.5 0.6875 0.6875 0.6875 1.4375 1.4375 2.0625 2.0625 2.0625 3.3125 3.3125 3.4375 3.4375 3.4375 6.25 6.25 8.5 8.5 8.5 3.5625 3.5625 0.875 0.875 0.875 1.5625 1.5625 3 3 3 4.375 4.375 8.375 8.375 8.375 7.8125 7.8125 5.8125 5.8125 5.8125 2.75 2.75 0.8125 0.8125 0.8125 0.75 0.75 3.25 3.25 3.25 4.3125 4.3125 5.0625 5.0625 5.0625 5.25
0 0 0 0 0 0 0 0 0 0 0.3125 0.3125 0.4375 0.4375 0.4375 0.75 0.75 1.3125 1.3125 1.3125 1.5625 1.5625 1.75 1.75 1.75 0.5625 0.5625 0.125 0.125 0.125 1 1 3.625 3.625 3.625 5.5625 5.5625 1 1 1 0.5 0.5 0.6875 0.6875 0.6875 1.4375 1.4375 2.0625 2.0625 2.0625 3.3125 3.3125 3.4375 3.4375 3.4375 6.25 6.25 8.5 8.5 8.5 3.5625 3.5625 0.875 0.875 0.875 1.5625 1.5625 3 3 3 4.375 4.375 8.375 8.375 8.375 7.8125 7.8125 5.8125 5.8125 5.8125 2.75 2.75 0.8125 0.8125 0.8125 0.75 0.75 3.25 3.25 3.25 4.3125 4.3125 5.0625 5.0625 5.0625 5.25
0 0 0 0 0 0 0 0 0 0 0.3125 0.3125 0.4375 0.4375 0.4375 0.75 0.75 1.3125 1.3125 1.3125 1.5625 1.5625 1.75 1.75 1.75 0.5625 0.5625 0.125 0.125 0.125 1 1 3.625 3.625 3.625 5.5625 5.5625 1 1 1 0.5 0.5 0.6875 0.6875 0.6875 1.4375 1.4375 2.0625 2.0625 2.0625 3.3125 3.3125 3.4375 3.4375 3.4375 6.25 6.25 8.5 8.5 8.5 3.5625 3.5625 0.875 0.875 0.875 1.5625 1.5625 3 3 3 4.375 4.375 8.375 8.375 8.375 7.8125 7.8125 5.8125 5.8125 5.8125 2.75 2.75 0.8125 0.8125 0.8125 0.75 0.75 3.25 3.25 3.25 4.3125 4.3125 5.0625 5.0625 5.0625 5.25
0 0 0 0 0 0 0 0 0 0 0 0 0.1875 0.1875 0.1875 1.0625 1.0625 1.75 1.75 1.75 1.6875 1.6875 2.0625 2.0625 2.0625 0.625 0.625 0.625 0.625 0.625 1.6875 1.6875 2.75 2.75 2.75 2.375 2.375 0.9375 0.9375 0.9375 1.0625 1.0625 1.125 1.125 1.125 3.25 3.25 1.6875 1.6875 1.6875 2.5 2.5 3.75 3.75 3.75 8.375 8.375 5.5 5.5 5.5 2.3125 2.3125 1.75 1.75 1.75 3.3125 3.3125 4.5 4.5 4.5 7.4375 7.4375 11.0625 11.0625 11.0625 7.3125 7.3125 3.8125 3.8125 3.8125 1.625 1.625 0.6875 0.6875 0.6875 1.3125 1.3125 3.9375 3.9375 3.9375 5.375 5.375 6.375 6.375 6.375 4.8125
0 0 0 0 0 0 0 0 0 0 0 0 0.1875 0.1875 0.1875 1.0625 1.0625 1.75 1.75 1.75 1.6875 1.6875 2.0625 2.0625 2.0625 0.625 0.625 0.625 0.625 0.625 1.6875 1.6875 2.75 2.75 2.75 2.375 2.375 0.9375 0.9375 0.9375 1.0625 1.0625 1.125 1.125 1.125 3.25 3.25 1.6875 1.6875 1.6875 2.5 2.5 3.75 3.75 3.75 8.375 8.375 5.5 5.5 5.5 2.3125 2.3125 1.75 1.75 1.75 3.3125 3.3125 4.5 4.5 4.5 7.4375 7.4375 11.0625 11.0625 11.0625 7.3125 7.3125 3.8125 3.8125 3.8125 1.625 1.625 0.6875 0.6875 0.6875 1.3125 1.3125 3.9375 3.9375 3.9375 5.375 5.375 6.375 6.375 6.375 4.8125
0 0 0 0 0 0 0 0 0 0 0 0 0.0625 0.0625 0.0625 0.6875 0.6875 1.75 1.75 1.75 1.75 1.75 2 2 2 1.9375 1.9375 0.375 0.375 0.375 0.75 0.75 1.625 1.625 1.625 1.0625 1.0625 2.4375 2.4375 2.4375 1.5625 1.5625 2.4375 2.4375 2.4375 3.25 3.25 1.0625 1.0625 1.0625 2.5 2.5 3.9375 3.9375 3.9375 5 5 3.5625 3.5625 3.5625 3.4375 3.4375 4.25 4.25 4.25 6.5 6.5 8.4375 8.4375 8.4375 10.1875 10.1875 8.5625 8.5625 8.5625 4.25 4.25 2.3125 2.3125 2.3125 1.0625 1.0625 1.875 1.875 1.875 3.3125 3.3125 4.75 4.75 4.75 5.3125 5.3125 4.625 4.625 4.625 2.5625
0 0 0 0 0 0 0 0 0 0 0 0 0.0625 0.0625 0.0625 0.6875 0.6875 1.75 1.75 1.75 1.75 1.75 2 2 2 1.9375 1.9375 0.375 0.375 0.375 0.75 0.75 1.625 1.625 1.625 1.0625 1.0625 2.4375 2.4375 2.4375 1.5625 1.5625 2.4375 2.4375 2.4375 3.25 3.25 1.0625 1.0625 1.0625 2.5 2.5 3.9375 3.9375 3.9375 5 5 3.5625 3.5625 3.5625 3.4375 3.4375 4.25 4.25 4.25 6.5 6.5 8.4375 8.4375 8.4375 10.1875 10.1875 8.5625 8.5625 8.5625 4.25 4.25 2.3125 2.3125 2.3125 1.0625 1.0625 1.875 1.875 1.875 3.3125 3.3125 4.75 4.75 4.75 5.3125 5.3125 4.625 4.625 4.625 2.5625
0 0 0 0 0 0 0 0 0 0 0 0 0.0625 0.0625 0.0625 0.6875 0.6875 1.75 1.75 1.75 1.75 1.75 2 2 2 1.9375 1.9375 0.375 0.375 0.375 0.75 0.75 1.625 1.625 1.625 1.0625 1.0625 2.4375 2.4375 2.4375 1.5625 1.5625 2.4375 2.4375 2.4375 3.25 3.25 1.0625 1.0625 1.0625 2.5 2.5 3.9375 3.9375 3.9375 5 5 3.5625 3.5625 3.5625 3.4375 3.4375 4.25 4.25 4.25 6.5 6.5 8.4375 8.4375 8.4375 10.1875 10.1875 8.5625 8.5625 8.5625 4.25 4.25 2.3125 2.3125 2.3125 1.0625 1.0625 1.875 1.875 1.875 3.3125 3.3125 4.75 4.75 4.75 5.3125 5.3125 4.625 4.625 4.625 2.5625
0 0 0 0 0 0 0 0 0 0 0 0 0.0625 0.0625 0.0625 0.1875 0.1875 0.625 0.625 0.625 0.6875 0.6875 0.75 0.75 0.75 0.8125 0.8125 0.0625 0.0625 0.0625 0.25 0.25 0.75 0.75 0.75 2.625 2.625 2.4375 2.4375 2.4375 1.1875 1.1875 2.0625 2.0625 2.0625 0.875 0.875 0.5 0.5 0.5 1.375 1.375 1.6875 1.6875 1.6875 2.6875 2.6875 4.4375 4.4375 4.4375 3.8125 3.8125 8.6875 8.6875 8.6875 9.5 9.5 10.9375 10.9375 10.9375 8.4375 8.4375 4.8125 4.8125 4.8125 2.5625 2.5625 0.625 0.625 0.625 1.1875 1.1875 2 2 2 3 3 5.4375 5.4375 5.4375 4.8125 4.8125 2.5 2.5 2.5 1.0625
0 0 0 0 0 0 0 0 0 0 0 0 0.0625 0.0625 0.0625 0.1875 0.1875 0.625 0.625 0.625 0.6875 0.6875 0.75 0.75 0.75 0.8125 0.8125 0.0625 0.0625 0.0625 0.25 0.25 0.75 0.75 0.75 2.625 2.625 2.4375 2.4375 2.4375 1.1875 1.1875 2.0625 2.0625 2.0625 0.875 0.875 0.5 0.5 0.5 1.375 1.375 1.6875 1.6875 1.6875 2.6875 2.6875 4.4375 4.4375 4.4375 3.8125 3.8125 8.6875 8.6875 8.6875 9.5 9.5 10.9375 10.9375 10.9375 8.4375 8.4375 4.8125 4.8125 4.8125 2.5625 2.5625 0.625 0.625 0.625 1.1875 1.1875 2 2 2 3 3 5.4375 5.4375 5.4375 4.8125 4.8125 2.5 2.5 2.5 1.0625
0 0 0 0 0 0 0 0 0 0 0 0 0 0 0 0 0 0 0 0 0 0 0.0625 0.0625 0.0625 0.3125 0.3125 0.1875 0.1875 0.1875 0.25 0.25 0.5 0.5 0.5 1.1875 1.1875 0.8125 0.8125 0.8125 0.875 0.875 1.1875 1.1875 1.1875 0.3125 0.3125 0.75 0.75 0.75 0.9375 0.9375 1.3125 1.3125 1.3125 3 3 2.5 2.5 2.5 7.5 7.5 12.625 12.625 12.625 8.6875 8.6875 5.5 5.5 5.5 2 2 1.3125 1.3125 1.3125 0.6875 0.6875 1.375 1.375 1.375 2.9375 2.9375 2.5 2.5 2.5 2.5625 2.5625 4.3125 4.3125 4.3125 3.125 3.125 1.0625 1.0625 1.0625 0.4375
0 0 0 0 0 0 0 0 0 0 0 0 0 0 0 0 0 0 0 0 0 0 0.0625 0.0625 0.0625 0.3125 0.3125 0.1875 0.1875 0.1875 0.25 0.25 0.5 0.5 0.5 1.1875 1.1875 0.8125 0.8125 0.8125 0.875 0.875 1.1875 1.1875 1.1875 0.3125 0.3125 0.75 0.75 0.75 0.9375 0.9375 1.3125 1.3125 1.3125 3 3 2.5 2.5 2.5 7.5 7.5 12.625 12.625 12.625 8.6875 8.6875 5.5 5.5 5.5 2 2 1.3125 1.3125 1.3125 0.6875 0.6875 1.375 1.375 1.375 2.9375 2.9375 2.5 2.5 2.5 2.5625 2.5625 4.3125 4.3125 4.3125 3.125 3.125 1.0625 1.0625 1.0625 0.4375
