Data/APCP/20200108.f081.apcp.gfs.pakistan.txt
ncols        169
nrows        134
xllcorner    60.900000000000
yllcorner    23.700000000000
cellsize     0.100000000000
NODATA_value  -9999
[rows 43 to 85 of 134, columns 0 to 95 of 169]
0.25 0.25 1 1 1 1.375 1.375 0.875 0.875 0.875 1.125 1.125 0.5625 0.5625 0.5625 0.1875 0.1875 0.3125 0.3125 0.3125 0.4375 0.4375 0.875 0.875 0.875 1.4375 1.4375 2.4375 2.4375 2.4375 4.75 4.75 5.4375 5.4375 5.4375 5 5 3.875 3.875 3.875 4 4 4.875 4.875 4.875 4.125 4.125 4.25 4.25 4.25 3.8125 3.8125 3.4375 3.4375 3.4375 3.5625 3.5625 3.25 3.25 3.25 3.8125 3.8125 3.6875 3.6875 3.6875 2.75 2.75 2.3125 2.3125 2.3125 2.0625 2.0625 1.5625 1.5625 1.5625 1.375 1.375 1.125 1.125 1.125 0.6875 0.6875 0.25 0.25 0.25 0.125 0.125 0.125 0.125 0.125 0.0625 0.0625 0 0 0 0
0.25 0.25 1 1 1 1.375 1.375 0.875 0.875 0.875 1.125 1.125 0.5625 0.5625 0.5625 0.1875 0.1875 0.3125 0.3125 0.3125 0.4375 0.4375 0.875 0.875 0.875 1.4375 1.4375 2.4375 2.4375 2.4375 4.75 4.75 5.4375 5.4375 5.4375 5 5 3.875 3.875 3.875 4 4 4.875 4.875 4.875 4.125 4.125 4.25 4.25 4.25 3.8125 3.8125 3.4375 3.4375 3.4375 3.5625 3.5625 3.25 3.25 3.25 3.8125 3.8125 3.6875 3.6875 3.6875 2.75 2.75 2.3125 2.3125 2.3125 2.0625 2.0625 1.5625 1.5625 1.5625 1.375 1.375 1.125 1.125 1.125 0.6875 0.6875 0.25 0.25 0.25 0.125 0.125 0.125 0.125 0.125 0.0625 0.0625 0 0 0 0
0.8125 0.8125 1.4375 1.4375 1.4375 0.9375 0.9375 0.625 0.625 0.625 0.625 0.625 0.25 0.25 0.25 0.5 0.5 1.25 1.25 1.25 1.1875 1.1875 2.125 2.125 2.125 3.5 3.5 4.5625 4.5625 4.5625 5.9375 5.9375 6.8125 6.8125 6.8125 6.25 6.25 5.5 5.5 5.5 5.0625 5.0625 5.1875 5.1875 5.1875 5.25 5.25 5.1875 5.1875 5.1875 4.25 4.25 4.6875 4.6875 4.6875 6.8125 6.8125 5.875 5.875 5.875 5.25 5.25 5.3125 5.3125 5.3125 4.8125 4.8125 4.25 4.25 4.25 2.625 2.625 2 2 2 1.1875 1.1875 0.5625 0.5625 0.5625 0.3125 0.3125 0.25 0.25 0.25 0.25 0.25 0.1875 0.1875 0.1875 0.0625 0.0625 0 0 0 0
0.8125 0.8125 1.4375 1.4375 1.4375 0.9375 0.9375 0.625 0.625 0.625 0.625 0.625 0.25 0.25 0.25 0.5 0.5 1.25 1.25 1.25 1.1875 1.1875 2.125 2.125 2.125 3.5 3.5 4.5625 4.5625 4.5625 5.9375 5.9375 6.8125 6.8125 6.8125 6.25 6.25 5.5 5.5 5.5 5.0625 5.0625 5.1875 5.1875 5.1875 5.25 5.25 5.1875 5.1875 5.1875 4.25 4.25 4.6875 4.6875 4.6875 6.8125 6.8125 5.875 5.875 5.875 5.25 5.25 5.3125 5.3125 5.3125 4.8125 4.8125 4.25 4.25 4.25 2.625 2.625 2 2 2 1.1875 1.1875 0.5625 0.5625 0.5625 0.3125 0.3125 0.25 0.25 0.25 0.25 0.25 0.1875 0.1875 0.1875 0.0625 0.0625 0 0 0 0
2.25 2.25 1 1 1 0.25 0.25 0.0625 0.0625 0.0625 0.0625 0.0625 0.1875 0.1875 0.1875 0.875 0.875 1.6875 1.6875 1.6875 1.8125 1.8125 2.5 2.5 2.5 2.6875 2.6875 3.1875 3.1875 3.1875 4.5625 4.5625 6.25 6.25 6.25 6.8125 6.8125 5.8125 5.8125 5.8125 5.3125 5.3125 5.875 5.875 5.875 6.8125 6.8125 6.0625 6.0625 6.0625 5.4375 5.4375 5.875 5.875 5.875 7.5 7.5 7.4375 7.4375 7.4375 7.3125 7.3125 6.9375 6.9375 6.9375 5.6875 5.6875 4.375 4.375 4.375 3.3125 3.3125 2.25 2.25 2.25 1 1 0.4375 0.4375 0.4375 0.375 0.375 0.3125 0.3125 0.3125 0.25 0.25 0.0625 0.0625 0.0625 0 0 0 0 0 0
2.25 2.25 1 1 1 0.25 0.25 0.0625 0.0625 0.0625 0.0625 0.0625 0.1875 0.1875 0.1875 0.875 0.875 1.6875 1.6875 1.6875 1.8125 1.8125 2.5 2.5 2.5 2.6875 2.6875 3.1875 3.1875 3.1875 4.5625 4.5625 6.25 6.25 6.25 6.8125 6.8125 5.8125 5.8125 5.8125 5.3125 5.3125 5.875 5.875 5.875 6.8125 6.8125 6.0625 6.0625 6.0625 5.4375 5.4375 5.875 5.875 5.875 7.5 7.5 7.4375 7.4375 7.4375 7.3125 7.3125 6.9375 6.9375 6.9375 5.6875 5.6875 4.375 4.375 4.375 3.3125 3.3125 2.25 2.25 2.25 1 1 0.4375 0.4375 0.4375 0.375 0.375 0.3125 0.3125 0.3125 0.25 0.25 0.0625 0.0625 0.0625 0 0 0 0 0 0
2.25 2.25 1 1 1 0.25 0.25 0.0625 0.0625 0.0625 0.0625 0.0625 0.1875 0.1875 0.1875 0.875 0.875 1.6875 1.6875 1.6875 1.8125 1.8125 2.5 2.5 2.5 2.6875 2.6875 3.1875 3.1875 3.1875 4.5625 4.5625 6.25 6.25 6.25 6.8125 6.8125 5.8125 5.8125 5.8125 5.3125 5.3125 5.875 5.875 5.875 6.8125 6.8125 6.0625 6.0625 6.0625 5.4375 5.4375 5.875 5.875 5.875 7.5 7.5 7.4375 7.4375 7.4375 7.3125 7.3125 6.9375 6.9375 6.9375 5.6875 5.6875 4.375 4.375 4.375 3.3125 3.3125 2.25 2.25 2.25 1 1 0.4375 0.4375 0.4375 0.375 0.375 0.3125 0.3125 0.3125 0.25 0.25 0.0625 0.0625 0.0625 0 0 0 0 0 0
3.125 3.125 1.0625 1.0625 1.0625 0.25 0.25 0.125 0.125 0.125 0.1875 0.1875 0.1875 0.1875 0.1875 0.4375 0.4375 0.8125 0.8125 0.8125 1.25 1.25 1.5 1.5 1.5 1.3125 1.3125 1.3125 1.3125 1.3125 2.625 2.625 4.625 4.625 4.625 5.125 5.125 4.5 4.5 4.5 4.5625 4.5625 7.125 7.125 7.125 9.25 9.25 7.625 7.625 7.625 6.25 6.25 6.5 6.5 6.5 8.125 8.125 7.875 7.875 7.875 6.4375 6.4375 6.5 6.5 6.5 6.0625 6.0625 4.625 4.625 4.625 3 3 1.4375 1.4375 1.4375 0.75 0.75 0.5625 0.5625 0.5625 0.4375 0.4375 0.125 0.125 0.125 0 0 0 0 0 0 0 0 0 0 0
3.125 3.125 1.0625 1.0625 1.0625 0.25 0.25 0.125 0.125 0.125 0.1875 0.1875 0.1875 0.1875 0.1875 0.4375 0.4375 0.8125 0.8125 0.8125 1.25 1.25 1.5 1.5 1.5 1.3125 1.3125 1.3125 1.3125 1.3125 2.625 2.625 4.625 4.625 4.625 5.125 5.125 4.5 4.5 4.5 4.5625 4.5625 7.125 7.125 7.125 9.25 9.25 7.625 7.625 7.625 6.25 6.25 6.5 6.5 6.5 8.125 8.125 7.875 7.875 7.875 6.4375 6.4375 6.5 6.5 6.5 6.0625 6.0625 4.625 4.625 4.625 3 3 1.4375 1.4375 1.4375 0.75 0.75 0.5625 0.5625 0.5625 0.4375 0.4375 0.125 0.125 0.125 0 0 0 0 0 0 0 0 0 0 0
3.125 3.125 1.25 1.25 1.25 0.4375 0.4375 0.375 0.375 0.375 0.625 0.625 0.5625 0.5625 0.5625 0.25 0.25 0.3125 0.3125 0.3125 0.5625 0.5625 0.8125 0.8125 0.8125 1.1875 1.1875 1.75 1.75 1.75 2.6875 2.6875 4.125 4.125 4.125 5.1875 5.1875 5.125 5.125 5.125 4.625 4.625 6 6 6 6.625 6.625 5.3125 5.3125 5.3125 4.6875 4.6875 4.75 4.75 4.75 5.6875 5.6875 5.4375 5.4375 5.4375 5.1875 5.1875 5.75 5.75 5.75 5.25 5.25 4 4 4 2.0625 2.0625 1 1 1 0.5625 0.5625 0.3125 0.3125 0.3125 0.125 0.125 0.0625 0.0625 0.0625 0 0 0 0 0 0 0 0 0 0 0
3.125 3.125 1.25 1.25 1.25 0.4375 0.4375 0.375 0.375 0.375 0.625 0.625 0.5625 0.5625 0.5625 0.25 0.25 0.3125 0.3125 0.3125 0.5625 0.5625 0.8125 0.8125 0.8125 1.1875 1.1875 1.75 1.75 1.75 2.6875 2.6875 4.125 4.125 4.125 5.1875 5.1875 5.125 5.125 5.125 4.625 4.625 6 6 6 6.625 6.625 5.3125 5.3125 5.3125 4.6875 4.6875 4.75 4.75 4.75 5.6875 5.6875 5.4375 5.4375 5.4375 5.1875 5.1875 5.75 5.75 5.75 5.25 5.25 4 4 4 2.0625 2.0625 1 1 1 0.5625 0.5625 0.3125 0.3125 0.3125 0.125 0.125 0.0625 0.0625 0.0625 0 0 0 0 0 0 0 0 0 0 0
3.125 3.125 1.25 1.25 1.25 0.4375 0.4375 0.375 0.375 0.375 0.625 0.625 0.5625 0.5625 0.5625 0.25 0.25 0.3125 0.3125 0.3125 0.5625 0.5625 0.8125 0.8125 0.8125 1.1875 1.1875 1.75 1.75 1.75 2.6875 2.6875 4.125 4.125 4.125 5.1875 5.1875 5.125 5.125 5.125 4.625 4.625 6 6 6 6.625 6.625 5.3125 5.3125 5.3125 4.6875 4.6875 4.75 4.75 4.75 5.6875 5.6875 5.4375 5.4375 5.4375 5.1875 5.1875 5.75 5.75 5.75 5.25 5.25 4 4 4 2.0625 2.0625 1 1 1 0.5625 0.5625 0.3125 0.3125 0.3125 0.125 0.125 0.0625 0.0625 0.0625 0 0 0 0 0 0 0 0 0 0 0
2.625 2.625 2.1875 2.1875 2.1875 0.9375 0.9375 1 1 1 1.3125 1.3125 0.875 0.875 0.875 0.25 0.25 0.25 0.25 0.25 0.625 0.625 1 1 1 2.25 2.25 3.1875 3.1875 3.1875 3.375 3.375 3.4375 3.4375 3.4375 3.6875 3.6875 3.8125 3.8125 3.8125 2.9375 2.9375 3.0625 3.0625 3.0625 3.5625 3.5625 3.5 3.5 3.5 3.375 3.375 3.5625 3.5625 3.5625 3.375 3.375 3.625 3.625 3.625 3.3125 3.3125 2.875 2.875 2.875 2.3125 2.3125 1.625 1.625 1.625 0.875 0.875 0.5625 0.5625 0.5625 0.25 0.25 0.0625 0.0625 0.0625 0 0 0 0 0 0 0 0 0 0 0 0 0 0 0 0
2.625 2.625 2.1875 2.1875 2.1875 0.9375 0.9375 1 1 1 1.3125 1.3125 0.875 0.875 0.875 0.25 0.25 0.25 0.25 0.25 0.625 0.625 1 1 1 2.25 2.25 3.1875 3.1875 3.1875 3.375 3.375 3.4375 3.4375 3.4375 3.6875 3.6875 3.8125 3.8125 3.8125 2.9375 2.9375 3.0625 3.0625 3.0625 3.5625 3.5625 3.5 3.5 3.5 3.375 3.375 3.5625 3.5625 3.5625 3.375 3.375 3.625 3.625 3.625 3.3125 3.3125 2.875 2.875 2.875 2.3125 2.3125 1.625 1.625 1.625 0.875 0.875 0.5625 0.5625 0.5625 0.25 0.25 0.0625 0.0625 0.0625 0 0 0 0 0 0 0 0 0 0 0 0 0 0 0 0
1.9375 1.9375 1.6875 1.6875 1.6875 1.4375 1.4375 1.375 1.375 1.375 0.9375 0.9375 0.9375 0.9375 0.9375 1.4375 1.4375 2.3125 2.3125 2.3125 2.4375 2.4375 2.1875 2.1875 2.1875 2.625 2.625 2.8125 2.8125 2.8125 2.625 2.625 1.9375 1.9375 1.9375 1.8125 1.8125 2.125 2.125 2.125 2.25 2.25 2.5 2.5 2.5 2.5 2.5 2.375 2.375 2.375 2.0625 2.0625 1.8125 1.8125 1.8125 1.6875 1.6875 2.1875 2.1875 2.1875 2.3125 2.3125 1.5 1.5 1.5 1.0625 1.0625 0.8125 0.8125 0.8125 0.1875 0.1875 0.0625 0.0625 0.0625 0 0 0 0 0 0 0 0 0 0 0 0 0 0 0 0 0 0 0 0 0
1.9375 1.9375 1.6875 1.6875 1.6875 1.4375 1.4375 1.375 1.375 1.375 0.9375 0.9375 0.9375 0.9375 0.9375 1.4375 1.4375 2.3125 2.3125 2.3125 2.4375 2.4375 2.1875 2.1875 2.1875 2.625 2.625 2.8125 2.8125 2.8125 2.625 2.625 1.9375 1.9375 1.9375 1.8125 1.8125 2.125 2.125 2.125 2.25 2.25 2.5 2.5 2.5 2.5 2.5 2.375 2.375 2.375 2.0625 2.0625 1.8125 1.8125 1.8125 1.6875 1.6875 2.1875 2.1875 2.1875 2.3125 2.3125 1.5 1.5 1.5 1.0625 1.0625 0.8125 0.8125 0.8125 0.1875 0.1875 0.0625 0.0625 0.0625 0 0 0 0 0 0 0 0 0 0 0 0 0 0 0 0 0 0 0 0 0
1.9375 1.9375 1.6875 1.6875 1.6875 1.4375 1.4375 1.375 1.375 1.375 0.9375 0.9375 0.9375 0.9375 0.9375 1.4375 1.4375 2.3125 2.3125 2.3125 2.4375 2.4375 2.1875 2.1875 2.1875 2.625 2.625 2.8125 2.8125 2.8125 2.625 2.625 1.9375 1.9375 1.9375 1.8125 1.8125 2.125 2.125 2.125 2.25 2.25 2.5 2.5 2.5 2.5 2.5 2.375 2.375 2.375 2.0625 2.0625 1.8125 1.8125 1.8125 1.6875 1.6875 2.1875 2.1875 2.1875 2.3125 2.3125 1.5 1.5 1.5 1.0625 1.0625 0.8125 0.8125 0.8125 0.1875 0.1875 0.0625 0.0625 0.0625 0 0 0 0 0 0 0 0 0 0 0 0 0 0 0 0 0 0 0 0 0
2.1875 2.1875 3.125 3.125 3.125 3 3 2.3125 2.3125 2.3125 2.375 2.375 2.625 2.625 2.625 3.125 3.125 3.1875 3.1875 3.1875 1.875 1.875 1.0625 1.0625 1.0625 0.875 0.875 0.9375 0.9375 0.9375 1 1 1.25 1.25 1.25 1.9375 1.9375 2.6875 2.6875 2.6875 2.75 2.75 2.25 2.25 2.25 1.8125 1.8125 1.5625 1.5625 1.5625 1 1 0.875 0.875 0.875 0.9375 0.9375 1.5625 1.5625 1.5625 2.0625 2.0625 1.75 1.75 1.75 1.75 1.75 1.25 1.25 1.25 0.125 0.125 0 0 0 0 0 0 0 0 0 0 0 0 0 0 0 0 0 0 0 0 0 0 0 0
2.1875 2.1875 3.125 3.125 3.125 3 3 2.3125 2.3125 2.3125 2.375 2.375 2.625 2.625 2.625 3.125 3.125 3.1875 3.1875 3.1875 1.875 1.875 1.0625 1.0625 1.0625 0.875 0.875 0.9375 0.9375 0.9375 1 1 1.25 1.25 1.25 1.9375 1.9375 2.6875 2.6875 2.6875 2.75 2.75 2.25 2.25 2.25 1.8125 1.8125 1.5625 1.5625 1.5625 1 1 0.875 0.875 0.875 0.9375 0.9375 1.5625 1.5625 1.5625 2.0625 2.0625 1.75 1.75 1.75 1.75 1.75 1.25 1.25 1.25 0.125 0.125 0 0 0 0 0 0 0 0 0 0 0 0 0 0 0 0 0 0 0 0 0 0 0 0
4.1875 4.1875 4.1875 4.1875 4.1875 3.1875 3.1875 3.1875 3.1875 3.1875 3.75 3.75 4.125 4.125 4.125 3.5625 3.5625 2.75 2.75 2.75 2.0625 2.0625 1.5 1.5 1.5 1.0625 1.0625 1 1 1 1.375 1.375 2.6875 2.6875 2.6875 4.25 4.25 3.9375 3.9375 3.9375 2.3125 2.3125 1.125 1.125 1.125 0.75 0.75 0.5625 0.5625 0.5625 0.375 0.375 0.4375 0.4375 0.4375 1.0625 1.0625 1.5625 1.5625 1.5625 1.4375 1.4375 1.5625 1.5625 1.5625 2.0625 2.0625 1.25 1.25 1.25 0.125 0.125 0 0 0 0 0 0 0 0 0 0 0 0 0 0 0 0 0 0 0 0 0 0 0 0
4.1875 4.1875 4.1875 4.1875 4.1875 3.1875 3.1875 3.1875 3.1875 3.1875 3.75 3.75 4.125 4.125 4.125 3.5625 3.5625 2.75 2.75 2.75 2.0625 2.0625 1.5 1.5 1.5 1.0625 1.0625 1 1 1 1.375 1.375 2.6875 2.6875 2.6875 4.25 4.25 3.9375 3.9375 3.9375 2.3125 2.3125 1.125 1.125 1.125 0.75 0.75 0.5625 0.5625 0.5625 0.375 0.375 0.4375 0.4375 0.4375 1.0625 1.0625 1.5625 1.5625 1.5625 1.4375 1.4375 1.5625 1.5625 1.5625 2.0625 2.0625 1.25 1.25 1.25 0.125 0.125 0 0 0 0 0 0 0 0 0 0 0 0 0 0 0 0 0 0 0 0 0 0 0 0
4.1875 4.1875 4.1875 4.1875 4.1875 3.1875 3.1875 3.1875 3.1875 3.1875 3.75 3.75 4.125 4.125 4.125 3.5625 3.5625 2.75 2.75 2.75 2.0625 2.0625 1.5 1.5 1.5 1.0625 1.0625 1 1 1 1.375 1.375 2.6875 2.6875 2.6875 4.25 4.25 3.9375 3.9375 3.9375 2.3125 2.3125 1.125 1.125 1.125 0.75 0.75 0.5625 0.5625 0.5625 0.375 0.375 0.4375 0.4375 0.4375 1.0625 1.0625 1.5625 1.5625 1.5625 1.4375 1.4375 1.5625 1.5625 1.5625 2.0625 2.0625 1.25 1.25 1.25 0.125 0.125 0 0 0 0 0 0 0 0 0 0 0 0 0 0 0 0 0 0 0 0 0 0 0 0
5.25 5.25 4.375 4.375 4.375 4.625 4.625 5.4375 5.4375 5.4375 4.75 4.75 4.5625 4.5625 4.5625 4.5 4.5 3.6875 3.6875 3.6875 3.4375 3.4375 3.125 3.125 3.125 2.875 2.875 2.4375 2.4375 2.4375 2 2 3.25 3.25 3.25 4.4375 4.4375 3.875 3.875 3.875 2.375 2.375 1.125 1.125 1.125 0.3125 0.3125 0.125 0.125 0.125 0.1875 0.1875 0.375 0.375 0.375 0.75 0.75 0.9375 0.9375 0.9375 1.375 1.375 2.125 2.125 2.125 2.3125 2.3125 2.0625 2.0625 2.0625 0.9375 0.9375 0.1875 0.1875 0.1875 0 0 0 0 0 0 0 0 0 0 0 0 0 0 0 0 0 0 0 0 0
5.25 5.25 4.375 4.375 4.375 4.625 4.625 5.4375 5.4375 5.4375 4.75 4.75 4.5625 4.5625 4.5625 4.5 4.5 3.6875 3.6875 3.6875 3.4375 3.4375 3.125 3.125 3.125 2.875 2.875 2.4375 2.4375 2.4375 2 2 3.25 3.25 3.25 4.4375 4.4375 3.875 3.875 3.875 2.375 2.375 1.125 1.125 1.125 0.3125 0.3125 0.125 0.125 0.125 0.1875 0.1875 0.375 0.375 0.375 0.75 0.75 0.9375 0.9375 0.9375 1.375 1.375 2.125 2.125 2.125 2.3125 2.3125 2.0625 2.0625 2.0625 0.9375 0.9375 0.1875 0.1875 0.1875 0 0 0 0 0 0 0 0 0 0 0 0 0 0 0 0 0 0 0 0 0
8.5 8.5 8.1875 8.1875 8.1875 7.1875 7.1875 5.6875 5.6875 5.6875 5.125 5.125 5.5 5.5 5.5 4.1875 4.1875 2.3125 2.3125 2.3125 1.8125 1.8125 2.4375 2.4375 2.4375 2.9375 2.9375 2.6875 2.6875 2.6875 1.625 1.625 1.4375 1.4375 1.4375 1.875 1.875 2.5 2.5 2.5 2.4375 2.4375 1.3125 1.3125 1.3125 0.5 0.5 0.4375 0.4375 0.4375 0.875 0.875 1.1875 1.1875 1.1875 0.75 0.75 0.75 0.75 0.75 1.3125 1.3125 2.75 2.75 2.75 3.125 3.125 2 2 2 1.375 1.375 0.4375 0.4375 0.4375 0.0625 0.0625 0 0 0 0 0 0 0 0 0 0 0 0 0 0 0 0 0 0 0
8.5 8.5 8.1875 8.1875 8.1875 7.1875 7.1875 5.6875 5.6875 5.6875 5.125 5.125 5.5 5.5 5.5 4.1875 4.1875 2.3125 2.3125 2.3125 1.8125 1.8125 2.4375 2.4375 2.4375 2.9375 2.9375 2.6875 2.6875 2.6875 1.625 1.625 1.4375 1.4375 1.4375 1.875 1.875 2.5 2.5 2.5 2.4375 2.4375 1.3125 1.3125 1.3125 0.5 0.5 0.4375 0.4375 0.4375 0.875 0.875 1.1875 1.1875 1.1875 0.75 0.75 0.75 0.75 0.75 1.3125 1.3125 2.75 2.75 2.75 3.125 3.125 2 2 2 1.375 1.375 0.4375 0.4375 0.4375 0.0625 0.0625 0 0 0 0 0 0 0 0 0 0 0 0 0 0 0 0 0 0 0
8.5 8.5 8.1875 8.1875 8.1875 7.1875 7.1875 5.6875 5.6875 5.6875 5.125 5.125 5.5 5.5 5.5 4.1875 4.1875 2.3125 2.3125 2.3125 1.8125 1.8125 2.4375 2.4375 2.4375 2.9375 2.9375 2.6875 2.6875 2.6875 1.625 1.625 1.4375 1.4375 1.4375 1.875 1.875 2.5 2.5 2.5 2.4375 2.4375 1.3125 1.3125 1.3125 0.5 0.5 0.4375 0.4375 0.4375 0.875 0.875 1.1875 1.1875 1.1875 0.75 0.75 0.75 0.75 0.75 1.3125 1.3125 2.75 2.75 2.75 3.125 3.125 2 2 2 1.375 1.375 0.4375 0.4375 0.4375 0.0625 0.0625 0 0 0 0 0 0 0 0 0 0 0 0 0 0 0 0 0 0 0
10.0625 10.0625 6.5 6.5 6.5 4.3125 4.3125 4.0625 4.0625 4.0625 3.8125 3.8125 3.9375 3.9375 3.9375 2.6875 2.6875 1.4375 1.4375 1.4375 1.1875 1.1875 1.875 1.875 1.875 2.375 2.375 1.8125 1.8125 1.8125 0.875 0.875 0.1875 0.1875 0.1875 0.125 0.125 0.5625 0.5625 0.5625 1.9375 1.9375 1.6875 1.6875 1.6875 1.1875 1.1875 1.3125 1.3125 1.3125 1.875 1.875 2.375 2.375 2.375 1.3125 1.3125 0.625 0.625 0.625 0.9375 0.9375 2.0625 2.0625 2.0625 1.3125 1.3125 0.25 0.25 0.25 0.125 0.125 0.0625 0.0625 0.0625 0 0 0 0 0 0 0 0 0 0 0 0 0 0 0 0 0 0 0 0 0
10.0625 10.0625 6.5 6.5 6.5 4.3125 4.3125 4.0625 4.0625 4.0625 3.8125 3.8125 3.9375 3.9375 3.9375 2.6875 2.6875 1.4375 1.4375 1.4375 1.1875 1.1875 1.875 1.875 1.875 2.375 2.375 1.8125 1.8125 1.8125 0.875 0.875 0.1875 0.1875 0.1875 0.125 0.125 0.5625 0.5625 0.5625 1.9375 1.9375 1.6875 1.6875 1.6875 1.1875 1.1875 1.3125 1.3125 1.3125 1.875 1.875 2.375 2.375 2.375 1.3125 1.3125 0.625 0.625 0.625 0.9375 0.9375 2.0625 2.0625 2.0625 1.3125 1.3125 0.25 0.25 0.25 0.125 0.125 0.0625 0.0625 0.0625 0 0 0 0 0 0 0 0 0 0 0 0 0 0 0 0 0 0 0 0 0
8.25 8.25 6.0625 6.0625 6.0625 4.875 4.875 4.5625 4.5625 4.5625 2.6875 2.6875 1.4375 1.4375 1.4375 0.8125 0.8125 0.8125 0.8125 0.8125 1.3125 1.3125 2 2 2 2.0625 2.0625 1.125 1.125 1.125 0.3125 0.3125 0 0 0 0 0 0.0625 0.0625 0.0625 0.625 0.625 1.1875 1.1875 1.1875 1.3125 1.3125 1.3125 1.3125 1.3125 1.5 1.5 2.5 2.5 2.5 1.9375 1.9375 1.1875 1.1875 1.1875 1.4375 1.4375 1.0625 1.0625 1.0625 0.1875 0.1875 0 0 0 0 0 0 0 0 0 0 0 0 0 0 0 0 0 0 0 0 0 0 0 0 0 0 0 0 0
8.25 8.25 6.0625 6.0625 6.0625 4.875 4.875 4.5625 4.5625 4.5625 2.6875 2.6875 1.4375 1.4375 1.4375 0.8125 0.8125 0.8125 0.8125 0.8125 1.3125 1.3125 2 2 2 2.0625 2.0625 1.125 1.125 1.125 0.3125 0.3125 0 0 0 0 0 0.0625 0.0625 0.0625 0.625 0.625 1.1875 1.1875 1.1875 1.3125 1.3125 1.3125 1.3125 1.3125 1.5 1.5 2.5 2.5 2.5 1.9375 1.9375 1.1875 1.1875 1.1875 1.4375 1.4375 1.0625 1.0625 1.0625 0.1875 0.1875 0 0 0 0 0 0 0 0 0 0 0 0 0 0 0 0 0 0 0 0 0 0 0 0 0 0 0 0 0
8.25 8.25 6.0625 6.0625 6.0625 4.875 4.875 4.5625 4.5625 4.5625 2.6875 2.6875 1.4375 1.4375 1.4375 0.8125 0.8125 0.8125 0.8125 0.8125 1.3125 1.3125 2 2 2 2.0625 2.0625 1.125 1.125 1.125 0.3125 0.3125 0 0 0 0 0 0.0625 0.0625 0.0625 0.625 0.625 1.1875 1.1875 1.1875 1.3125 1.3125 1.3125 1.3125 1.3125 1.5 1.5 2.5 2.5 2.5 1.9375 1.9375 1.1875 1.1875 1.1875 1.4375 1.4375 1.0625 1.0625 1.0625 0.1875 0.1875 0 0 0 0 0 0 0 0 0 0 0 0 0 0 0 0 0 0 0 0 0 0 0 0 0 0 0 0 0
9.9375 9.9375 9.125 9.125 9.125 5.8125 5.8125 3.0625 3.0625 3.0625 1.125 1.125 0.25 0.25 0.25 0.0625 0.0625 0.0625 0.0625 0.0625 0.1875 0.1875 0.3125 0.3125 0.3125 0.3125 0.3125 0.1875 0.1875 0.1875 0.1875 0.1875 0.125 0.125 0.125 0.125 0.125 0.0625 0.0625 0.0625 0.125 0.125 0.1875 0.1875 0.1875 0.375 0.375 0.5 0.5 0.5 0.9375 0.9375 2.1875 2.1875 2.1875 2.75 2.75 2.9375 2.9375 2.9375 2.5625 2.5625 0.875 0.875 0.875 0.0625 0.0625 0 0 0 0 0 0 0 0 0 0 0 0 0 0 0 0 0 0 0 0 0 0 0 0 0 0 0 0 0
9.9375 9.9375 9.125 9.125 9.125 5.8125 5.8125 3.0625 3.0625 3.0625 1.125 1.125 0.25 0.25 0.25 0.0625 0.0625 0.0625 0.0625 0.0625 0.1875 0.1875 0.3125 0.3125 0.3125 0.3125 0.3125 0.1875 0.1875 0.1875 0.1875 0.1875 0.125 0.125 0.125 0.125 0.125 0.0625 0.0625 0.0625 0.125 0.125 0.1875 0.1875 0.1875 0.375 0.375 0.5 0.5 0.5 0.9375 0.9375 2.1875 2.1875 2.1875 2.75 2.75 2.9375 2.9375 2.9375 2.5625 2.5625 0.875 0.875 0.875 0.0625 0.0625 0 0 0 0 0 0 0 0 0 0 0 0 0 0 0 0 0 0 0 0 0 0 0 0 0 0 0 0 0
12 12 8.8125 8.8125 8.8125 4.75 4.75 1.625 1.625 1.625 0.4375 0.4375 0.125 0.125 0.125 0.1875 0.1875 0.1875 0.1875 0.1875 0.0625 0.0625 0 0 0 0.0625 0.0625 0.3125 0.3125 0.3125 0.375 0.375 0.3125 0.3125 0.3125 0.25 0.25 0.1875 0.1875 0.1875 0.1875 0.1875 0.0625 0.0625 0.0625 0 0 0.125 0.125 0.125 0.625 0.625 1.625 1.625 1.625 2.0625 2.0625 2.1875 2.1875 2.1875 1.625 1.625 0.5625 0.5625 0.5625 0.0625 0.0625 0 0 0 0 0 0 0 0 0 0 0 0 0 0 0 0 0 0 0 0 0 0 0 0 0 0 0 0 0
12 12 8.8125 8.8125 8.8125 4.75 4.75 1.625 1.625 1.625 0.4375 0.4375 0.125 0.125 0.125 0.1875 0.1875 0.1875 0.1875 0.1875 0.0625 0.0625 0 0 0 0.0625 0.0625 0.3125 0.3125 0.3125 0.375 0.375 0.3125 0.3125 0.3125 0.25 0.25 0.1875 0.1875 0.1875 0.1875 0.1875 0.0625 0.0625 0.0625 0 0 0.125 0.125 0.125 0.625 0.625 1.625 1.625 1.625 2.0625 2.0625 2.1875 2.1875 2.1875 1.625 1.625 0.5625 0.5625 0.5625 0.0625 0.0625 0 0 0 0 0 0 0 0 0 0 0 0 0 0 0 0 0 0 0 0 0 0 0 0 0 0 0 0 0
12 12 8.8125 8.8125 8.8125 4.75 4.75 1.625 1.625 1.625 0.4375 0.4375 0.125 0.125 0.125 0.1875 0.1875 0.1875 0.1875 0.1875 0.0625 0.0625 0 0 0 0.0625 0.0625 0.3125 0.3125 0.3125 0.375 0.375 0.3125 0.3125 0.3125 0.25 0.25 0.1875 0.1875 0.1875 0.1875 0.1875 0.0625 0.0625 0.0625 0 0 0.125 0.125 0.125 0.625 0.625 1.625 1.625 1.625 2.0625 2.0625 2.1875 2.1875 2.1875 1.625 1.625 0.5625 0.5625 0.5625 0.0625 0.0625 0 0 0 0 0 0 0 0 0 0 0 0 0 0 0 0 0 0 0 0 0 0 0 0 0 0 0 0 0
9.625 9.625 6.625 6.625 6.625 2.375 2.375 0.5 0.5 0.5 0.0625 0.0625 0.125 0.125 0.125 0.3125 0.3125 0.5625 0.5625 0.5625 0.375 0.375 0.1875 0.1875 0.1875 0.3125 0.3125 0.5625 0.5625 0.5625 0.5625 0.5625 0.375 0.375 0.375 0.3125 0.3125 0.25 0.25 0.25 0.25 0.25 0.25 0.25 0.25 0.25 0.25 0.1875 0.1875 0.1875 0.5625 0.5625 0.875 0.875 0.875 0.8125 0.8125 1 1 1 1.0625 1.0625 0.5625 0.5625 0.5625 0 0 0 0 0 0 0 0 0 0 0 0 0 0 0 0 0 0 0 0 0 0 0 0 0 0 0 0 0 0 0
9.625 9.625 6.625 6.625 6.625 2.375 2.375 0.5 0.5 0.5 0.0625 0.0625 0.125 0.125 0.125 0.3125 0.3125 0.5625 0.5625 0.5625 0.375 0.375 0.1875 0.1875 0.1875 0.3125 0.3125 0.5625 0.5625 0.5625 0.5625 0.5625 0.375 0.375 0.375 0.3125 0.3125 0.25 0.25 0.25 0.25 0.25 0.25 0.25 0.25 0.25 0.25 0.1875 0.1875 0.1875 0.5625 0.5625 0.875 0.875 0.875 0.8125 0.8125 1 1 1 1.0625 1.0625 0.5625 0.5625 0.5625 0 0 0 0 0 0 0 0 0 0 0 0 0 0 0 0 0 0 0 0 0 0 0 0 0 0 0 0 0 0 0
10.375 10.375 9.4375 9.4375 9.4375 4.625 4.625 1 1 1 0.0625 0.0625 0.125 0.125 0.125 0.5 0.5 0.875 0.875 0.875 0.625 0.625 0.5625 0.5625 0.5625 0.8125 0.8125 0.875 0.875 0.875 1 1 1 1 1 0.8125 0.8125 0.6875 0.6875 0.6875 0.625 0.625 0.5 0.5 0.5 0.3125 0.3125 0.375 0.375 0.375 1 1 1.25 1.25 1.25 1.25 1.25 1.9375 1.9375 1.9375 1.9375 1.9375 0.75 0.75 0.75 0 0 0 0 0 0 0 0 0 0 0 0 0 0 0 0 0 0 0 0 0 0 0 0 0 0 0 0 0 0 0
10.375 10.375 9.4375 9.4375 9.4375 4.625 4.625 1 1 1 0.0625 0.0625 0.125 0.125 0.125 0.5 0.5 0.875 0.875 0.875 0.625 0.625 0.5625 0.5625 0.5625 0.8125 0.8125 0.875 0.875 0.875 1 1 1 1 1 0.8125 0.8125 0.6875 0.6875 0.6875 0.625 0.625 0.5 0.5 0.5 0.3125 0.3125 0.375 0.375 0.375 1 1 1.25 1.25 1.25 1.25 1.25 1.9375 1.9375 1.9375 1.9375 1.9375 0.75 0.75 0.75 0 0 0 0 0 0 0 0 0 0 0 0 0 0 0 0 0 0 0 0 0 0 0 0 0 0 0 0 0 0 0
10.375 10.375 9.4375 9.4375 9.4375 4.625 4.625 1 1 1 0.0625 0.0625 0.125 0.125 0.125 0.5 0.5 0.875 0.875 0.875 0.625 0.625 0.5625 0.5625 0.5625 0.8125 0.8125 0.875 0.875 0.875 1 1 1 1 1 0.8125 0.8125 0.6875 0.6875 0.6875 0.625 0.625 0.5 0.5 0.5 0.3125 0.3125 0.375 0.375 0.375 1 1 1.25 1.25 1.25 1.25 1.25 1.9375 1.9375 1.9375 1.9375 1.9375 0.75 0.75 0.75 0 0 0 0 0 0 0 0 0 0 0 0 0 0 0 0 0 0 0 0 0 0 0 0 0 0 0 0 0 0 0
10.4375 10.4375 10.9375 10.9375 10.9375 6.5 6.5 1.8125 1.8125 1.8125 0.125 0.125 0.25 0.25 0.25 0.625 0.625 1.1875 1.1875 1.1875 1.1875 1.1875 1 1 1 1.1875 1.1875 1.3125 1.3125 1.3125 1.5 1.5 1.5625 1.5625 1.5625 1.4375 1.4375 1.1875 1.1875 1.1875 0.5625 0.5625 0.25 0.25 0.25 0.375 0.375 0.6875 0.6875 0.6875 1.375 1.375 1.5 1.5 1.5 1.75 1.75 1.9375 1.9375 1.9375 1.5 1.5 0.4375 0.4375 0.4375 0 0 0 0 0 0 0 0 0 0 0 0 0 0 0 0 0 0 0 0 0 0 0 0 0 0 0 0 0 0 0
