Data/APCP/20200108.f096.apcp.gfs.pakistan.txt
ncols        169
nrows        134
xllcorner    60.900000000000
yllcorner    23.700000000000
cellsize     0.100000000000
NODATA_value  -9999
[rows 0 to 41 of 134, columns 0 to 95 of 169]
5.5625 5.5625 5.1875 5.1875 5.1875 5.5 5.5 7 7 7 8.375 8.375 9 9 9 8.375 8.375 8.1875 8.1875 8.1875 7.8125 7.8125 7.5625 7.5625 7.5625 7.4375 7.4375 7.375 7.375 7.375 5.5 5.5 2.875 2.875 2.875 1.4375 1.4375 0.75 0.75 0.75 0.4375 0.4375 0.375 0.375 0.375 0.125 0.125 0.25 0.25 0.25 0.1875 0.1875 0.125 0.125 0.125 0.0625 0.0625 0.0625 0.0625 0.0625 0.0625 0.0625 0 0 0 0 0 0 0 0 0 0 0 0 0 0 0 0 0 0 0 0 0 0 0 0 0 0 0 0 0 0 0.0625 0.0625 0.0625 0.125
5.5625 5.5625 5.1875 5.1875 5.1875 5.5 5.5 7 7 7 8.375 8.375 9 9 9 8.375 8.375 8.1875 8.1875 8.1875 7.8125 7.8125 7.5625 7.5625 7.5625 7.4375 7.4375 7.375 7.375 7.375 5.5 5.5 2.875 2.875 2.875 1.4375 1.4375 0.75 0.75 0.75 0.4375 0.4375 0.375 0.375 0.375 0.125 0.125 0.25 0.25 0.25 0.1875 0.1875 0.125 0.125 0.125 0.0625 0.0625 0.0625 0.0625 0.0625 0.0625 0.0625 0 0 0 0 0 0 0 0 0 0 0 0 0 0 0 0 0 0 0 0 0 0 0 0 0 0 0 0 0 0 0.0625 0.0625 0.0625 0.125
9.0625 9.0625 8.5625 8.5625 8.5625 9 9 10.875 10.875 10.875 11.125 11.125 9.5 9.5 9.5 8.6875 8.6875 9.8125 9.8125 9.8125 9.375 9.375 8.6875 8.6875 8.6875 8.0625 8.0625 7.375 7.375 7.375 5.625 5.625 3.3125 3.3125 3.3125 2 2 1.5625 1.5625 1.5625 1.3125 1.3125 1.1875 1.1875 1.1875 0.5625 0.5625 0.375 0.375 0.375 0.25 0.25 0.1875 0.1875 0.1875 0.125 0.125 0.125 0.125 0.125 0.0625 0.0625 0.0625 0.0625 0.0625 0 0 0 0 0 0 0 0 0 0 0 0 0 0 0 0 0 0 0 0 0.0625 0.0625 0.0625 0.0625 0.0625 0.125 0.125 0.25 0.25 0.25 0.3125
9.0625 9.0625 8.5625 8.5625 8.5625 9 9 10.875 10.875 10.875 11.125 11.125 9.5 9.5 9.5 8.6875 8.6875 9.8125 9.8125 9.8125 9.375 9.375 8.6875 8.6875 8.6875 8.0625 8.0625 7.375 7.375 7.375 5.625 5.625 3.3125 3.3125 3.3125 2 2 1.5625 1.5625 1.5625 1.3125 1.3125 1.1875 1.1875 1.1875 0.5625 0.5625 0.375 0.375 0.375 0.25 0.25 0.1875 0.1875 0.1875 0.125 0.125 0.125 0.125 0.125 0.0625 0.0625 0.0625 0.0625 0.0625 0 0 0 0 0 0 0 0 0 0 0 0 0 0 0 0 0 0 0 0 0.0625 0.0625 0.0625 0.0625 0.0625 0.125 0.125 0.25 0.25 0.25 0.3125
9.0625 9.0625 8.5625 8.5625 8.5625 9 9 10.875 10.875 10.875 11.125 11.125 9.5 9.5 9.5 8.6875 8.6875 9.8125 9.8125 9.8125 9.375 9.375 8.6875 8.6875 8.6875 8.0625 8.0625 7.375 7.375 7.375 5.625 5.625 3.3125 3.3125 3.3125 2 2 1.5625 1.5625 1.5625 1.3125 1.3125 1.1875 1.1875 1.1875 0.5625 0.5625 0.375 0.375 0.375 0.25 0.25 0.1875 0.1875 0.1875 0.125 0.125 0.125 0.125 0.125 0.0625 0.0625 0.0625 0.0625 0.0625 0 0 0 0 0 0 0 0 0 0 0 0 0 0 0 0 0 0 0 0 0.0625 0.0625 0.0625 0.0625 0.0625 0.125 0.125 0.25 0.25 0.25 0.3125
11 11 10.5 10.5 10.5 11.5 11.5 12 12 12 10.6875 10.6875 8.625 8.625 8.625 9.125 9.125 10.0625 10.0625 10.0625 9.75 9.75 8.6875 8.6875 8.6875 7.0625 7.0625 6.3125 6.3125 6.3125 5 5 3.3125 3.3125 3.3125 2.4375 2.4375 1.8125 1.8125 1.8125 1.625 1.625 1.5 1.5 1.5 0.625 0.625 0.375 0.375 0.375 0.3125 0.3125 0.25 0.25 0.25 0.25 0.25 0.1875 0.1875 0.1875 0.0625 0.0625 0.0625 0.0625 0.0625 0.0625 0.0625 0.125 0.125 0.125 0.1875 0.1875 0.1875 0.1875 0.1875 0.0625 0.0625 0.0625 0.0625 0.0625 0.0625 0.0625 0.0625 0.0625 0.0625 0.125 0.125 0.125 0.125 0.125 0.3125 0.3125 0.625 0.625 0.625 0.5
11 11 10.5 10.5 10.5 11.5 11.5 12 12 12 10.6875 10.6875 8.625 8.625 8.625 9.125 9.125 10.0625 10.0625 10.0625 9.75 9.75 8.6875 8.6875 8.6875 7.0625 7.0625 6.3125 6.3125 6.3125 5 5 3.3125 3.3125 3.3125 2.4375 2.4375 1.8125 1.8125 1.8125 1.625 1.625 1.5 1.5 1.5 0.625 0.625 0.375 0.375 0.375 0.3125 0.3125 0.25 0.25 0.25 0.25 0.25 0.1875 0.1875 0.1875 0.0625 0.0625 0.0625 0.0625 0.0625 0.0625 0.0625 0.125 0.125 0.125 0.1875 0.1875 0.1875 0.1875 0.1875 0.0625 0.0625 0.0625 0.0625 0.0625 0.0625 0.0625 0.0625 0.0625 0.0625 0.125 0.125 0.125 0.125 0.125 0.3125 0.3125 0.625 0.625 0.625 0.5
12.125 12.125 13 13 13 13.4375 13.4375 12.0625 12.0625 12.0625 10 10 8.6875 8.6875 8.6875 9.0625 9.0625 8.625 8.625 8.625 8.5625 8.5625 7.75 7.75 7.75 6.875 6.875 5.9375 5.9375 5.9375 3.875 3.875 2.625 2.625 2.625 1.9375 1.9375 1.5625 1.5625 1.5625 1.6875 1.6875 1 1 1 0.3125 0.3125 0.1875 0.1875 0.1875 0.125 0.125 0.1875 0.1875 0.1875 0.1875 0.1875 0.125 0.125 0.125 0 0 0 0 0 0.125 0.125 0.125 0.125 0.125 0.1875 0.1875 0.125 0.125 0.125 0.0625 0.0625 0 0 0 0.0625 0.0625 0.125 0.125 0.125 0.1875 0.1875 0.3125 0.3125 0.3125 1 1 0.75 0.75 0.75 0.8125
12.125 12.125 13 13 13 13.4375 13.4375 12.0625 12.0625 12.0625 10 10 8.6875 8.6875 8.6875 9.0625 9.0625 8.625 8.625 8.625 8.5625 8.5625 7.75 7.75 7.75 6.875 6.875 5.9375 5.9375 5.9375 3.875 3.875 2.625 2.625 2.625 1.9375 1.9375 1.5625 1.5625 1.5625 1.6875 1.6875 1 1 1 0.3125 0.3125 0.1875 0.1875 0.1875 0.125 0.125 0.1875 0.1875 0.1875 0.1875 0.1875 0.125 0.125 0.125 0 0 0 0 0 0.125 0.125 0.125 0.125 0.125 0.1875 0.1875 0.125 0.125 0.125 0.0625 0.0625 0 0 0 0.0625 0.0625 0.125 0.125 0.125 0.1875 0.1875 0.3125 0.3125 0.3125 1 1 0.75 0.75 0.75 0.8125
12.125 12.125 13 13 13 13.4375 13.4375 12.0625 12.0625 12.0625 10 10 8.6875 8.6875 8.6875 9.0625 9.0625 8.625 8.625 8.625 8.5625 8.5625 7.75 7.75 7.75 6.875 6.875 5.9375 5.9375 5.9375 3.875 3.875 2.625 2.625 2.625 1.9375 1.9375 1.5625 1.5625 1.5625 1.6875 1.6875 1 1 1 0.3125 0.3125 0.1875 0.1875 0.1875 0.125 0.125 0.1875 0.1875 0.1875 0.1875 0.1875 0.125 0.125 0.125 0 0 0 0 0 0.125 0.125 0.125 0.125 0.125 0.1875 0.1875 0.125 0.125 0.125 0.0625 0.0625 0 0 0 0.0625 0.0625 0.125 0.125 0.125 0.1875 0.1875 0.3125 0.3125 0.3125 1 1 0.75 0.75 0.75 0.8125
16.875 16.875 15.1875 15.1875 15.1875 14 14 12.4375 12.4375 12.4375 10.8125 10.8125 10.4375 10.4375 10.4375 10.375 10.375 9.875 9.875 9.875 8.75 8.75 7.75 7.75 7.75 6.0625 6.0625 3.8125 3.8125 3.8125 2.8125 2.8125 2.5625 2.5625 2.5625 1.75 1.75 1.1875 1.1875 1.1875 0.8125 0.8125 0.5 0.5 0.5 0.3125 0.3125 0.125 0.125 0.125 0 0 0 0 0 0 0 0 0 0 0 0 0 0 0 0 0 0 0 0 0 0 0 0 0 0 0 0 0 0 0.125 0.125 0.25 0.25 0.25 0.5 0.5 0.875 0.875 0.875 0.6875 0.6875 0.4375 0.4375 0.4375 0.4375
16.875 16.875 15.1875 15.1875 15.1875 14 14 12.4375 12.4375 12.4375 10.8125 10.8125 10.4375 10.4375 10.4375 10.375 10.375 9.875 9.875 9.875 8.75 8.75 7.75 7.75 7.75 6.0625 6.0625 3.8125 3.8125 3.8125 2.8125 2.8125 2.5625 2.5625 2.5625 1.75 1.75 1.1875 1.1875 1.1875 0.8125 0.8125 0.5 0.5 0.5 0.3125 0.3125 0.125 0.125 0.125 0 0 0 0 0 0 0 0 0 0 0 0 0 0 0 0 0 0 0 0 0 0 0 0 0 0 0 0 0 0 0.125 0.125 0.25 0.25 0.25 0.5 0.5 0.875 0.875 0.875 0.6875 0.6875 0.4375 0.4375 0.4375 0.4375
16.6875 16.6875 15.875 15.875 15.875 13.875 13.875 10.625 10.625 10.625 10.4375 10.4375 10.8125 10.8125 10.8125 10.375 10.375 10.3125 10.3125 10.3125 10 10 8.375 8.375 8.375 5.0625 5.0625 2.8125 2.8125 2.8125 2.5625 2.5625 2.3125 2.3125 2.3125 1.5625 1.5625 1.25 1.25 1.25 1.0625 1.0625 0.4375 0.4375 0.4375 0.25 0.25 0.0625 0.0625 0.0625 0.0625 0.0625 0.0625 0.0625 0.0625 0.0625 0.0625 0 0 0 0 0 0 0 0 0 0 0 0 0 0 0 0 0 0 0.0625 0.0625 0.0625 0.0625 0.0625 0.25 0.25 0.25 0.25 0.25 0.25 0.25 0.5625 0.5625 0.5625 0.6875 0.6875 0.8125 0.8125 0.8125 0.8125
16.6875 16.6875 15.875 15.875 15.875 13.875 13.875 10.625 10.625 10.625 10.4375 10.4375 10.8125 10.8125 10.8125 10.375 10.375 10.3125 10.3125 10.3125 10 10 8.375 8.375 8.375 5.0625 5.0625 2.8125 2.8125 2.8125 2.5625 2.5625 2.3125 2.3125 2.3125 1.5625 1.5625 1.25 1.25 1.25 1.0625 1.0625 0.4375 0.4375 0.4375 0.25 0.25 0.0625 0.0625 0.0625 0.0625 0.0625 0.0625 0.0625 0.0625 0.0625 0.0625 0 0 0 0 0 0 0 0 0 0 0 0 0 0 0 0 0 0 0.0625 0.0625 0.0625 0.0625 0.0625 0.25 0.25 0.25 0.25 0.25 0.25 0.25 0.5625 0.5625 0.5625 0.6875 0.6875 0.8125 0.8125 0.8125 0.8125
16.6875 16.6875 15.875 15.875 15.875 13.875 13.875 10.625 10.625 10.625 10.4375 10.4375 10.8125 10.8125 10.8125 10.375 10.375 10.3125 10.3125 10.3125 10 10 8.375 8.375 8.375 5.0625 5.0625 2.8125 2.8125 2.8125 2.5625 2.5625 2.3125 2.3125 2.3125 1.5625 1.5625 1.25 1.25 1.25 1.0625 1.0625 0.4375 0.4375 0.4375 0.25 0.25 0.0625 0.0625 0.0625 0.0625 0.0625 0.0625 0.0625 0.0625 0.0625 0.0625 0 0 0 0 0 0 0 0 0 0 0 0 0 0 0 0 0 0 0.0625 0.0625 0.0625 0.0625 0.0625 0.25 0.25 0.25 0.25 0.25 0.25 0.25 0.5625 0.5625 0.5625 0.6875 0.6875 0.8125 0.8125 0.8125 0.8125
18.8125 18.8125 15.125 15.125 15.125 10.8125 10.8125 10.8125 10.8125 10.8125 11.6875 11.6875 12.0625 12.0625 12.0625 12.625 12.625 12.5 12.5 12.5 10.25 10.25 6.875 6.875 6.875 3.8125 3.8125 3.375 3.375 3.375 2.5 2.5 2.0625 2.0625 2.0625 2.1875 2.1875 1.9375 1.9375 1.9375 1.25 1.25 0.6875 0.6875 0.6875 0.75 0.75 1 1 1 1.125 1.125 1.3125 1.3125 1.3125 0.625 0.625 0.125 0.125 0.125 0.125 0.125 0.25 0.25 0.25 0.3125 0.3125 0.1875 0.1875 0.1875 0.125 0.125 0.25 0.25 0.25 0.375 0.375 0.375 0.375 0.375 0.6875 0.6875 1.1875 1.1875 1.1875 1.5625 1.5625 1.5625 1.5625 1.5625 1.0625 1.0625 2.25 2.25 2.25 2.0625
18.8125 18.8125 15.125 15.125 15.125 10.8125 10.8125 10.8125 10.8125 10.8125 11.6875 11.6875 12.0625 12.0625 12.0625 12.625 12.625 12.5 12.5 12.5 10.25 10.25 6.875 6.875 6.875 3.8125 3.8125 3.375 3.375 3.375 2.5 2.5 2.0625 2.0625 2.0625 2.1875 2.1875 1.9375 1.9375 1.9375 1.25 1.25 0.6875 0.6875 0.6875 0.75 0.75 1 1 1 1.125 1.125 1.3125 1.3125 1.3125 0.625 0.625 0.125 0.125 0.125 0.125 0.125 0.25 0.25 0.25 0.3125 0.3125 0.1875 0.1875 0.1875 0.125 0.125 0.25 0.25 0.25 0.375 0.375 0.375 0.375 0.375 0.6875 0.6875 1.1875 1.1875 1.1875 1.5625 1.5625 1.5625 1.5625 1.5625 1.0625 1.0625 2.25 2.25 2.25 2.0625
12.3125 12.3125 16.875 16.875 16.875 16.6875 16.6875 17.375 17.375 17.375 17.375 17.375 16.875 16.875 16.875 17.3125 17.3125 15.9375 15.9375 15.9375 8.3125 8.3125 3.9375 3.9375 3.9375 2 2 1.25 1.25 1.25 0.8125 0.8125 0.625 0.625 0.625 0.5625 0.5625 0.3125 0.3125 0.3125 0.4375 0.4375 1.25 1.25 1.25 2.6875 2.6875 3 3 3 2.9375 2.9375 3.5625 3.5625 3.5625 1.6875 1.6875 1.375 1.375 1.375 0.75 0.75 0.4375 0.4375 0.4375 0.375 0.375 0.125 0.125 0.125 0.125 0.125 0.25 0.25 0.25 1 1 2.75 2.75 2.75 4.625 4.625 4.0625 4.0625 4.0625 3.3125 3.3125 2.375 2.375 2.375 2.875 2.875 3.125 3.125 3.125 2.8125
12.3125 12.3125 16.875 16.875 16.875 16.6875 16.6875 17.375 17.375 17.375 17.375 17.375 16.875 16.875 16.875 17.3125 17.3125 15.9375 15.9375 15.9375 8.3125 8.3125 3.9375 3.9375 3.9375 2 2 1.25 1.25 1.25 0.8125 0.8125 0.625 0.625 0.625 0.5625 0.5625 0.3125 0.3125 0.3125 0.4375 0.4375 1.25 1.25 1.25 2.6875 2.6875 3 3 3 2.9375 2.9375 3.5625 3.5625 3.5625 1.6875 1.6875 1.375 1.375 1.375 0.75 0.75 0.4375 0.4375 0.4375 0.375 0.375 0.125 0.125 0.125 0.125 0.125 0.25 0.25 0.25 1 1 2.75 2.75 2.75 4.625 4.625 4.0625 4.0625 4.0625 3.3125 3.3125 2.375 2.375 2.375 2.875 2.875 3.125 3.125 3.125 2.8125
12.3125 12.3125 16.875 16.875 16.875 16.6875 16.6875 17.375 17.375 17.375 17.375 17.375 16.875 16.875 16.875 17.3125 17.3125 15.9375 15.9375 15.9375 8.3125 8.3125 3.9375 3.9375 3.9375 2 2 1.25 1.25 1.25 0.8125 0.8125 0.625 0.625 0.625 0.5625 0.5625 0.3125 0.3125 0.3125 0.4375 0.4375 1.25 1.25 1.25 2.6875 2.6875 3 3 3 2.9375 2.9375 3.5625 3.5625 3.5625 1.6875 1.6875 1.375 1.375 1.375 0.75 0.75 0.4375 0.4375 0.4375 0.375 0.375 0.125 0.125 0.125 0.125 0.125 0.25 0.25 0.25 1 1 2.75 2.75 2.75 4.625 4.625 4.0625 4.0625 4.0625 3.3125 3.3125 2.375 2.375 2.375 2.875 2.875 3.125 3.125 3.125 2.8125
18.6875 18.6875 23.5 23.5 23.5 27.625 27.625 30.875 30.875 30.875 29.875 29.875 26.125 26.125 26.125 22.9375 22.9375 18.1875 18.1875 18.1875 8.0625 8.0625 3.375 3.375 3.375 1.8125 1.8125 0.75 0.75 0.75 0.1875 0.1875 0.0625 0.0625 0.0625 0 0 0.1875 0.1875 0.1875 0.5 0.5 0.6875 0.6875 0.6875 0.625 0.625 1.0625 1.0625 1.0625 2.625 2.625 3 3 3 2.75 2.75 2.625 2.625 2.625 1.5625 1.5625 0.8125 0.8125 0.8125 0.375 0.375 0.3125 0.3125 0.3125 0.375 0.375 1.625 1.625 1.625 3.4375 3.4375 3.125 3.125 3.125 2.875 2.875 2.375 2.375 2.375 2.375 2.375 2.5 2.5 2.5 2.75 2.75 1.375 1.375 1.375 1.125
18.6875 18.6875 23.5 23.5 23.5 27.625 27.625 30.875 30.875 30.875 29.875 29.875 26.125 26.125 26.125 22.9375 22.9375 18.1875 18.1875 18.1875 8.0625 8.0625 3.375 3.375 3.375 1.8125 1.8125 0.75 0.75 0.75 0.1875 0.1875 0.0625 0.0625 0.0625 0 0 0.1875 0.1875 0.1875 0.5 0.5 0.6875 0.6875 0.6875 0.625 0.625 1.0625 1.0625 1.0625 2.625 2.625 3 3 3 2.75 2.75 2.625 2.625 2.625 1.5625 1.5625 0.8125 0.8125 0.8125 0.375 0.375 0.3125 0.3125 0.3125 0.375 0.375 1.625 1.625 1.625 3.4375 3.4375 3.125 3.125 3.125 2.875 2.875 2.375 2.375 2.375 2.375 2.375 2.5 2.5 2.5 2.75 2.75 1.375 1.375 1.375 1.125
30.8125 30.8125 34.625 34.625 34.625 33.5 33.5 34.6875 34.6875 34.6875 34.5625 34.5625 28 28 28 19.75 19.75 12.5 12.5 12.5 6.3125 6.3125 3.8125 3.8125 3.8125 1.75 1.75 0.625 0.625 0.625 0.4375 0.4375 0.3125 0.3125 0.3125 0.25 0.25 0.375 0.375 0.375 0.4375 0.4375 0.25 0.25 0.25 0.5625 0.5625 1.3125 1.3125 1.3125 2.125 2.125 1.875 1.875 1.875 1.1875 1.1875 1.25 1.25 1.25 1.0625 1.0625 0.75 0.75 0.75 0.9375 0.9375 1.3125 1.3125 1.3125 1.75 1.75 2.9375 2.9375 2.9375 3.625 3.625 3.25 3.25 3.25 2.25 2.25 0.5 0.5 0.5 0.25 0.25 0.3125 0.3125 0.3125 0.3125 0.3125 0.125 0.125 0.125 0.5625
30.8125 30.8125 34.625 34.625 34.625 33.5 33.5 34.6875 34.6875 34.6875 34.5625 34.5625 28 28 28 19.75 19.75 12.5 12.5 12.5 6.3125 6.3125 3.8125 3.8125 3.8125 1.75 1.75 0.625 0.625 0.625 0.4375 0.4375 0.3125 0.3125 0.3125 0.25 0.25 0.375 0.375 0.375 0.4375 0.4375 0.25 0.25 0.25 0.5625 0.5625 1.3125 1.3125 1.3125 2.125 2.125 1.875 1.875 1.875 1.1875 1.1875 1.25 1.25 1.25 1.0625 1.0625 0.75 0.75 0.75 0.9375 0.9375 1.3125 1.3125 1.3125 1.75 1.75 2.9375 2.9375 2.9375 3.625 3.625 3.25 3.25 3.25 2.25 2.25 0.5 0.5 0.5 0.25 0.25 0.3125 0.3125 0.3125 0.3125 0.3125 0.125 0.125 0.125 0.5625
30.8125 30.8125 34.625 34.625 34.625 33.5 33.5 34.6875 34.6875 34.6875 34.5625 34.5625 28 28 28 19.75 19.75 12.5 12.5 12.5 6.3125 6.3125 3.8125 3.8125 3.8125 1.75 1.75 0.625 0.625 0.625 0.4375 0.4375 0.3125 0.3125 0.3125 0.25 0.25 0.375 0.375 0.375 0.4375 0.4375 0.25 0.25 0.25 0.5625 0.5625 1.3125 1.3125 1.3125 2.125 2.125 1.875 1.875 1.875 1.1875 1.1875 1.25 1.25 1.25 1.0625 1.0625 0.75 0.75 0.75 0.9375 0.9375 1.3125 1.3125 1.3125 1.75 1.75 2.9375 2.9375 2.9375 3.625 3.625 3.25 3.25 3.25 2.25 2.25 0.5 0.5 0.5 0.25 0.25 0.3125 0.3125 0.3125 0.3125 0.3125 0.125 0.125 0.125 0.5625
39.8125 39.8125 48.375 48.375 48.375 40.625 40.625 27.6875 27.6875 27.6875 17.6875 17.6875 9.1875 9.1875 9.1875 5.125 5.125 3.4375 3.4375 3.4375 2.5625 2.5625 1.8125 1.8125 1.8125 0.6875 0.6875 0.625 0.625 0.625 0.5 0.5 0.375 0.375 0.375 0.4375 0.4375 0.1875 0.1875 0.1875 0.125 0.125 0.1875 0.1875 0.1875 0.4375 0.4375 0.5 0.5 0.5 0.5 0.5 0.5 0.5 0.5 0.5 0.5 0.75 0.75 0.75 0.75 0.75 1.25 1.25 1.25 2.1875 2.1875 2.375 2.375 2.375 2.5 2.5 3.0625 3.0625 3.0625 4.0625 4.0625 3.5 3.5 3.5 1.0625 1.0625 0.125 0.125 0.125 0.125 0.125 0.0625 0.0625 0.0625 0 0 0 0 0 0.125
39.8125 39.8125 48.375 48.375 48.375 40.625 40.625 27.6875 27.6875 27.6875 17.6875 17.6875 9.1875 9.1875 9.1875 5.125 5.125 3.4375 3.4375 3.4375 2.5625 2.5625 1.8125 1.8125 1.8125 0.6875 0.6875 0.625 0.625 0.625 0.5 0.5 0.375 0.375 0.375 0.4375 0.4375 0.1875 0.1875 0.1875 0.125 0.125 0.1875 0.1875 0.1875 0.4375 0.4375 0.5 0.5 0.5 0.5 0.5 0.5 0.5 0.5 0.5 0.5 0.75 0.75 0.75 0.75 0.75 1.25 1.25 1.25 2.1875 2.1875 2.375 2.375 2.375 2.5 2.5 3.0625 3.0625 3.0625 4.0625 4.0625 3.5 3.5 3.5 1.0625 1.0625 0.125 0.125 0.125 0.125 0.125 0.0625 0.0625 0.0625 0 0 0 0 0 0.125
37.125 37.125 51.75 51.75 51.75 40.1875 40.1875 17.25 17.25 17.25 4.9375 4.9375 1.875 1.875 1.875 1.9375 1.9375 1.75 1.75 1.75 1.75 1.75 1.75 1.75 1.75 0.6875 0.6875 0.25 0.25 0.25 0.0625 0.0625 0.1875 0.1875 0.1875 0.375 0.375 0.375 0.375 0.375 0.3125 0.3125 0.25 0.25 0.25 0.75 0.75 1.125 1.125 1.125 1.3125 1.3125 1.25 1.25 1.25 1.125 1.125 1.25 1.25 1.25 1.375 1.375 1.6875 1.6875 1.6875 1.5 1.5 1.8125 1.8125 1.8125 2.1875 2.1875 3.125 3.125 3.125 3.5 3.5 2.125 2.125 2.125 0.5625 0.5625 0.9375 0.9375 0.9375 1.25 1.25 1.0625 1.0625 1.0625 0.875 0.875 0.375 0.375 0.375 0.125
37.125 37.125 51.75 51.75 51.75 40.1875 40.1875 17.25 17.25 17.25 4.9375 4.9375 1.875 1.875 1.875 1.9375 1.9375 1.75 1.75 1.75 1.75 1.75 1.75 1.75 1.75 0.6875 0.6875 0.25 0.25 0.25 0.0625 0.0625 0.1875 0.1875 0.1875 0.375 0.375 0.375 0.375 0.375 0.3125 0.3125 0.25 0.25 0.25 0.75 0.75 1.125 1.125 1.125 1.3125 1.3125 1.25 1.25 1.25 1.125 1.125 1.25 1.25 1.25 1.375 1.375 1.6875 1.6875 1.6875 1.5 1.5 1.8125 1.8125 1.8125 2.1875 2.1875 3.125 3.125 3.125 3.5 3.5 2.125 2.125 2.125 0.5625 0.5625 0.9375 0.9375 0.9375 1.25 1.25 1.0625 1.0625 1.0625 0.875 0.875 0.375 0.375 0.375 0.125
37.125 37.125 51.75 51.75 51.75 40.1875 40.1875 17.25 17.25 17.25 4.9375 4.9375 1.875 1.875 1.875 1.9375 1.9375 1.75 1.75 1.75 1.75 1.75 1.75 1.75 1.75 0.6875 0.6875 0.25 0.25 0.25 0.0625 0.0625 0.1875 0.1875 0.1875 0.375 0.375 0.375 0.375 0.375 0.3125 0.3125 0.25 0.25 0.25 0.75 0.75 1.125 1.125 1.125 1.3125 1.3125 1.25 1.25 1.25 1.125 1.125 1.25 1.25 1.25 1.375 1.375 1.6875 1.6875 1.6875 1.5 1.5 1.8125 1.8125 1.8125 2.1875 2.1875 3.125 3.125 3.125 3.5 3.5 2.125 2.125 2.125 0.5625 0.5625 0.9375 0.9375 0.9375 1.25 1.25 1.0625 1.0625 1.0625 0.875 0.875 0.375 0.375 0.375 0.125
34.25 34.25 37.875 37.875 37.875 19.9375 19.9375 8.4375 8.4375 8.4375 2.875 2.875 2.625 2.625 2.625 4.6875 4.6875 7.4375 7.4375 7.4375 7.3125 7.3125 4.875 4.875 4.875 3.375 3.375 2.25 2.25 2.25 1.3125 1.3125 0.9375 0.9375 0.9375 0.6875 0.6875 0.3125 0.3125 0.3125 0.1875 0.1875 0.6875 0.6875 0.6875 2.5625 2.5625 2.625 2.625 2.625 2.9375 2.9375 3.4375 3.4375 3.4375 2.9375 2.9375 2.5625 2.5625 2.5625 2.0625 2.0625 1.3125 1.3125 1.3125 1.0625 1.0625 2.375 2.375 2.375 2.4375 2.4375 2.8125 2.8125 2.8125 3.375 3.375 3.0625 3.0625 3.0625 3.25 3.25 3.6875 3.6875 3.6875 3.375 3.375 2.6875 2.6875 2.6875 1.875 1.875 1.9375 1.9375 1.9375 1.1875
34.25 34.25 37.875 37.875 37.875 19.9375 19.9375 8.4375 8.4375 8.4375 2.875 2.875 2.625 2.625 2.625 4.6875 4.6875 7.4375 7.4375 7.4375 7.3125 7.3125 4.875 4.875 4.875 3.375 3.375 2.25 2.25 2.25 1.3125 1.3125 0.9375 0.9375 0.9375 0.6875 0.6875 0.3125 0.3125 0.3125 0.1875 0.1875 0.6875 0.6875 0.6875 2.5625 2.5625 2.625 2.625 2.625 2.9375 2.9375 3.4375 3.4375 3.4375 2.9375 2.9375 2.5625 2.5625 2.5625 2.0625 2.0625 1.3125 1.3125 1.3125 1.0625 1.0625 2.375 2.375 2.375 2.4375 2.4375 2.8125 2.8125 2.8125 3.375 3.375 3.0625 3.0625 3.0625 3.25 3.25 3.6875 3.6875 3.6875 3.375 3.375 2.6875 2.6875 2.6875 1.875 1.875 1.9375 1.9375 1.9375 1.1875
27.75 27.75 18.4375 18.4375 18.4375 9.8125 9.8125 5.625 5.625 5.625 2.9375 2.9375 3.875 3.875 3.875 6.75 6.75 10.5625 10.5625 10.5625 12.625 12.625 13 13 13 12.25 12.25 6.3125 6.3125 6.3125 2.375 2.375 1.3125 1.3125 1.3125 1.4375 1.4375 1.125 1.125 1.125 1.5 1.5 2.4375 2.4375 2.4375 4.3125 4.3125 4.875 4.875 4.875 6.25 6.25 5.1875 5.1875 5.1875 4.5 4.5 2.125 2.125 2.125 1.5 1.5 2.25 2.25 2.25 2.5625 2.5625 3.875 3.875 3.875 3 3 3.3125 3.3125 3.3125 3.125 3.125 4.5 4.5 4.5 5 5 3.75 3.75 3.75 3.5625 3.5625 2.5625 2.5625 2.5625 0.8125 0.8125 0.5 0.5 0.5 0.9375
27.75 27.75 18.4375 18.4375 18.4375 9.8125 9.8125 5.625 5.625 5.625 2.9375 2.9375 3.875 3.875 3.875 6.75 6.75 10.5625 10.5625 10.5625 12.625 12.625 13 13 13 12.25 12.25 6.3125 6.3125 6.3125 2.375 2.375 1.3125 1.3125 1.3125 1.4375 1.4375 1.125 1.125 1.125 1.5 1.5 2.4375 2.4375 2.4375 4.3125 4.3125 4.875 4.875 4.875 6.25 6.25 5.1875 5.1875 5.1875 4.5 4.5 2.125 2.125 2.125 1.5 1.5 2.25 2.25 2.25 2.5625 2.5625 3.875 3.875 3.875 3 3 3.3125 3.3125 3.3125 3.125 3.125 4.5 4.5 4.5 5 5 3.75 3.75 3.75 3.5625 3.5625 2.5625 2.5625 2.5625 0.8125 0.8125 0.5 0.5 0.5 0.9375
27.75 27.75 18.4375 18.4375 18.4375 9.8125 9.8125 5.625 5.625 5.625 2.9375 2.9375 3.875 3.875 3.875 6.75 6.75 10.5625 10.5625 10.5625 12.625 12.625 13 13 13 12.25 12.25 6.3125 6.3125 6.3125 2.375 2.375 1.3125 1.3125 1.3125 1.4375 1.4375 1.125 1.125 1.125 1.5 1.5 2.4375 2.4375 2.4375 4.3125 4.3125 4.875 4.875 4.875 6.25 6.25 5.1875 5.1875 5.1875 4.5 4.5 2.125 2.125 2.125 1.5 1.5 2.25 2.25 2.25 2.5625 2.5625 3.875 3.875 3.875 3 3 3.3125 3.3125 3.3125 3.125 3.125 4.5 4.5 4.5 5 5 3.75 3.75 3.75 3.5625 3.5625 2.5625 2.5625 2.5625 0.8125 0.8125 0.5 0.5 0.5 0.9375
14.5 14.5 13 13 13 8.9375 8.9375 5.0625 5.0625 5.0625 2.9375 2.9375 3.6875 3.6875 3.6875 5.25 5.25 8.75 8.75 8.75 15.9375 15.9375 17.4375 17.4375 17.4375 11.5625 11.5625 4.4375 4.4375 4.4375 1.75 1.75 2.125 2.125 2.125 4 4 4.125 4.125 4.125 3.75 3.75 3.75 3.75 3.75 5.3125 5.3125 5.625 5.625 5.625 7.1875 7.1875 5.875 5.875 5.875 4.0625 4.0625 2.8125 2.8125 2.8125 3.625 3.625 3.1875 3.1875 3.1875 3.5 3.5 4.1875 4.1875 4.1875 3.9375 3.9375 3.75 3.75 3.75 3.625 3.625 3.75 3.75 3.75 3.4375 3.4375 2.625 2.625 2.625 2.375 2.375 1.3125 1.3125 1.3125 0.4375 0.4375 0.125 0.125 0.125 0.3125
14.5 14.5 13 13 13 8.9375 8.9375 5.0625 5.0625 5.0625 2.9375 2.9375 3.6875 3.6875 3.6875 5.25 5.25 8.75 8.75 8.75 15.9375 15.9375 17.4375 17.4375 17.4375 11.5625 11.5625 4.4375 4.4375 4.4375 1.75 1.75 2.125 2.125 2.125 4 4 4.125 4.125 4.125 3.75 3.75 3.75 3.75 3.75 5.3125 5.3125 5.625 5.625 5.625 7.1875 7.1875 5.875 5.875 5.875 4.0625 4.0625 2.8125 2.8125 2.8125 3.625 3.625 3.1875 3.1875 3.1875 3.5 3.5 4.1875 4.1875 4.1875 3.9375 3.9375 3.75 3.75 3.75 3.625 3.625 3.75 3.75 3.75 3.4375 3.4375 2.625 2.625 2.625 2.375 2.375 1.3125 1.3125 1.3125 0.4375 0.4375 0.125 0.125 0.125 0.3125
11.6875 11.6875 14.6875 14.6875 14.6875 9.5 9.5 5.4375 5.4375 5.4375 4.1875 4.1875 5.75 5.75 5.75 6.3125 6.3125 9.6875 9.6875 9.6875 15.875 15.875 14.5 14.5 14.5 6.5 6.5 3.1875 3.1875 3.1875 3.25 3.25 6.875 6.875 6.875 10.375 10.375 9.9375 9.9375 9.9375 6 6 5.625 5.625 5.625 7.8125 7.8125 7.125 7.125 7.125 8.1875 8.1875 7.125 7.125 7.125 5.6875 5.6875 4.9375 4.9375 4.9375 3.625 3.625 4.1875 4.1875 4.1875 4.3125 4.3125 4.875 4.875 4.875 4.5625 4.5625 4.25 4.25 4.25 4.875 4.875 4.25 4.25 4.25 3 3 3.25 3.25 3.25 3.0625 3.0625 1.25 1.25 1.25 0.375 0.375 0.125 0.125 0.125 0
11.6875 11.6875 14.6875 14.6875 14.6875 9.5 9.5 5.4375 5.4375 5.4375 4.1875 4.1875 5.75 5.75 5.75 6.3125 6.3125 9.6875 9.6875 9.6875 15.875 15.875 14.5 14.5 14.5 6.5 6.5 3.1875 3.1875 3.1875 3.25 3.25 6.875 6.875 6.875 10.375 10.375 9.9375 9.9375 9.9375 6 6 5.625 5.625 5.625 7.8125 7.8125 7.125 7.125 7.125 8.1875 8.1875 7.125 7.125 7.125 5.6875 5.6875 4.9375 4.9375 4.9375 3.625 3.625 4.1875 4.1875 4.1875 4.3125 4.3125 4.875 4.875 4.875 4.5625 4.5625 4.25 4.25 4.25 4.875 4.875 4.25 4.25 4.25 3 3 3.25 3.25 3.25 3.0625 3.0625 1.25 1.25 1.25 0.375 0.375 0.125 0.125 0.125 0
11.6875 11.6875 14.6875 14.6875 14.6875 9.5 9.5 5.4375 5.4375 5.4375 4.1875 4.1875 5.75 5.75 5.75 6.3125 6.3125 9.6875 9.6875 9.6875 15.875 15.875 14.5 14.5 14.5 6.5 6.5 3.1875 3.1875 3.1875 3.25 3.25 6.875 6.875 6.875 10.375 10.375 9.9375 9.9375 9.9375 6 6 5.625 5.625 5.625 7.8125 7.8125 7.125 7.125 7.125 8.1875 8.1875 7.125 7.125 7.125 5.6875 5.6875 4.9375 4.9375 4.9375 3.625 3.625 4.1875 4.1875 4.1875 4.3125 4.3125 4.875 4.875 4.875 4.5625 4.5625 4.25 4.25 4.25 4.875 4.875 4.25 4.25 4.25 3 3 3.25 3.25 3.25 3.0625 3.0625 1.25 1.25 1.25 0.375 0.375 0.125 0.125 0.125 0
11.4375 11.4375 14.25 14.25 14.25 8.875 8.875 6.4375 6.4375 6.4375 9.4375 9.4375 8.375 8.375 8.375 5.75 5.75 9.0625 9.0625 9.0625 12.75 12.75 8.625 8.625 8.625 2.75 2.75 3.5 3.5 3.5 10.4375 10.4375 16.875 16.875 16.875 18 18 14.0625 14.0625 14.0625 6.1875 6.1875 7.75 7.75 7.75 9.25 9.25 9.0625 9.0625 9.0625 9.25 9.25 6.375 6.375 6.375 5.1875 5.1875 4 4 4 5.25 5.25 6.0625 6.0625 6.0625 5.625 5.625 6 6 6 5.6875 5.6875 5.3125 5.3125 5.3125 5.125 5.125 4.0625 4.0625 4.0625 3.125 3.125 3.5625 3.5625 3.5625 3.5 3.5 2.25 2.25 2.25 0.5625 0.5625 0 0 0 0
11.4375 11.4375 14.25 14.25 14.25 8.875 8.875 6.4375 6.4375 6.4375 9.4375 9.4375 8.375 8.375 8.375 5.75 5.75 9.0625 9.0625 9.0625 12.75 12.75 8.625 8.625 8.625 2.75 2.75 3.5 3.5 3.5 10.4375 10.4375 16.875 16.875 16.875 18 18 14.0625 14.0625 14.0625 6.1875 6.1875 7.75 7.75 7.75 9.25 9.25 9.0625 9.0625 9.0625 9.25 9.25 6.375 6.375 6.375 5.1875 5.1875 4 4 4 5.25 5.25 6.0625 6.0625 6.0625 5.625 5.625 6 6 6 5.6875 5.6875 5.3125 5.3125 5.3125 5.125 5.125 4.0625 4.0625 4.0625 3.125 3.125 3.5625 3.5625 3.5625 3.5 3.5 2.25 2.25 2.25 0.5625 0.5625 0 0 0 0
