Data/APCP/20200108.f108.apcp.gfs.pakistan.txt
ncols        169
nrows        134
xllcorner    60.900000000000
yllcorner    23.700000000000
cellsize     0.100000000000
NODATA_value  -9999
[rows 82 to 122 of 134, columns 0 to 92 of 169]
0.125 0.125 0.25 0.25 0.25 0.125 0.125 0 0 0 0.0625 0.0625 0.0625 0.0625 0.0625 0 0 0.0625 0.0625 0.0625 0.125 0.125 0.125 0.125 0.125 0.25 0.25 0.4375 0.4375 0.4375 1.0625 1.0625 2.3125 2.3125 2.3125 2.6875 2.6875 0.9375 0.9375 0.9375 0.125 0.125 0.125 0.125 0.125 0.0625 0.0625 0.0625 0.0625 0.0625 0.625 0.625 2.25 2.25 2.25 3.6875 3.6875 5.375 5.375 5.375 5.9375 5.9375 2.875 2.875 2.875 0.5625 0.5625 0.5625 0.5625 0.5625 0.4375 0.4375 0.1875 0.1875 0.1875 0.4375 0.4375 0.6875 0.6875 0.6875 0.8125 0.8125 0.5 0.5 0.5 0.3125 0.3125 0.5 0.5 0.5 0.75 0.75 0.4375
0.125 0.125 0.25 0.25 0.25 0.125 0.125 0 0 0 0.0625 0.0625 0.0625 0.0625 0.0625 0 0 0.0625 0.0625 0.0625 0.125 0.125 0.125 0.125 0.125 0.25 0.25 0.4375 0.4375 0.4375 1.0625 1.0625 2.3125 2.3125 2.3125 2.6875 2.6875 0.9375 0.9375 0.9375 0.125 0.125 0.125 0.125 0.125 0.0625 0.0625 0.0625 0.0625 0.0625 0.625 0.625 2.25 2.25 2.25 3.6875 3.6875 5.375 5.375 5.375 5.9375 5.9375 2.875 2.875 2.875 0.5625 0.5625 0.5625 0.5625 0.5625 0.4375 0.4375 0.1875 0.1875 0.1875 0.4375 0.4375 0.6875 0.6875 0.6875 0.8125 0.8125 0.5 0.5 0.5 0.3125 0.3125 0.5 0.5 0.5 0.75 0.75 0.4375
0.125 0.125 0.25 0.25 0.25 0.125 0.125 0 0 0 0.0625 0.0625 0.0625 0.0625 0.0625 0 0 0.0625 0.0625 0.0625 0.125 0.125 0.125 0.125 0.125 0.25 0.25 0.4375 0.4375 0.4375 1.0625 1.0625 2.3125 2.3125 2.3125 2.6875 2.6875 0.9375 0.9375 0.9375 0.125 0.125 0.125 0.125 0.125 0.0625 0.0625 0.0625 0.0625 0.0625 0.625 0.625 2.25 2.25 2.25 3.6875 3.6875 5.375 5.375 5.375 5.9375 5.9375 2.875 2.875 2.875 0.5625 0.5625 0.5625 0.5625 0.5625 0.4375 0.4375 0.1875 0.1875 0.1875 0.4375 0.4375 0.6875 0.6875 0.6875 0.8125 0.8125 0.5 0.5 0.5 0.3125 0.3125 0.5 0.5 0.5 0.75 0.75 0.4375
0.3125 0.3125 1.5625 1.5625 1.5625 0.4375 0.4375 0.125 0.125 0.125 0 0 0.0625 0.0625 0.0625 0 0 0.1875 0.1875 0.1875 0.5 0.5 0.4375 0.4375 0.4375 1.1875 1.1875 1.5625 1.5625 1.5625 2.25 2.25 2.1875 2.1875 2.1875 1.0625 1.0625 0.5 0.5 0.5 0.4375 0.4375 0.125 0.125 0.125 0 0 0.125 0.125 0.125 0.6875 0.6875 1.4375 1.4375 1.4375 3.3125 3.3125 5.375 5.375 5.375 5.5625 5.5625 2 2 2 0.375 0.375 0.25 0.25 0.25 0.4375 0.4375 0.875 0.875 0.875 1.3125 1.3125 1 1 1 0.5 0.5 0.25 0.25 0.25 0.625 0.625 0.875 0.875 0.875 0.3125 0.3125 0.0625
0.3125 0.3125 1.5625 1.5625 1.5625 0.4375 0.4375 0.125 0.125 0.125 0 0 0.0625 0.0625 0.0625 0 0 0.1875 0.1875 0.1875 0.5 0.5 0.4375 0.4375 0.4375 1.1875 1.1875 1.5625 1.5625 1.5625 2.25 2.25 2.1875 2.1875 2.1875 1.0625 1.0625 0.5 0.5 0.5 0.4375 0.4375 0.125 0.125 0.125 0 0 0.125 0.125 0.125 0.6875 0.6875 1.4375 1.4375 1.4375 3.3125 3.3125 5.375 5.375 5.375 5.5625 5.5625 2 2 2 0.375 0.375 0.25 0.25 0.25 0.4375 0.4375 0.875 0.875 0.875 1.3125 1.3125 1 1 1 0.5 0.5 0.25 0.25 0.25 0.625 0.625 0.875 0.875 0.875 0.3125 0.3125 0.0625
0.0625 0.0625 0.3125 0.3125 0.3125 0.25 0.25 0.625 0.625 0.625 0.4375 0.4375 0.25 0.25 0.25 0.125 0.125 0.0625 0.0625 0.0625 0.5 0.5 0.8125 0.8125 0.8125 1.25 1.25 1.6875 1.6875 1.6875 1.375 1.375 1.1875 1.1875 1.1875 1.375 1.375 1.4375 1.4375 1.4375 0.8125 0.8125 0.0625 0.0625 0.0625 0 0 0.0625 0.0625 0.0625 0.5625 0.5625 1.5 1.5 1.5 3 3 3.9375 3.9375 3.9375 3.125 3.125 1.4375 1.4375 1.4375 0.4375 0.4375 0.875 0.875 0.875 1.8125 1.8125 2.3125 2.3125 2.3125 1.625 1.625 0.8125 0.8125 0.8125 0.75 0.75 0.75 0.75 0.75 0.75 0.75 0.125 0.125 0.125 0 0 0
0.0625 0.0625 0.3125 0.3125 0.3125 0.25 0.25 0.625 0.625 0.625 0.4375 0.4375 0.25 0.25 0.25 0.125 0.125 0.0625 0.0625 0.0625 0.5 0.5 0.8125 0.8125 0.8125 1.25 1.25 1.6875 1.6875 1.6875 1.375 1.375 1.1875 1.1875 1.1875 1.375 1.375 1.4375 1.4375 1.4375 0.8125 0.8125 0.0625 0.0625 0.0625 0 0 0.0625 0.0625 0.0625 0.5625 0.5625 1.5 1.5 1.5 3 3 3.9375 3.9375 3.9375 3.125 3.125 1.4375 1.4375 1.4375 0.4375 0.4375 0.875 0.875 0.875 1.8125 1.8125 2.3125 2.3125 2.3125 1.625 1.625 0.8125 0.8125 0.8125 0.75 0.75 0.75 0.75 0.75 0.75 0.75 0.125 0.125 0.125 0 0 0
0.0625 0.0625 0.3125 0.3125 0.3125 0.25 0.25 0.625 0.625 0.625 0.4375 0.4375 0.25 0.25 0.25 0.125 0.125 0.0625 0.0625 0.0625 0.5 0.5 0.8125 0.8125 0.8125 1.25 1.25 1.6875 1.6875 1.6875 1.375 1.375 1.1875 1.1875 1.1875 1.375 1.375 1.4375 1.4375 1.4375 0.8125 0.8125 0.0625 0.0625 0.0625 0 0 0.0625 0.0625 0.0625 0.5625 0.5625 1.5 1.5 1.5 3 3 3.9375 3.9375 3.9375 3.125 3.125 1.4375 1.4375 1.4375 0.4375 0.4375 0.875 0.875 0.875 1.8125 1.8125 2.3125 2.3125 2.3125 1.625 1.625 0.8125 0.8125 0.8125 0.75 0.75 0.75 0.75 0.75 0.75 0.75 0.125 0.125 0.125 0 0 0
0 0 0 0 0 0 0 0.4375 0.4375 0.4375 0.75 0.75 0.4375 0.4375 0.4375 0.25 0.25 0.0625 0.0625 0.0625 0.375 0.375 0.375 0.375 0.375 0.3125 0.3125 0.625 0.625 0.625 0.5625 0.5625 1.5625 1.5625 1.5625 2.1875 2.1875 1.25 1.25 1.25 0.6875 0.6875 0 0 0 0 0 0 0 0 0.75 0.75 2.4375 2.4375 2.4375 3.125 3.125 3 3 3 2.5625 2.5625 2.4375 2.4375 2.4375 2.125 2.125 2.875 2.875 2.875 3.25 3.25 2.1875 2.1875 2.1875 1.25 1.25 1.125 1.125 1.125 0.9375 0.9375 0.5 0.5 0.5 0.125 0.125 0 0 0 0 0 0
0 0 0 0 0 0 0 0.4375 0.4375 0.4375 0.75 0.75 0.4375 0.4375 0.4375 0.25 0.25 0.0625 0.0625 0.0625 0.375 0.375 0.375 0.375 0.375 0.3125 0.3125 0.625 0.625 0.625 0.5625 0.5625 1.5625 1.5625 1.5625 2.1875 2.1875 1.25 1.25 1.25 0.6875 0.6875 0 0 0 0 0 0 0 0 0.75 0.75 2.4375 2.4375 2.4375 3.125 3.125 3 3 3 2.5625 2.5625 2.4375 2.4375 2.4375 2.125 2.125 2.875 2.875 2.875 3.25 3.25 2.1875 2.1875 2.1875 1.25 1.25 1.125 1.125 1.125 0.9375 0.9375 0.5 0.5 0.5 0.125 0.125 0 0 0 0 0 0
0 0 0 0 0 0 0 0.0625 0.0625 0.0625 0.375 0.375 0.6875 0.6875 0.6875 0.375 0.375 0.375 0.375 0.375 0.5 0.5 0.4375 0.4375 0.4375 0.0625 0.0625 0.25 0.25 0.25 0.5 0.5 0.8125 0.8125 0.8125 1.3125 1.3125 1.25 1.25 1.25 0.25 0.25 0 0 0 0 0 0.25 0.25 0.25 1.875 1.875 3.0625 3.0625 3.0625 2.625 2.625 2.8125 2.8125 2.8125 4 4 4.9375 4.9375 4.9375 4.4375 4.4375 4.125 4.125 4.125 2.5625 2.5625 1.75 1.75 1.75 1.875 1.875 1.125 1.125 1.125 0.4375 0.4375 0.1875 0.1875 0.1875 0.0625 0.0625 0.0625 0.0625 0.0625 0 0 0
0 0 0 0 0 0 0 0.0625 0.0625 0.0625 0.375 0.375 0.6875 0.6875 0.6875 0.375 0.375 0.375 0.375 0.375 0.5 0.5 0.4375 0.4375 0.4375 0.0625 0.0625 0.25 0.25 0.25 0.5 0.5 0.8125 0.8125 0.8125 1.3125 1.3125 1.25 1.25 1.25 0.25 0.25 0 0 0 0 0 0.25 0.25 0.25 1.875 1.875 3.0625 3.0625 3.0625 2.625 2.625 2.8125 2.8125 2.8125 4 4 4.9375 4.9375 4.9375 4.4375 4.4375 4.125 4.125 4.125 2.5625 2.5625 1.75 1.75 1.75 1.875 1.875 1.125 1.125 1.125 0.4375 0.4375 0.1875 0.1875 0.1875 0.0625 0.0625 0.0625 0.0625 0.0625 0 0 0
0 0 0 0 0 0 0 0.0625 0.0625 0.0625 0.375 0.375 0.6875 0.6875 0.6875 0.375 0.375 0.375 0.375 0.375 0.5 0.5 0.4375 0.4375 0.4375 0.0625 0.0625 0.25 0.25 0.25 0.5 0.5 0.8125 0.8125 0.8125 1.3125 1.3125 1.25 1.25 1.25 0.25 0.25 0 0 0 0 0 0.25 0.25 0.25 1.875 1.875 3.0625 3.0625 3.0625 2.625 2.625 2.8125 2.8125 2.8125 4 4 4.9375 4.9375 4.9375 4.4375 4.4375 4.125 4.125 4.125 2.5625 2.5625 1.75 1.75 1.75 1.875 1.875 1.125 1.125 1.125 0.4375 0.4375 0.1875 0.1875 0.1875 0.0625 0.0625 0.0625 0.0625 0.0625 0 0 0
0 0 0 0 0 0 0 0.0625 0.0625 0.0625 0 0 0.5 0.5 0.5 0.5625 0.5625 0.5 0.5 0.5 0.25 0.25 0.1875 0.1875 0.1875 0.1875 0.1875 0.5625 0.5625 0.5625 0.75 0.75 1.3125 1.3125 1.3125 1.0625 1.0625 0.5625 0.5625 0.5625 0 0 0 0 0 0.0625 0.0625 0.75 0.75 0.75 2.1875 2.1875 2.4375 2.4375 2.4375 3.25 3.25 5.375 5.375 5.375 7.0625 7.0625 7.1875 7.1875 7.1875 5 5 2.625 2.625 2.625 2.375 2.375 2.6875 2.6875 2.6875 1.5625 1.5625 0.5625 0.5625 0.5625 0.1875 0.1875 0.0625 0.0625 0.0625 0.1875 0.1875 0.0625 0.0625 0.0625 0 0 0
0 0 0 0 0 0 0 0.0625 0.0625 0.0625 0 0 0.5 0.5 0.5 0.5625 0.5625 0.5 0.5 0.5 0.25 0.25 0.1875 0.1875 0.1875 0.1875 0.1875 0.5625 0.5625 0.5625 0.75 0.75 1.3125 1.3125 1.3125 1.0625 1.0625 0.5625 0.5625 0.5625 0 0 0 0 0 0.0625 0.0625 0.75 0.75 0.75 2.1875 2.1875 2.4375 2.4375 2.4375 3.25 3.25 5.375 5.375 5.375 7.0625 7.0625 7.1875 7.1875 7.1875 5 5 2.625 2.625 2.625 2.375 2.375 2.6875 2.6875 2.6875 1.5625 1.5625 0.5625 0.5625 0.5625 0.1875 0.1875 0.0625 0.0625 0.0625 0.1875 0.1875 0.0625 0.0625 0.0625 0 0 0
0 0 0 0 0 0 0 0.1875 0.1875 0.1875 0.125 0.125 0.25 0.25 0.25 0.25 0.25 0.3125 0.3125 0.3125 0.375 0.375 0.25 0.25 0.25 0.5625 0.5625 1.375 1.375 1.375 1.3125 1.3125 0.5625 0.5625 0.5625 0.25 0.25 0.125 0.125 0.125 0 0 0 0 0 0.1875 0.1875 0.6875 0.6875 0.6875 1.25 1.25 3.125 3.125 3.125 5.625 5.625 8.6875 8.6875 8.6875 9.875 9.875 7.125 7.125 7.125 2.875 2.875 3.25 3.25 3.25 3.6875 3.6875 1.625 1.625 1.625 0.5 0.5 0.1875 0.1875 0.1875 0.125 0.125 0.3125 0.3125 0.3125 0.125 0.125 0 0 0 0 0 0
0 0 0 0 0 0 0 0.1875 0.1875 0.1875 0.125 0.125 0.25 0.25 0.25 0.25 0.25 0.3125 0.3125 0.3125 0.375 0.375 0.25 0.25 0.25 0.5625 0.5625 1.375 1.375 1.375 1.3125 1.3125 0.5625 0.5625 0.5625 0.25 0.25 0.125 0.125 0.125 0 0 0 0 0 0.1875 0.1875 0.6875 0.6875 0.6875 1.25 1.25 3.125 3.125 3.125 5.625 5.625 8.6875 8.6875 8.6875 9.875 9.875 7.125 7.125 7.125 2.875 2.875 3.25 3.25 3.25 3.6875 3.6875 1.625 1.625 1.625 0.5 0.5 0.1875 0.1875 0.1875 0.125 0.125 0.3125 0.3125 0.3125 0.125 0.125 0 0 0 0 0 0
0 0 0 0 0 0 0 0.1875 0.1875 0.1875 0.125 0.125 0.25 0.25 0.25 0.25 0.25 0.3125 0.3125 0.3125 0.375 0.375 0.25 0.25 0.25 0.5625 0.5625 1.375 1.375 1.375 1.3125 1.3125 0.5625 0.5625 0.5625 0.25 0.25 0.125 0.125 0.125 0 0 0 0 0 0.1875 0.1875 0.6875 0.6875 0.6875 1.25 1.25 3.125 3.125 3.125 5.625 5.625 8.6875 8.6875 8.6875 9.875 9.875 7.125 7.125 7.125 2.875 2.875 3.25 3.25 3.25 3.6875 3.6875 1.625 1.625 1.625 0.5 0.5 0.1875 0.1875 0.1875 0.125 0.125 0.3125 0.3125 0.3125 0.125 0.125 0 0 0 0 0 0
0 0 0 0 0 0 0 0 0 0 0.0625 0.0625 0.0625 0.0625 0.0625 0.125 0.125 0.0625 0.0625 0.0625 0.0625 0.0625 0 0 0 0.5625 0.5625 1.3125 1.3125 1.3125 0.4375 0.4375 0.0625 0.0625 0.0625 0.125 0.125 0 0 0 0 0 0.0625 0.0625 0.0625 0.25 0.25 0.8125 0.8125 0.8125 2.8125 2.8125 6.125 6.125 6.125 9.5625 9.5625 11.75 11.75 11.75 8.5 8.5 4.3125 4.3125 4.3125 4.25 4.25 4.125 4.125 4.125 1.5625 1.5625 0.375 0.375 0.375 0.4375 0.4375 0.5 0.5 0.5 0.4375 0.4375 0.125 0.125 0.125 0 0 0 0 0 0 0 0
0 0 0 0 0 0 0 0 0 0 0.0625 0.0625 0.0625 0.0625 0.0625 0.125 0.125 0.0625 0.0625 0.0625 0.0625 0.0625 0 0 0 0.5625 0.5625 1.3125 1.3125 1.3125 0.4375 0.4375 0.0625 0.0625 0.0625 0.125 0.125 0 0 0 0 0 0.0625 0.0625 0.0625 0.25 0.25 0.8125 0.8125 0.8125 2.8125 2.8125 6.125 6.125 6.125 9.5625 9.5625 11.75 11.75 11.75 8.5 8.5 4.3125 4.3125 4.3125 4.25 4.25 4.125 4.125 4.125 1.5625 1.5625 0.375 0.375 0.375 0.4375 0.4375 0.5 0.5 0.5 0.4375 0.4375 0.125 0.125 0.125 0 0 0 0 0 0 0 0
0 0 0 0 0 0 0 0 0 0 0 0 0 0 0 0 0 0 0 0 0 0 0.125 0.125 0.125 0.5625 0.5625 0.4375 0.4375 0.4375 0.125 0.125 0 0 0 0 0 0 0 0 0 0 0.0625 0.0625 0.0625 0.75 0.75 3.0625 3.0625 3.0625 6.1875 6.1875 9.6875 9.6875 9.6875 11.1875 11.1875 8.8125 8.8125 8.8125 6.125 6.125 5.625 5.625 5.625 3.8125 3.8125 1.1875 1.1875 1.1875 0.6875 0.6875 1.4375 1.4375 1.4375 1.625 1.625 1.1875 1.1875 1.1875 0.3125 0.3125 0 0 0 0 0 0 0 0 0 0 0
0 0 0 0 0 0 0 0 0 0 0 0 0 0 0 0 0 0 0 0 0 0 0.125 0.125 0.125 0.5625 0.5625 0.4375 0.4375 0.4375 0.125 0.125 0 0 0 0 0 0 0 0 0 0 0.0625 0.0625 0.0625 0.75 0.75 3.0625 3.0625 3.0625 6.1875 6.1875 9.6875 9.6875 9.6875 11.1875 11.1875 8.8125 8.8125 8.8125 6.125 6.125 5.625 5.625 5.625 3.8125 3.8125 1.1875 1.1875 1.1875 0.6875 0.6875 1.4375 1.4375 1.4375 1.625 1.625 1.1875 1.1875 1.1875 0.3125 0.3125 0 0 0 0 0 0 0 0 0 0 0
0 0 0 0 0 0 0 0 0 0 0 0 0 0 0 0 0 0 0 0 0 0 0.125 0.125 0.125 0.5625 0.5625 0.4375 0.4375 0.4375 0.125 0.125 0 0 0 0 0 0 0 0 0 0 0.0625 0.0625 0.0625 0.75 0.75 3.0625 3.0625 3.0625 6.1875 6.1875 9.6875 9.6875 9.6875 11.1875 11.1875 8.8125 8.8125 8.8125 6.125 6.125 5.625 5.625 5.625 3.8125 3.8125 1.1875 1.1875 1.1875 0.6875 0.6875 1.4375 1.4375 1.4375 1.625 1.625 1.1875 1.1875 1.1875 0.3125 0.3125 0 0 0 0 0 0 0 0 0 0 0
0 0 0 0 0 0 0 0 0 0 0 0 0 0 0 0 0 0 0 0 0.125 0.125 0.5 0.5 0.5 1.25 1.25 0.625 0.625 0.625 0.0625 0.0625 0 0 0 0 0 0 0 0 0 0 0.3125 0.3125 0.3125 2.9375 2.9375 7.0625 7.0625 7.0625 9.1875 9.1875 7.8125 7.8125 7.8125 5.5625 5.5625 7 7 7 7.125 7.125 4 4 4 1.125 1.125 1.6875 1.6875 1.6875 3.375 3.375 3.25 3.25 3.25 2.1875 2.1875 1.375 1.375 1.375 0.25 0.25 0 0 0 0 0 0 0 0 0 0 0
0 0 0 0 0 0 0 0 0 0 0 0 0 0 0 0 0 0 0 0 0.125 0.125 0.5 0.5 0.5 1.25 1.25 0.625 0.625 0.625 0.0625 0.0625 0 0 0 0 0 0 0 0 0 0 0.3125 0.3125 0.3125 2.9375 2.9375 7.0625 7.0625 7.0625 9.1875 9.1875 7.8125 7.8125 7.8125 5.5625 5.5625 7 7 7 7.125 7.125 4 4 4 1.125 1.125 1.6875 1.6875 1.6875 3.375 3.375 3.25 3.25 3.25 2.1875 2.1875 1.375 1.375 1.375 0.25 0.25 0 0 0 0 0 0 0 0 0 0 0
0 0 0 0 0 0 0 0 0 0 0 0 0 0 0 0 0 0.125 0.125 0.125 0.6875 0.6875 0.9375 0.9375 0.9375 0.8125 0.8125 0.3125 0.3125 0.3125 0 0 0 0 0 0 0 0 0 0 0.0625 0.0625 2.1875 2.1875 2.1875 7.6875 7.6875 8.5 8.5 8.5 4.625 4.625 2.5 2.5 2.5 3.875 3.875 5.625 5.625 5.625 3.125 3.125 2.1875 2.1875 2.1875 4.9375 4.9375 6.8125 6.8125 6.8125 4.9375 4.9375 2.8125 2.8125 2.8125 1.5 1.5 0.3125 0.3125 0.3125 0 0 0 0 0 0 0 0 0 0 0 0 0
0 0 0 0 0 0 0 0 0 0 0 0 0 0 0 0 0 0.125 0.125 0.125 0.6875 0.6875 0.9375 0.9375 0.9375 0.8125 0.8125 0.3125 0.3125 0.3125 0 0 0 0 0 0 0 0 0 0 0.0625 0.0625 2.1875 2.1875 2.1875 7.6875 7.6875 8.5 8.5 8.5 4.625 4.625 2.5 2.5 2.5 3.875 3.875 5.625 5.625 5.625 3.125 3.125 2.1875 2.1875 2.1875 4.9375 4.9375 6.8125 6.8125 6.8125 4.9375 4.9375 2.8125 2.8125 2.8125 1.5 1.5 0.3125 0.3125 0.3125 0 0 0 0 0 0 0 0 0 0 0 0 0
0 0 0 0 0 0 0 0 0 0 0 0 0 0 0 0 0 0.125 0.125 0.125 0.6875 0.6875 0.9375 0.9375 0.9375 0.8125 0.8125 0.3125 0.3125 0.3125 0 0 0 0 0 0 0 0 0 0 0.0625 0.0625 2.1875 2.1875 2.1875 7.6875 7.6875 8.5 8.5 8.5 4.625 4.625 2.5 2.5 2.5 3.875 3.875 5.625 5.625 5.625 3.125 3.125 2.1875 2.1875 2.1875 4.9375 4.9375 6.8125 6.8125 6.8125 4.9375 4.9375 2.8125 2.8125 2.8125 1.5 1.5 0.3125 0.3125 0.3125 0 0 0 0 0 0 0 0 0 0 0 0 0
0 0 0 0 0 0 0 0 0 0 0 0 0 0 0 0 0 0.0625 0.0625 0.0625 0.6875 0.6875 1.1875 1.1875 1.1875 0.25 0.25 0.25 0.25 0.25 0 0 0 0 0 0 0 0.0625 0.0625 0.0625 1.3125 1.3125 5.9375 5.9375 5.9375 6.3125 6.3125 2.4375 2.4375 2.4375 1.5 1.5 2.625 2.625 2.625 2 2 1.25 1.25 1.25 2.375 2.375 6.5625 6.5625 6.5625 8.8125 8.8125 6.25 6.25 6.25 3.75 3.75 2.1875 2.1875 2.1875 0.4375 0.4375 0 0 0 0 0 0 0 0 0 0 0 0 0 0 0 0
0 0 0 0 0 0 0 0 0 0 0 0 0 0 0 0 0 0.0625 0.0625 0.0625 0.6875 0.6875 1.1875 1.1875 1.1875 0.25 0.25 0.25 0.25 0.25 0 0 0 0 0 0 0 0.0625 0.0625 0.0625 1.3125 1.3125 5.9375 5.9375 5.9375 6.3125 6.3125 2.4375 2.4375 2.4375 1.5 1.5 2.625 2.625 2.625 2 2 1.25 1.25 1.25 2.375 2.375 6.5625 6.5625 6.5625 8.8125 8.8125 6.25 6.25 6.25 3.75 3.75 2.1875 2.1875 2.1875 0.4375 0.4375 0 0 0 0 0 0 0 0 0 0 0 0 0 0 0 0
0 0 0 0 0 0 0 0 0 0 0 0 0 0 0 0 0 0 0 0 0.625 0.625 0.5625 0.5625 0.5625 0 0 0 0 0 0 0 0 0 0 0 0 0.8125 0.8125 0.8125 3.75 3.75 3 3 3 0.8125 0.8125 0.6875 0.6875 0.6875 1.4375 1.4375 1.375 1.375 1.375 0.625 0.625 1.9375 1.9375 1.9375 5.5 5.5 6.3125 6.3125 6.3125 5.3125 5.3125 4.75 4.75 4.75 2.1875 2.1875 0.375 0.375 0.375 0 0 0 0 0 0 0 0 0 0 0 0 0 0 0 0 0 0
0 0 0 0 0 0 0 0 0 0 0 0 0 0 0 0 0 0 0 0 0.625 0.625 0.5625 0.5625 0.5625 0 0 0 0 0 0 0 0 0 0 0 0 0.8125 0.8125 0.8125 3.75 3.75 3 3 3 0.8125 0.8125 0.6875 0.6875 0.6875 1.4375 1.4375 1.375 1.375 1.375 0.625 0.625 1.9375 1.9375 1.9375 5.5 5.5 6.3125 6.3125 6.3125 5.3125 5.3125 4.75 4.75 4.75 2.1875 2.1875 0.375 0.375 0.375 0 0 0 0 0 0 0 0 0 0 0 0 0 0 0 0 0 0
0 0 0 0 0 0 0 0 0 0 0 0 0 0 0 0 0 0 0 0 0.625 0.625 0.5625 0.5625 0.5625 0 0 0 0 0 0 0 0 0 0 0 0 0.8125 0.8125 0.8125 3.75 3.75 3 3 3 0.8125 0.8125 0.6875 0.6875 0.6875 1.4375 1.4375 1.375 1.375 1.375 0.625 0.625 1.9375 1.9375 1.9375 5.5 5.5 6.3125 6.3125 6.3125 5.3125 5.3125 4.75 4.75 4.75 2.1875 2.1875 0.375 0.375 0.375 0 0 0 0 0 0 0 0 0 0 0 0 0 0 0 0 0 0
0 0 0 0 0 0 0 0 0 0 0 0 0 0 0 0 0 0.0625 0.0625 0.0625 0.6875 0.6875 0.1875 0.1875 0.1875 0 0 0 0 0 0 0 0 0 0 0.25 0.25 1.5 1.5 1.5 1.3125 1.3125 0.625 0.625 0.625 0.75 0.75 0.8125 0.8125 0.8125 0.5 0.5 1.125 1.125 1.125 2.3125 2.3125 2.6875 2.6875 2.6875 3.625 3.625 4.375 4.375 4.375 4.0625 4.0625 1.625 1.625 1.625 0.1875 0.1875 0 0 0 0 0 0 0 0 0 0 0 0 0 0 0 0 0 0 0 0 0
0 0 0 0 0 0 0 0 0 0 0 0 0 0 0 0 0 0.0625 0.0625 0.0625 0.6875 0.6875 0.1875 0.1875 0.1875 0 0 0 0 0 0 0 0 0 0 0.25 0.25 1.5 1.5 1.5 1.3125 1.3125 0.625 0.625 0.625 0.75 0.75 0.8125 0.8125 0.8125 0.5 0.5 1.125 1.125 1.125 2.3125 2.3125 2.6875 2.6875 2.6875 3.625 3.625 4.375 4.375 4.375 4.0625 4.0625 1.625 1.625 1.625 0.1875 0.1875 0 0 0 0 0 0 0 0 0 0 0 0 0 0 0 0 0 0 0 0 0
0 0 0 0 0 0 0 0 0 0 0 0 0 0 0 0 0 0 0 0 0.1875 0.1875 0.75 0.75 0.75 0.1875 0.1875 0 0 0 0 0 0.0625 0.0625 0.0625 0.3125 0.3125 0.8125 0.8125 0.8125 1.4375 1.4375 1.9375 1.9375 1.9375 1.25 1.25 0.75 0.75 0.75 1.4375 1.4375 2.5 2.5 2.5 2.625 2.625 2.25 2.25 2.25 2.0625 2.0625 1.3125 1.3125 1.3125 0.4375 0.4375 0.25 0.25 0.25 0.0625 0.0625 0 0 0 0 0 0 0 0 0 0 0 0 0 0 0 0 0 0 0 0 0
0 0 0 0 0 0 0 0 0 0 0 0 0 0 0 0 0 0 0 0 0.1875 0.1875 0.75 0.75 0.75 0.1875 0.1875 0 0 0 0 0 0.0625 0.0625 0.0625 0.3125 0.3125 0.8125 0.8125 0.8125 1.4375 1.4375 1.9375 1.9375 1.9375 1.25 1.25 0.75 0.75 0.75 1.4375 1.4375 2.5 2.5 2.5 2.625 2.625 2.25 2.25 2.25 2.0625 2.0625 1.3125 1.3125 1.3125 0.4375 0.4375 0.25 0.25 0.25 0.0625 0.0625 0 0 0 0 0 0 0 0 0 0 0 0 0 0 0 0 0 0 0 0 0
0 0 0 0 0 0 0 0 0 0 0 0 0 0 0 0 0 0 0 0 0.1875 0.1875 0.75 0.75 0.75 0.1875 0.1875 0 0 0 0 0 0.0625 0.0625 0.0625 0.3125 0.3125 0.8125 0.8125 0.8125 1.4375 1.4375 1.9375 1.9375 1.9375 1.25 1.25 0.75 0.75 0.75 1.4375 1.4375 2.5 2.5 2.5 2.625 2.625 2.25 2.25 2.25 2.0625 2.0625 1.3125 1.3125 1.3125 0.4375 0.4375 0.25 0.25 0.25 0.0625 0.0625 0 0 0 0 0 0 0 0 0 0 0 0 0 0 0 0 0 0 0 0 0
0.25 0.25 0.125 0.125 0.125 0 0 0 0 0 0 0 0 0 0 0 0 0 0 0 0 0 0.3125 0.3125 0.3125 0.375 0.375 0.375 0.375 0.375 0.25 0.25 0.3125 0.3125 0.3125 0.4375 0.4375 1 1 1 2.125 2.125 2.1875 2.1875 2.1875 2.0625 2.0625 1.9375 1.9375 1.9375 1.8125 1.8125 2.4375 2.4375 2.4375 2.5625 2.5625 1.375 1.375 1.375 0.4375 0.4375 0.5625 0.5625 0.5625 1.1875 1.1875 0.5 0.5 0.5 0 0 0 0 0 0 0 0 0 0 0 0 0 0 0 0 0 0 0 0 0 0 0
0.25 0.25 0.125 0.125 0.125 0 0 0 0 0 0 0 0 0 0 0 0 0 0 0 0 0 0.3125 0.3125 0.3125 0.375 0.375 0.375 0.375 0.375 0.25 0.25 0.3125 0.3125 0.3125 0.4375 0.4375 1 1 1 2.125 2.125 2.1875 2.1875 2.1875 2.0625 2.0625 1.9375 1.9375 1.9375 1.8125 1.8125 2.4375 2.4375 2.4375 2.5625 2.5625 1.375 1.375 1.375 0.4375 0.4375 0.5625 0.5625 0.5625 1.1875 1.1875 0.5 0.5 0.5 0 0 0 0 0 0 0 0 0 0 0 0 0 0 0 0 0 0 0 0 0 0 0
0.875 0.875 0.6875 0.6875 0.6875 0.1875 0.1875 0.25 0.25 0.25 0.125 0.125 0.0625 0.0625 0.0625 0 0 0 0 0 0 0 0 0 0 0.1875 0.1875 0.5 0.5 0.5 0.5 0.5 0.75 0.75 0.75 0.875 0.875 0.875 0.875 0.875 1 1 2.0625 2.0625 2.0625 5.0625 5.0625 3.375 3.375 3.375 3 3 3.1875 3.1875 3.1875 1.6875 1.6875 1.0625 1.0625 1.0625 1.8125 1.8125 1.9375 1.9375 1.9375 0.5625 0.5625 0.0625 0.0625 0.0625 0 0 0 0 0 0 0 0 0 0 0 0 0 0 0 0 0 0 0 0 0 0 0
