Data/APCP/20200108.f102.apcp.gfs.pakistan.txt
ncols        169
nrows        134
xllcorner    60.900000000000
yllcorner    23.700000000000
cellsize     0.100000000000
NODATA_value  -9999
[rows 43 to 85 of 134, columns 0 to 94 of 169]
0.0625 0.0625 0.625 0.625 0.625 1.0625 1.0625 2.0625 2.0625 2.0625 3.375 3.375 3.1875 3.1875 3.1875 2.8125 2.8125 2.125 2.125 2.125 1.3125 1.3125 1.625 1.625 1.625 2.9375 2.9375 8.9375 8.9375 8.9375 12.625 12.625 13.5 13.5 13.5 17.5625 17.5625 20 20 20 24.5625 24.5625 25.3125 25.3125 25.3125 14.5625 14.5625 7.875 7.875 7.875 2.4375 2.4375 1 1 1 3.4375 3.4375 6.4375 6.4375 6.4375 9.5625 9.5625 9.6875 9.6875 9.6875 9.125 9.125 8.8125 8.8125 8.8125 6.5 6.5 3.5 3.5 3.5 2.1875 2.1875 2.9375 2.9375 2.9375 4.125 4.125 4 4 4 3.4375 3.4375 2.8125 2.8125 2.8125 2.3125 2.3125 1.5 1.5 1.5
0.0625 0.0625 0.625 0.625 0.625 1.0625 1.0625 2.0625 2.0625 2.0625 3.375 3.375 3.1875 3.1875 3.1875 2.8125 2.8125 2.125 2.125 2.125 1.3125 1.3125 1.625 1.625 1.625 2.9375 2.9375 8.9375 8.9375 8.9375 12.625 12.625 13.5 13.5 13.5 17.5625 17.5625 20 20 20 24.5625 24.5625 25.3125 25.3125 25.3125 14.5625 14.5625 7.875 7.875 7.875 2.4375 2.4375 1 1 1 3.4375 3.4375 6.4375 6.4375 6.4375 9.5625 9.5625 9.6875 9.6875 9.6875 9.125 9.125 8.8125 8.8125 8.8125 6.5 6.5 3.5 3.5 3.5 2.1875 2.1875 2.9375 2.9375 2.9375 4.125 4.125 4 4 4 3.4375 3.4375 2.8125 2.8125 2.8125 2.3125 2.3125 1.5 1.5 1.5
0.1875 0.1875 0.6875 0.6875 0.6875 0.3125 0.3125 0.3125 0.3125 0.3125 0.6875 0.6875 1.375 1.375 1.375 2.5625 2.5625 3.875 3.875 3.875 1.625 1.625 1.6875 1.6875 1.6875 2.375 2.375 5.875 5.875 5.875 9 9 12.75 12.75 12.75 14.6875 14.6875 15.875 15.875 15.875 18.9375 18.9375 15.4375 15.4375 15.4375 9.5625 9.5625 5.8125 5.8125 5.8125 4.125 4.125 6.9375 6.9375 6.9375 12 12 10.5625 10.5625 10.5625 10.5 10.5 11.1875 11.1875 11.1875 8.1875 8.1875 6.375 6.375 6.375 3.3125 3.3125 2.4375 2.4375 2.4375 2.8125 2.8125 4.375 4.375 4.375 5.4375 5.4375 5.125 5.125 5.125 4.75 4.75 3.5 3.5 3.5 2.4375 2.4375 2 2 2
0.1875 0.1875 0.6875 0.6875 0.6875 0.3125 0.3125 0.3125 0.3125 0.3125 0.6875 0.6875 1.375 1.375 1.375 2.5625 2.5625 3.875 3.875 3.875 1.625 1.625 1.6875 1.6875 1.6875 2.375 2.375 5.875 5.875 5.875 9 9 12.75 12.75 12.75 14.6875 14.6875 15.875 15.875 15.875 18.9375 18.9375 15.4375 15.4375 15.4375 9.5625 9.5625 5.8125 5.8125 5.8125 4.125 4.125 6.9375 6.9375 6.9375 12 12 10.5625 10.5625 10.5625 10.5 10.5 11.1875 11.1875 11.1875 8.1875 8.1875 6.375 6.375 6.375 3.3125 3.3125 2.4375 2.4375 2.4375 2.8125 2.8125 4.375 4.375 4.375 5.4375 5.4375 5.125 5.125 5.125 4.75 4.75 3.5 3.5 3.5 2.4375 2.4375 2 2 2
0.0625 0.0625 0.125 0.125 0.125 0.0625 0.0625 0.0625 0.0625 0.0625 0.3125 0.3125 0.8125 0.8125 0.8125 1.4375 1.4375 1.8125 1.8125 1.8125 1.3125 1.3125 1.4375 1.4375 1.4375 1.75 1.75 3.375 3.375 3.375 6.1875 6.1875 9.5625 9.5625 9.5625 10.5 10.5 11.4375 11.4375 11.4375 13.4375 13.4375 12 12 12 13.6875 13.6875 10.125 10.125 10.125 11.1875 11.1875 12.0625 12.0625 12.0625 14.5625 14.5625 13.625 13.625 13.625 10.25 10.25 6.0625 6.0625 6.0625 3.6875 3.6875 2.75 2.75 2.75 2.6875 2.6875 3 3 3 3.75 3.75 5.125 5.125 5.125 6.375 6.375 6.3125 6.3125 6.3125 5.8125 5.8125 4 4 4 3.625 3.625 3 3 3
0.0625 0.0625 0.125 0.125 0.125 0.0625 0.0625 0.0625 0.0625 0.0625 0.3125 0.3125 0.8125 0.8125 0.8125 1.4375 1.4375 1.8125 1.8125 1.8125 1.3125 1.3125 1.4375 1.4375 1.4375 1.75 1.75 3.375 3.375 3.375 6.1875 6.1875 9.5625 9.5625 9.5625 10.5 10.5 11.4375 11.4375 11.4375 13.4375 13.4375 12 12 12 13.6875 13.6875 10.125 10.125 10.125 11.1875 11.1875 12.0625 12.0625 12.0625 14.5625 14.5625 13.625 13.625 13.625 10.25 10.25 6.0625 6.0625 6.0625 3.6875 3.6875 2.75 2.75 2.75 2.6875 2.6875 3 3 3 3.75 3.75 5.125 5.125 5.125 6.375 6.375 6.3125 6.3125 6.3125 5.8125 5.8125 4 4 4 3.625 3.625 3 3 3
0.0625 0.0625 0.125 0.125 0.125 0.0625 0.0625 0.0625 0.0625 0.0625 0.3125 0.3125 0.8125 0.8125 0.8125 1.4375 1.4375 1.8125 1.8125 1.8125 1.3125 1.3125 1.4375 1.4375 1.4375 1.75 1.75 3.375 3.375 3.375 6.1875 6.1875 9.5625 9.5625 9.5625 10.5 10.5 11.4375 11.4375 11.4375 13.4375 13.4375 12 12 12 13.6875 13.6875 10.125 10.125 10.125 11.1875 11.1875 12.0625 12.0625 12.0625 14.5625 14.5625 13.625 13.625 13.625 10.25 10.25 6.0625 6.0625 6.0625 3.6875 3.6875 2.75 2.75 2.75 2.6875 2.6875 3 3 3 3.75 3.75 5.125 5.125 5.125 6.375 6.375 6.3125 6.3125 6.3125 5.8125 5.8125 4 4 4 3.625 3.625 3 3 3
0 0 0 0 0 0 0 0 0 0 0.0625 0.0625 0.3125 0.3125 0.3125 0.5 0.5 0.4375 0.4375 0.4375 0.5625 0.5625 0.5 0.5 0.5 1 1 2.625 2.625 2.625 5.1875 5.1875 8.8125 8.8125 8.8125 12 12 13.5 13.5 13.5 13.5 13.5 16.375 16.375 16.375 14.8125 14.8125 10.1875 10.1875 10.1875 11.25 11.25 12.3125 12.3125 12.3125 15.25 15.25 12.8125 12.8125 12.8125 7.25 7.25 5.4375 5.4375 5.4375 4.4375 4.4375 3.625 3.625 3.625 4.125 4.125 4.6875 4.6875 4.6875 5.6875 5.6875 6.3125 6.3125 6.3125 7.625 7.625 8.375 8.375 8.375 7.5625 7.5625 6 6 6 6.5 6.5 4.75 4.75 4.75
0 0 0 0 0 0 0 0 0 0 0.0625 0.0625 0.3125 0.3125 0.3125 0.5 0.5 0.4375 0.4375 0.4375 0.5625 0.5625 0.5 0.5 0.5 1 1 2.625 2.625 2.625 5.1875 5.1875 8.8125 8.8125 8.8125 12 12 13.5 13.5 13.5 13.5 13.5 16.375 16.375 16.375 14.8125 14.8125 10.1875 10.1875 10.1875 11.25 11.25 12.3125 12.3125 12.3125 15.25 15.25 12.8125 12.8125 12.8125 7.25 7.25 5.4375 5.4375 5.4375 4.4375 4.4375 3.625 3.625 3.625 4.125 4.125 4.6875 4.6875 4.6875 5.6875 5.6875 6.3125 6.3125 6.3125 7.625 7.625 8.375 8.375 8.375 7.5625 7.5625 6 6 6 6.5 6.5 4.75 4.75 4.75
0 0 0 0 0 0 0 0 0 0 0 0 0.25 0.25 0.25 0.3125 0.3125 0.375 0.375 0.375 0.375 0.375 0.375 0.375 0.375 0.4375 0.4375 1.625 1.625 1.625 5.75 5.75 8.1875 8.1875 8.1875 8.6875 8.6875 10.25 10.25 10.25 13.125 13.125 12.75 12.75 12.75 7.8125 7.8125 8.0625 8.0625 8.0625 7.4375 7.4375 6.375 6.375 6.375 5.75 5.75 4.75 4.75 4.75 5.25 5.25 5.625 5.625 5.625 4.6875 4.6875 5.75 5.75 5.75 6.375 6.375 6.5 6.5 6.5 7.3125 7.3125 8 8 8 9 9 9.5625 9.5625 9.5625 8.4375 8.4375 7.75 7.75 7.75 8.4375 8.4375 5.5625 5.5625 5.5625
0 0 0 0 0 0 0 0 0 0 0 0 0.25 0.25 0.25 0.3125 0.3125 0.375 0.375 0.375 0.375 0.375 0.375 0.375 0.375 0.4375 0.4375 1.625 1.625 1.625 5.75 5.75 8.1875 8.1875 8.1875 8.6875 8.6875 10.25 10.25 10.25 13.125 13.125 12.75 12.75 12.75 7.8125 7.8125 8.0625 8.0625 8.0625 7.4375 7.4375 6.375 6.375 6.375 5.75 5.75 4.75 4.75 4.75 5.25 5.25 5.625 5.625 5.625 4.6875 4.6875 5.75 5.75 5.75 6.375 6.375 6.5 6.5 6.5 7.3125 7.3125 8 8 8 9 9 9.5625 9.5625 9.5625 8.4375 8.4375 7.75 7.75 7.75 8.4375 8.4375 5.5625 5.5625 5.5625
0 0 0 0 0 0 0 0 0 0 0 0 0.25 0.25 0.25 0.3125 0.3125 0.375 0.375 0.375 0.375 0.375 0.375 0.375 0.375 0.4375 0.4375 1.625 1.625 1.625 5.75 5.75 8.1875 8.1875 8.1875 8.6875 8.6875 10.25 10.25 10.25 13.125 13.125 12.75 12.75 12.75 7.8125 7.8125 8.0625 8.0625 8.0625 7.4375 7.4375 6.375 6.375 6.375 5.75 5.75 4.75 4.75 4.75 5.25 5.25 5.625 5.625 5.625 4.6875 4.6875 5.75 5.75 5.75 6.375 6.375 6.5 6.5 6.5 7.3125 7.3125 8 8 8 9 9 9.5625 9.5625 9.5625 8.4375 8.4375 7.75 7.75 7.75 8.4375 8.4375 5.5625 5.5625 5.5625
0 0 0 0 0 0 0 0 0 0 0 0 0.0625 0.0625 0.0625 0.3125 0.3125 0.5 0.5 0.5 0.3125 0.3125 0.4375 0.4375 0.4375 0.375 0.375 1.5 1.5 1.5 5.75 5.75 5.9375 5.9375 5.9375 5.875 5.875 7.5 7.5 7.5 7.6875 7.6875 5.0625 5.0625 5.0625 4.375 4.375 3.875 3.875 3.875 2.3125 2.3125 1.3125 1.3125 1.3125 1.375 1.375 1.8125 1.8125 1.8125 2.875 2.875 4.625 4.625 4.625 5.25 5.25 5.75 5.75 5.75 6.375 6.375 6.6875 6.6875 6.6875 6.125 6.125 6.875 6.875 6.875 7.9375 7.9375 8.75 8.75 8.75 8.375 8.375 8.125 8.125 8.125 7.6875 7.6875 4.8125 4.8125 4.8125
0 0 0 0 0 0 0 0 0 0 0 0 0.0625 0.0625 0.0625 0.3125 0.3125 0.5 0.5 0.5 0.3125 0.3125 0.4375 0.4375 0.4375 0.375 0.375 1.5 1.5 1.5 5.75 5.75 5.9375 5.9375 5.9375 5.875 5.875 7.5 7.5 7.5 7.6875 7.6875 5.0625 5.0625 5.0625 4.375 4.375 3.875 3.875 3.875 2.3125 2.3125 1.3125 1.3125 1.3125 1.375 1.375 1.8125 1.8125 1.8125 2.875 2.875 4.625 4.625 4.625 5.25 5.25 5.75 5.75 5.75 6.375 6.375 6.6875 6.6875 6.6875 6.125 6.125 6.875 6.875 6.875 7.9375 7.9375 8.75 8.75 8.75 8.375 8.375 8.125 8.125 8.125 7.6875 7.6875 4.8125 4.8125 4.8125
0.125 0.125 0 0 0 0 0 0 0 0 0 0 0 0 0 0.125 0.125 0.3125 0.3125 0.3125 0.3125 0.3125 0.375 0.375 0.375 0.25 0.25 1.8125 1.8125 1.8125 5.5625 5.5625 5.9375 5.9375 5.9375 6.9375 6.9375 7.625 7.625 7.625 6.6875 6.6875 5.1875 5.1875 5.1875 1.875 1.875 0.625 0.625 0.625 0.375 0.375 0.5 0.5 0.5 1.0625 1.0625 2.6875 2.6875 2.6875 4.9375 4.9375 5.8125 5.8125 5.8125 5.5 5.5 5 5 5 4.3125 4.3125 4.125 4.125 4.125 4.75 4.75 5.6875 5.6875 5.6875 7.3125 7.3125 8.0625 8.0625 8.0625 7.3125 7.3125 7.25 7.25 7.25 5.75 5.75 3.6875 3.6875 3.6875
0.125 0.125 0 0 0 0 0 0 0 0 0 0 0 0 0 0.125 0.125 0.3125 0.3125 0.3125 0.3125 0.3125 0.375 0.375 0.375 0.25 0.25 1.8125 1.8125 1.8125 5.5625 5.5625 5.9375 5.9375 5.9375 6.9375 6.9375 7.625 7.625 7.625 6.6875 6.6875 5.1875 5.1875 5.1875 1.875 1.875 0.625 0.625 0.625 0.375 0.375 0.5 0.5 0.5 1.0625 1.0625 2.6875 2.6875 2.6875 4.9375 4.9375 5.8125 5.8125 5.8125 5.5 5.5 5 5 5 4.3125 4.3125 4.125 4.125 4.125 4.75 4.75 5.6875 5.6875 5.6875 7.3125 7.3125 8.0625 8.0625 8.0625 7.3125 7.3125 7.25 7.25 7.25 5.75 5.75 3.6875 3.6875 3.6875
0.125 0.125 0 0 0 0 0 0 0 0 0 0 0 0 0 0.125 0.125 0.3125 0.3125 0.3125 0.3125 0.3125 0.375 0.375 0.375 0.25 0.25 1.8125 1.8125 1.8125 5.5625 5.5625 5.9375 5.9375 5.9375 6.9375 6.9375 7.625 7.625 7.625 6.6875 6.6875 5.1875 5.1875 5.1875 1.875 1.875 0.625 0.625 0.625 0.375 0.375 0.5 0.5 0.5 1.0625 1.0625 2.6875 2.6875 2.6875 4.9375 4.9375 5.8125 5.8125 5.8125 5.5 5.5 5 5 5 4.3125 4.3125 4.125 4.125 4.125 4.75 4.75 5.6875 5.6875 5.6875 7.3125 7.3125 8.0625 8.0625 8.0625 7.3125 7.3125 7.25 7.25 7.25 5.75 5.75 3.6875 3.6875 3.6875
0.3125 0.3125 0.0625 0.0625 0.0625 0 0 0 0 0 0 0 0 0 0 0 0 0 0 0 0.1875 0.1875 0.1875 0.1875 0.1875 0.8125 0.8125 3.6875 3.6875 3.6875 5.25 5.25 5 5 5 6.8125 6.8125 8.625 8.625 8.625 7.875 7.875 2.25 2.25 2.25 0.375 0.375 0.25 0.25 0.25 0.375 0.375 1.1875 1.1875 1.1875 3.125 3.125 6.1875 6.1875 6.1875 7.6875 7.6875 8 8 8 7.8125 7.8125 7.25 7.25 7.25 7.1875 7.1875 7.25 7.25 7.25 8.125 8.125 7.9375 7.9375 7.9375 7.6875 7.6875 5.8125 5.8125 5.8125 4.875 4.875 5 5 5 3.75 3.75 2.3125 2.3125 2.3125
0.3125 0.3125 0.0625 0.0625 0.0625 0 0 0 0 0 0 0 0 0 0 0 0 0 0 0 0.1875 0.1875 0.1875 0.1875 0.1875 0.8125 0.8125 3.6875 3.6875 3.6875 5.25 5.25 5 5 5 6.8125 6.8125 8.625 8.625 8.625 7.875 7.875 2.25 2.25 2.25 0.375 0.375 0.25 0.25 0.25 0.375 0.375 1.1875 1.1875 1.1875 3.125 3.125 6.1875 6.1875 6.1875 7.6875 7.6875 8 8 8 7.8125 7.8125 7.25 7.25 7.25 7.1875 7.1875 7.25 7.25 7.25 8.125 8.125 7.9375 7.9375 7.9375 7.6875 7.6875 5.8125 5.8125 5.8125 4.875 4.875 5 5 5 3.75 3.75 2.3125 2.3125 2.3125
0.0625 0.0625 0 0 0 0 0 0 0 0 0 0 0.0625 0.0625 0.0625 0 0 0 0 0 0 0 0.1875 0.1875 0.1875 1.6875 1.6875 2.25 2.25 2.25 1.6875 1.6875 3.6875 3.6875 3.6875 10.1875 10.1875 9.4375 9.4375 9.4375 2.1875 2.1875 0.5 0.5 0.5 0.4375 0.4375 0.625 0.625 0.625 1.5 1.5 3.3125 3.3125 3.3125 6.6875 6.6875 8.8125 8.8125 8.8125 9.8125 9.8125 10.75 10.75 10.75 10.625 10.625 8.625 8.625 8.625 6.125 6.125 4.75 4.75 4.75 5.125 5.125 5.125 5.125 5.125 3.875 3.875 3.375 3.375 3.375 3.625 3.625 3.125 3.125 3.125 2.1875 2.1875 1.5 1.5 1.5
0.0625 0.0625 0 0 0 0 0 0 0 0 0 0 0.0625 0.0625 0.0625 0 0 0 0 0 0 0 0.1875 0.1875 0.1875 1.6875 1.6875 2.25 2.25 2.25 1.6875 1.6875 3.6875 3.6875 3.6875 10.1875 10.1875 9.4375 9.4375 9.4375 2.1875 2.1875 0.5 0.5 0.5 0.4375 0.4375 0.625 0.625 0.625 1.5 1.5 3.3125 3.3125 3.3125 6.6875 6.6875 8.8125 8.8125 8.8125 9.8125 9.8125 10.75 10.75 10.75 10.625 10.625 8.625 8.625 8.625 6.125 6.125 4.75 4.75 4.75 5.125 5.125 5.125 5.125 5.125 3.875 3.875 3.375 3.375 3.375 3.625 3.625 3.125 3.125 3.125 2.1875 2.1875 1.5 1.5 1.5
0.0625 0.0625 0 0 0 0 0 0 0 0 0 0 0.0625 0.0625 0.0625 0 0 0 0 0 0 0 0.1875 0.1875 0.1875 1.6875 1.6875 2.25 2.25 2.25 1.6875 1.6875 3.6875 3.6875 3.6875 10.1875 10.1875 9.4375 9.4375 9.4375 2.1875 2.1875 0.5 0.5 0.5 0.4375 0.4375 0.625 0.625 0.625 1.5 1.5 3.3125 3.3125 3.3125 6.6875 6.6875 8.8125 8.8125 8.8125 9.8125 9.8125 10.75 10.75 10.75 10.625 10.625 8.625 8.625 8.625 6.125 6.125 4.75 4.75 4.75 5.125 5.125 5.125 5.125 5.125 3.875 3.875 3.375 3.375 3.375 3.625 3.625 3.125 3.125 3.125 2.1875 2.1875 1.5 1.5 1.5
0 0 0 0 0 0 0 0 0 0 0 0 0 0 0 0 0 0 0 0 0 0 0.25 0.25 0.25 0.6875 0.6875 0.5 0.5 0.5 1 1 6.375 6.375 6.375 9.1875 9.1875 2.4375 2.4375 2.4375 0.8125 0.8125 0.75 0.75 0.75 0.8125 0.8125 1.5625 1.5625 1.5625 3 3 4.875 4.875 4.875 8.6875 8.6875 10.0625 10.0625 10.0625 9.9375 9.9375 9.5625 9.5625 9.5625 8.1875 8.1875 7.625 7.625 7.625 6.875 6.875 6.5 6.5 6.5 5.6875 5.6875 4.0625 4.0625 4.0625 2.9375 2.9375 2.8125 2.8125 2.8125 2.4375 2.4375 1.9375 1.9375 1.9375 1.5625 1.5625 1 1 1
0 0 0 0 0 0 0 0 0 0 0 0 0 0 0 0 0 0 0 0 0 0 0.25 0.25 0.25 0.6875 0.6875 0.5 0.5 0.5 1 1 6.375 6.375 6.375 9.1875 9.1875 2.4375 2.4375 2.4375 0.8125 0.8125 0.75 0.75 0.75 0.8125 0.8125 1.5625 1.5625 1.5625 3 3 4.875 4.875 4.875 8.6875 8.6875 10.0625 10.0625 10.0625 9.9375 9.9375 9.5625 9.5625 9.5625 8.1875 8.1875 7.625 7.625 7.625 6.875 6.875 6.5 6.5 6.5 5.6875 5.6875 4.0625 4.0625 4.0625 2.9375 2.9375 2.8125 2.8125 2.8125 2.4375 2.4375 1.9375 1.9375 1.9375 1.5625 1.5625 1 1 1
0 0 0 0 0 0 0 0 0 0 0 0 0 0 0 0 0 0 0 0 0 0 0.125 0.125 0.125 0.3125 0.3125 0.875 0.875 0.875 1.875 1.875 3.0625 3.0625 3.0625 1.8125 1.8125 1.1875 1.1875 1.1875 0.6875 0.6875 0.5625 0.5625 0.5625 1.0625 1.0625 2.1875 2.1875 2.1875 3.1875 3.1875 5.3125 5.3125 5.3125 8.1875 8.1875 9.9375 9.9375 9.9375 10 10 10.375 10.375 10.375 11.0625 11.0625 11.75 11.75 11.75 12.0625 12.0625 10.9375 10.9375 10.9375 6.625 6.625 3.875 3.875 3.875 2.875 2.875 2.0625 2.0625 2.0625 1.5625 1.5625 1.375 1.375 1.375 1.125 1.125 0.625 0.625 0.625
0 0 0 0 0 0 0 0 0 0 0 0 0 0 0 0 0 0 0 0 0 0 0.125 0.125 0.125 0.3125 0.3125 0.875 0.875 0.875 1.875 1.875 3.0625 3.0625 3.0625 1.8125 1.8125 1.1875 1.1875 1.1875 0.6875 0.6875 0.5625 0.5625 0.5625 1.0625 1.0625 2.1875 2.1875 2.1875 3.1875 3.1875 5.3125 5.3125 5.3125 8.1875 8.1875 9.9375 9.9375 9.9375 10 10 10.375 10.375 10.375 11.0625 11.0625 11.75 11.75 11.75 12.0625 12.0625 10.9375 10.9375 10.9375 6.625 6.625 3.875 3.875 3.875 2.875 2.875 2.0625 2.0625 2.0625 1.5625 1.5625 1.375 1.375 1.375 1.125 1.125 0.625 0.625 0.625
0 0 0 0 0 0 0 0 0 0 0 0 0 0 0 0 0 0 0 0 0 0 0.125 0.125 0.125 0.3125 0.3125 0.875 0.875 0.875 1.875 1.875 3.0625 3.0625 3.0625 1.8125 1.8125 1.1875 1.1875 1.1875 0.6875 0.6875 0.5625 0.5625 0.5625 1.0625 1.0625 2.1875 2.1875 2.1875 3.1875 3.1875 5.3125 5.3125 5.3125 8.1875 8.1875 9.9375 9.9375 9.9375 10 10 10.375 10.375 10.375 11.0625 11.0625 11.75 11.75 11.75 12.0625 12.0625 10.9375 10.9375 10.9375 6.625 6.625 3.875 3.875 3.875 2.875 2.875 2.0625 2.0625 2.0625 1.5625 1.5625 1.375 1.375 1.375 1.125 1.125 0.625 0.625 0.625
0 0 0 0 0 0 0 0 0 0 0 0 0 0 0 0 0 0 0 0 0.1875 0.1875 1.25 1.25 1.25 2.5 2.5 3.125 3.125 3.125 2.875 2.875 2.3125 2.3125 2.3125 1.6875 1.6875 0.9375 0.9375 0.9375 0.5 0.5 0.75 0.75 0.75 1.375 1.375 2.6875 2.6875 2.6875 3.1875 3.1875 6.4375 6.4375 6.4375 10.0625 10.0625 12.75 12.75 12.75 12.8125 12.8125 13.125 13.125 13.125 11.5625 11.5625 6.875 6.875 6.875 4.875 4.875 4.9375 4.9375 4.9375 4.625 4.625 4 4 4 2.6875 2.6875 1.625 1.625 1.625 1.0625 1.0625 0.8125 0.8125 0.8125 0.625 0.625 0.1875 0.1875 0.1875
0 0 0 0 0 0 0 0 0 0 0 0 0 0 0 0 0 0 0 0 0.1875 0.1875 1.25 1.25 1.25 2.5 2.5 3.125 3.125 3.125 2.875 2.875 2.3125 2.3125 2.3125 1.6875 1.6875 0.9375 0.9375 0.9375 0.5 0.5 0.75 0.75 0.75 1.375 1.375 2.6875 2.6875 2.6875 3.1875 3.1875 6.4375 6.4375 6.4375 10.0625 10.0625 12.75 12.75 12.75 12.8125 12.8125 13.125 13.125 13.125 11.5625 11.5625 6.875 6.875 6.875 4.875 4.875 4.9375 4.9375 4.9375 4.625 4.625 4 4 4 2.6875 2.6875 1.625 1.625 1.625 1.0625 1.0625 0.8125 0.8125 0.8125 0.625 0.625 0.1875 0.1875 0.1875
0 0 0 0 0 0 0 0 0 0 0 0 0 0 0 0 0 0.0625 0.0625 0.0625 1.4375 1.4375 2.8125 2.8125 2.8125 2.8125 2.8125 2.3125 2.3125 2.3125 1.125 1.125 1.25 1.25 1.25 1.4375 1.4375 1.5 1.5 1.5 1.5625 1.5625 1.125 1.125 1.125 1.6875 1.6875 2.5625 2.5625 2.5625 3.875 3.875 8.125 8.125 8.125 13.6875 13.6875 15.4375 15.4375 15.4375 14.25 14.25 12.375 12.375 12.375 6.5 6.5 2.625 2.625 2.625 1.6875 1.6875 1.8125 1.8125 1.8125 2.8125 2.8125 2.5625 2.5625 2.5625 1.625 1.625 0.875 0.875 0.875 0.4375 0.4375 0.25 0.25 0.25 0.125 0.125 0 0 0
0 0 0 0 0 0 0 0 0 0 0 0 0 0 0 0 0 0.0625 0.0625 0.0625 1.4375 1.4375 2.8125 2.8125 2.8125 2.8125 2.8125 2.3125 2.3125 2.3125 1.125 1.125 1.25 1.25 1.25 1.4375 1.4375 1.5 1.5 1.5 1.5625 1.5625 1.125 1.125 1.125 1.6875 1.6875 2.5625 2.5625 2.5625 3.875 3.875 8.125 8.125 8.125 13.6875 13.6875 15.4375 15.4375 15.4375 14.25 14.25 12.375 12.375 12.375 6.5 6.5 2.625 2.625 2.625 1.6875 1.6875 1.8125 1.8125 1.8125 2.8125 2.8125 2.5625 2.5625 2.5625 1.625 1.625 0.875 0.875 0.875 0.4375 0.4375 0.25 0.25 0.25 0.125 0.125 0 0 0
0 0 0 0 0 0 0 0 0 0 0 0 0 0 0 0 0 0.0625 0.0625 0.0625 1.4375 1.4375 2.8125 2.8125 2.8125 2.8125 2.8125 2.3125 2.3125 2.3125 1.125 1.125 1.25 1.25 1.25 1.4375 1.4375 1.5 1.5 1.5 1.5625 1.5625 1.125 1.125 1.125 1.6875 1.6875 2.5625 2.5625 2.5625 3.875 3.875 8.125 8.125 8.125 13.6875 13.6875 15.4375 15.4375 15.4375 14.25 14.25 12.375 12.375 12.375 6.5 6.5 2.625 2.625 2.625 1.6875 1.6875 1.8125 1.8125 1.8125 2.8125 2.8125 2.5625 2.5625 2.5625 1.625 1.625 0.875 0.875 0.875 0.4375 0.4375 0.25 0.25 0.25 0.125 0.125 0 0 0
0 0 0 0 0 0 0 0 0 0 0 0 0 0 0 0.0625 0.0625 0.625 0.625 0.625 1.8125 1.8125 2.5 2.5 2.5 2.25 2.25 1.375 1.375 1.375 1.1875 1.1875 1.875 1.875 1.875 2.3125 2.3125 2.5 2.5 2.5 1.5 1.5 1.1875 1.1875 1.1875 2.125 2.125 3.125 3.125 3.125 5.375 5.375 10.125 10.125 10.125 14.375 14.375 15.75 15.75 15.75 15.9375 15.9375 13.5625 13.5625 13.5625 5.375 5.375 1.625 1.625 1.625 1.4375 1.4375 1.1875 1.1875 1.1875 0.9375 0.9375 0.75 0.75 0.75 0.4375 0.4375 0.1875 0.1875 0.1875 0.0625 0.0625 0 0 0 0 0 0 0 0
0 0 0 0 0 0 0 0 0 0 0 0 0 0 0 0.0625 0.0625 0.625 0.625 0.625 1.8125 1.8125 2.5 2.5 2.5 2.25 2.25 1.375 1.375 1.375 1.1875 1.1875 1.875 1.875 1.875 2.3125 2.3125 2.5 2.5 2.5 1.5 1.5 1.1875 1.1875 1.1875 2.125 2.125 3.125 3.125 3.125 5.375 5.375 10.125 10.125 10.125 14.375 14.375 15.75 15.75 15.75 15.9375 15.9375 13.5625 13.5625 13.5625 5.375 5.375 1.625 1.625 1.625 1.4375 1.4375 1.1875 1.1875 1.1875 0.9375 0.9375 0.75 0.75 0.75 0.4375 0.4375 0.1875 0.1875 0.1875 0.0625 0.0625 0 0 0 0 0 0 0 0
0 0 0 0 0 0 0 0 0 0 0 0 0 0 0 0.1875 0.1875 0.75 0.75 0.75 1.3125 1.3125 1.75 1.75 1.75 1.8125 1.8125 1.625 1.625 1.625 1.6875 1.6875 1.4375 1.4375 1.4375 1.5 1.5 1.25 1.25 1.25 1.3125 1.3125 2.375 2.375 2.375 3.4375 3.4375 4.75 4.75 4.75 8.4375 8.4375 12.6875 12.6875 12.6875 14 14 14.8125 14.8125 14.8125 16.3125 16.3125 12.375 12.375 12.375 3.5 3.5 1.625 1.625 1.625 1.25 1.25 0.5 0.5 0.5 0.125 0.125 0.125 0.125 0.125 0.0625 0.0625 0 0 0 0 0 0 0 0 0 0 0 0 0
0 0 0 0 0 0 0 0 0 0 0 0 0 0 0 0.1875 0.1875 0.75 0.75 0.75 1.3125 1.3125 1.75 1.75 1.75 1.8125 1.8125 1.625 1.625 1.625 1.6875 1.6875 1.4375 1.4375 1.4375 1.5 1.5 1.25 1.25 1.25 1.3125 1.3125 2.375 2.375 2.375 3.4375 3.4375 4.75 4.75 4.75 8.4375 8.4375 12.6875 12.6875 12.6875 14 14 14.8125 14.8125 14.8125 16.3125 16.3125 12.375 12.375 12.375 3.5 3.5 1.625 1.625 1.625 1.25 1.25 0.5 0.5 0.5 0.125 0.125 0.125 0.125 0.125 0.0625 0.0625 0 0 0 0 0 0 0 0 0 0 0 0 0
0 0 0 0 0 0 0 0 0 0 0 0 0 0 0 0.1875 0.1875 0.75 0.75 0.75 1.3125 1.3125 1.75 1.75 1.75 1.8125 1.8125 1.625 1.625 1.625 1.6875 1.6875 1.4375 1.4375 1.4375 1.5 1.5 1.25 1.25 1.25 1.3125 1.3125 2.375 2.375 2.375 3.4375 3.4375 4.75 4.75 4.75 8.4375 8.4375 12.6875 12.6875 12.6875 14 14 14.8125 14.8125 14.8125 16.3125 16.3125 12.375 12.375 12.375 3.5 3.5 1.625 1.625 1.625 1.25 1.25 0.5 0.5 0.5 0.125 0.125 0.125 0.125 0.125 0.0625 0.0625 0 0 0 0 0 0 0 0 0 0 0 0 0
0.125 0.125 0 0 0 0 0 0 0 0 0 0 0 0 0 0.0625 0.0625 0.4375 0.4375 0.4375 0.75 0.75 0.875 0.875 0.875 0.875 0.875 1 1 1 1.0625 1.0625 0.75 0.75 0.75 0.625 0.625 0.9375 0.9375 0.9375 2.875 2.875 6.875 6.875 6.875 7.625 7.625 7.4375 7.4375 7.4375 10.4375 10.4375 13 13 13 13.375 13.375 16.4375 16.4375 16.4375 17.625 17.625 10.6875 10.6875 10.6875 2.6875 2.6875 1.125 1.125 1.125 0.5 0.5 0.0625 0.0625 0.0625 0 0 0 0 0 0 0 0 0 0 0 0 0 0 0 0 0 0 0 0
0.125 0.125 0 0 0 0 0 0 0 0 0 0 0 0 0 0.0625 0.0625 0.4375 0.4375 0.4375 0.75 0.75 0.875 0.875 0.875 0.875 0.875 1 1 1 1.0625 1.0625 0.75 0.75 0.75 0.625 0.625 0.9375 0.9375 0.9375 2.875 2.875 6.875 6.875 6.875 7.625 7.625 7.4375 7.4375 7.4375 10.4375 10.4375 13 13 13 13.375 13.375 16.4375 16.4375 16.4375 17.625 17.625 10.6875 10.6875 10.6875 2.6875 2.6875 1.125 1.125 1.125 0.5 0.5 0.0625 0.0625 0.0625 0 0 0 0 0 0 0 0 0 0 0 0 0 0 0 0 0 0 0 0
0.1875 0.1875 0 0 0 0 0 0 0 0 0 0 0 0 0 0 0 0.0625 0.0625 0.0625 0.25 0.25 0.3125 0.3125 0.3125 0.1875 0.1875 0.125 0.125 0.125 0.25 0.25 0.3125 0.3125 0.3125 0.75 0.75 2.125 2.125 2.125 6.0625 6.0625 11.0625 11.0625 11.0625 10.875 10.875 9.9375 9.9375 9.9375 10.25 10.25 10.6875 10.6875 10.6875 15.125 15.125 20.375 20.375 20.375 17.125 17.125 7.4375 7.4375 7.4375 1.625 1.625 0.6875 0.6875 0.6875 0.1875 0.1875 0 0 0 0 0 0 0 0 0 0 0 0 0 0 0 0 0 0 0 0 0 0 0
0.1875 0.1875 0 0 0 0 0 0 0 0 0 0 0 0 0 0 0 0.0625 0.0625 0.0625 0.25 0.25 0.3125 0.3125 0.3125 0.1875 0.1875 0.125 0.125 0.125 0.25 0.25 0.3125 0.3125 0.3125 0.75 0.75 2.125 2.125 2.125 6.0625 6.0625 11.0625 11.0625 11.0625 10.875 10.875 9.9375 9.9375 9.9375 10.25 10.25 10.6875 10.6875 10.6875 15.125 15.125 20.375 20.375 20.375 17.125 17.125 7.4375 7.4375 7.4375 1.625 1.625 0.6875 0.6875 0.6875 0.1875 0.1875 0 0 0 0 0 0 0 0 0 0 0 0 0 0 0 0 0 0 0 0 0 0 0
0.1875 0.1875 0 0 0 0 0 0 0 0 0 0 0 0 0 0 0 0.0625 0.0625 0.0625 0.25 0.25 0.3125 0.3125 0.3125 0.1875 0.1875 0.125 0.125 0.125 0.25 0.25 0.3125 0.3125 0.3125 0.75 0.75 2.125 2.125 2.125 6.0625 6.0625 11.0625 11.0625 11.0625 10.875 10.875 9.9375 9.9375 9.9375 10.25 10.25 10.6875 10.6875 10.6875 15.125 15.125 20.375 20.375 20.375 17.125 17.125 7.4375 7.4375 7.4375 1.625 1.625 0.6875 0.6875 0.6875 0.1875 0.1875 0 0 0 0 0 0 0 0 0 0 0 0 0 0 0 0 0 0 0 0 0 0 0
0.125 0.125 0 0 0 0 0 0 0 0 0 0 0 0 0 0 0 0 0 0 0.0625 0.0625 0.125 0.125 0.125 0.125 0.125 0.125 0.125 0.125 0.1875 0.1875 0.25 0.25 0.25 1.0625 1.0625 3.25 3.25 3.25 7.9375 7.9375 11.5 11.5 11.5 10.375 10.375 10.1875 10.1875 10.1875 13.0625 13.0625 15.375 15.375 15.375 19.5625 19.5625 18 18 18 11.125 11.125 3.875 3.875 3.875 1.125 1.125 0.375 0.375 0.375 0.0625 0.0625 0 0 0 0 0 0 0 0 0 0 0 0 0 0 0 0 0 0 0 0 0 0 0
