Data/APCP/20200108.L3.apcp.gfs.pakistan.txt
ncols    	169
nrows    	134
xllcorner	60.9
yllcorner	23.7
cellsize 	0.1
NODATA_value  -9999
[rows 84 to 111 of 134, columns 0 to 62 of 169]
8.578125 8.578125 8.328125 8.328125 8.328125 6.312500 6.312500 3.203125 3.203125 3.203125 1.953125 1.953125 2.742188 2.742188 2.742188 3.164062 3.164062 2.750000 2.750000 2.750000 2.117188 2.117188 2.289062 2.289062 2.289062 3.601562 3.601562 4.320312 4.320312 4.320312 3.812500 3.812500 3.507812 3.507812 3.507812 3.335938 3.335938 3.320312 3.320312 3.320312 3.500000 3.500000 3.242188 3.242188 3.242188 1.859375 1.859375 1.351562 1.351562 1.351562 2.289062 2.289062 2.898438 2.898438 2.898438 3.507812 3.507812 3.820312 3.820312 3.820312 2.031250 2.031250 0.523438
9.007812 9.007812 9.945312 9.945312 9.945312 7.531250 7.531250 3.929688 3.929688 3.929688 2.156250 2.156250 3.078125 3.078125 3.078125 3.109375 3.109375 2.773438 2.773438 2.773438 2.937500 2.937500 3.226562 3.226562 3.226562 3.757812 3.757812 3.843750 3.843750 3.843750 4.195312 4.195312 4.023438 4.023438 4.023438 3.328125 3.328125 2.804688 2.804688 2.804688 2.242188 2.242188 2.007812 2.007812 2.007812 2.007812 2.007812 2.812500 2.812500 2.812500 3.976562 3.976562 4.132812 4.132812 4.132812 3.421875 3.421875 2.117188 2.117188 2.117188 0.929688 0.929688 0.226562
9.007812 9.007812 9.945312 9.945312 9.945312 7.531250 7.531250 3.929688 3.929688 3.929688 2.156250 2.156250 3.078125 3.078125 3.078125 3.109375 3.109375 2.773438 2.773438 2.773438 2.937500 2.937500 3.226562 3.226562 3.226562 3.757812 3.757812 3.843750 3.843750 3.843750 4.195312 4.195312 4.023438 4.023438 4.023438 3.328125 3.328125 2.804688 2.804688 2.804688 2.242188 2.242188 2.007812 2.007812 2.007812 2.007812 2.007812 2.812500 2.812500 2.812500 3.976562 3.976562 4.132812 4.132812 4.132812 3.421875 3.421875 2.117188 2.117188 2.117188 0.929688 0.929688 0.226562
8.726562 8.726562 8.585938 8.585938 8.585938 7.453125 7.453125 5.578125 5.578125 5.578125 3.679688 3.679688 3.187500 3.187500 3.187500 2.781250 2.781250 3.000000 3.000000 3.000000 3.664062 3.664062 3.960938 3.960938 3.960938 4.867188 4.867188 5.000000 5.000000 5.000000 4.132812 4.132812 3.281250 3.281250 3.281250 2.523438 2.523438 1.992188 1.992188 1.992188 2.062500 2.062500 2.773438 2.773438 2.773438 3.179688 3.179688 3.593750 3.593750 3.593750 3.539062 3.539062 2.679688 2.679688 2.679688 1.367188 1.367188 0.609375 0.609375 0.609375 0.265625 0.265625 0.039062
8.726562 8.726562 8.585938 8.585938 8.585938 7.453125 7.453125 5.578125 5.578125 5.578125 3.679688 3.679688 3.187500 3.187500 3.187500 2.781250 2.781250 3.000000 3.000000 3.000000 3.664062 3.664062 3.960938 3.960938 3.960938 4.867188 4.867188 5.000000 5.000000 5.000000 4.132812 4.132812 3.281250 3.281250 3.281250 2.523438 2.523438 1.992188 1.992188 1.992188 2.062500 2.062500 2.773438 2.773438 2.773438 3.179688 3.179688 3.593750 3.593750 3.593750 3.539062 3.539062 2.679688 2.679688 2.679688 1.367188 1.367188 0.609375 0.609375 0.609375 0.265625 0.265625 0.039062
8.726562 8.726562 8.585938 8.585938 8.585938 7.453125 7.453125 5.578125 5.578125 5.578125 3.679688 3.679688 3.187500 3.187500 3.187500 2.781250 2.781250 3.000000 3.000000 3.000000 3.664062 3.664062 3.960938 3.960938 3.960938 4.867188 4.867188 5.000000 5.000000 5.000000 4.132812 4.132812 3.281250 3.281250 3.281250 2.523438 2.523438 1.992188 1.992188 1.992188 2.062500 2.062500 2.773438 2.773438 2.773438 3.179688 3.179688 3.593750 3.593750 3.593750 3.539062 3.539062 2.679688 2.679688 2.679688 1.367188 1.367188 0.609375 0.609375 0.609375 0.265625 0.265625 0.039062
10.632812 10.632812 9.531250 9.531250 9.531250 7.968750 7.968750 8.187500 8.187500 8.187500 6.500000 6.500000 4.265625 4.265625 4.265625 3.898438 3.898438 3.671875 3.671875 3.671875 3.679688 3.679688 4.960938 4.960938 4.960938 4.937500 4.937500 4.273438 4.273438 4.273438 3.273438 3.273438 2.320312 2.320312 2.320312 1.718750 1.718750 1.820312 1.820312 1.820312 1.828125 1.828125 1.664062 1.664062 1.664062 1.570312 1.570312 1.875000 1.875000 1.875000 1.710938 1.710938 0.968750 0.968750 0.968750 0.414062 0.414062 0.195312 0.195312 0.195312 0.070312 0.070312 0.007812
10.632812 10.632812 9.531250 9.531250 9.531250 7.968750 7.968750 8.187500 8.187500 8.187500 6.500000 6.500000 4.265625 4.265625 4.265625 3.898438 3.898438 3.671875 3.671875 3.671875 3.679688 3.679688 4.960938 4.960938 4.960938 4.937500 4.937500 4.273438 4.273438 4.273438 3.273438 3.273438 2.320312 2.320312 2.320312 1.718750 1.718750 1.820312 1.820312 1.820312 1.828125 1.828125 1.664062 1.664062 1.664062 1.570312 1.570312 1.875000 1.875000 1.875000 1.710938 1.710938 0.968750 0.968750 0.968750 0.414062 0.414062 0.195312 0.195312 0.195312 0.070312 0.070312 0.007812
12.085938 12.085938 10.601562 10.601562 10.601562 9.851562 9.851562 9.789062 9.789062 9.789062 8.218750 8.218750 6.914062 6.914062 6.914062 4.984375 4.984375 3.351562 3.351562 3.351562 3.359375 3.359375 3.359375 3.359375 3.359375 2.195312 2.195312 1.562500 1.562500 1.562500 1.132812 1.132812 0.843750 0.843750 0.843750 0.859375 0.859375 0.828125 0.828125 0.828125 0.679688 0.679688 0.984375 0.984375 0.984375 1.398438 1.398438 0.976562 0.976562 0.976562 0.429688 0.429688 0.164062 0.164062 0.164062 0.078125 0.078125 0.039062 0.039062 0.039062 0.015625 0.015625 0.000000
12.085938 12.085938 10.601562 10.601562 10.601562 9.851562 9.851562 9.789062 9.789062 9.789062 8.218750 8.218750 6.914062 6.914062 6.914062 4.984375 4.984375 3.351562 3.351562 3.351562 3.359375 3.359375 3.359375 3.359375 3.359375 2.195312 2.195312 1.562500 1.562500 1.562500 1.132812 1.132812 0.843750 0.843750 0.843750 0.859375 0.859375 0.828125 0.828125 0.828125 0.679688 0.679688 0.984375 0.984375 0.984375 1.398438 1.398438 0.976562 0.976562 0.976562 0.429688 0.429688 0.164062 0.164062 0.164062 0.078125 0.078125 0.039062 0.039062 0.039062 0.015625 0.015625 0.000000
12.085938 12.085938 10.601562 10.601562 10.601562 9.851562 9.851562 9.789062 9.789062 9.789062 8.218750 8.218750 6.914062 6.914062 6.914062 4.984375 4.984375 3.351562 3.351562 3.351562 3.359375 3.359375 3.359375 3.359375 3.359375 2.195312 2.195312 1.562500 1.562500 1.562500 1.132812 1.132812 0.843750 0.843750 0.843750 0.859375 0.859375 0.828125 0.828125 0.828125 0.679688 0.679688 0.984375 0.984375 0.984375 1.398438 1.398438 0.976562 0.976562 0.976562 0.429688 0.429688 0.164062 0.164062 0.164062 0.078125 0.078125 0.039062 0.039062 0.039062 0.015625 0.015625 0.000000
11.414062 11.414062 10.937500 10.937500 10.937500 10.156250 10.156250 8.140625 8.140625 8.140625 7.820312 7.820312 7.453125 7.453125 7.453125 5.812500 5.812500 4.054688 4.054688 4.054688 3.414062 3.414062 2.914062 2.914062 2.914062 2.304688 2.304688 2.132812 2.132812 2.132812 1.929688 1.929688 1.609375 1.609375 1.609375 1.226562 1.226562 1.195312 1.195312 1.195312 1.570312 1.570312 1.718750 1.718750 1.718750 1.242188 1.242188 0.539062 0.539062 0.539062 0.109375 0.109375 0.007812 0.007812 0.007812 0.007812 0.007812 0.000000 0.000000 0.000000 0.000000 0.000000 0.000000
11.414062 11.414062 10.937500 10.937500 10.937500 10.156250 10.156250 8.140625 8.140625 8.140625 7.820312 7.820312 7.453125 7.453125 7.453125 5.812500 5.812500 4.054688 4.054688 4.054688 3.414062 3.414062 2.914062 2.914062 2.914062 2.304688 2.304688 2.132812 2.132812 2.132812 1.929688 1.929688 1.609375 1.609375 1.609375 1.226562 1.226562 1.195312 1.195312 1.195312 1.570312 1.570312 1.718750 1.718750 1.718750 1.242188 1.242188 0.539062 0.539062 0.539062 0.109375 0.109375 0.007812 0.007812 0.007812 0.007812 0.007812 0.000000 0.000000 0.000000 0.000000 0.000000 0.000000
7.406250 7.406250 7.859375 7.859375 7.859375 7.664062 7.664062 7.515625 7.515625 7.515625 6.648438 6.648438 6.281250 6.281250 6.281250 5.835938 5.835938 4.828125 4.828125 4.828125 4.195312 4.195312 3.960938 3.960938 3.960938 5.085938 5.085938 5.640625 5.640625 5.640625 4.828125 4.828125 3.281250 3.281250 3.281250 2.500000 2.500000 2.296875 2.296875 2.296875 1.820312 1.820312 1.109375 1.109375 1.109375 0.625000 0.625000 0.210938 0.210938 0.210938 0.046875 0.046875 0.054688 0.054688 0.054688 0.046875 0.046875 0.046875 0.046875 0.046875 0.031250 0.031250 0.015625
7.406250 7.406250 7.859375 7.859375 7.859375 7.664062 7.664062 7.515625 7.515625 7.515625 6.648438 6.648438 6.281250 6.281250 6.281250 5.835938 5.835938 4.828125 4.828125 4.828125 4.195312 4.195312 3.960938 3.960938 3.960938 5.085938 5.085938 5.640625 5.640625 5.640625 4.828125 4.828125 3.281250 3.281250 3.281250 2.500000 2.500000 2.296875 2.296875 2.296875 1.820312 1.820312 1.109375 1.109375 1.109375 0.625000 0.625000 0.210938 0.210938 0.210938 0.046875 0.046875 0.054688 0.054688 0.054688 0.046875 0.046875 0.046875 0.046875 0.046875 0.031250 0.031250 0.015625
7.406250 7.406250 7.859375 7.859375 7.859375 7.664062 7.664062 7.515625 7.515625 7.515625 6.648438 6.648438 6.281250 6.281250 6.281250 5.835938 5.835938 4.828125 4.828125 4.828125 4.195312 4.195312 3.960938 3.960938 3.960938 5.085938 5.085938 5.640625 5.640625 5.640625 4.828125 4.828125 3.281250 3.281250 3.281250 2.500000 2.500000 2.296875 2.296875 2.296875 1.820312 1.820312 1.109375 1.109375 1.109375 0.625000 0.625000 0.210938 0.210938 0.210938 0.046875 0.046875 0.054688 0.054688 0.054688 0.046875 0.046875 0.046875 0.046875 0.046875 0.031250 0.031250 0.015625
5.812500 5.812500 6.953125 6.953125 6.953125 7.500000 7.500000 7.687500 7.687500 7.687500 8.679688 8.679688 9.156250 9.156250 9.156250 6.921875 6.921875 4.625000 4.625000 4.625000 3.750000 3.750000 6.039062 6.039062 6.039062 8.796875 8.796875 8.039062 8.039062 8.039062 5.476562 5.476562 3.921875 3.921875 3.921875 3.273438 3.273438 2.273438 2.273438 2.273438 1.046875 1.046875 0.343750 0.343750 0.343750 0.218750 0.218750 0.117188 0.117188 0.117188 0.070312 0.070312 0.101562 0.101562 0.101562 0.125000 0.125000 0.109375 0.109375 0.109375 0.062500 0.062500 0.015625
5.812500 5.812500 6.953125 6.953125 6.953125 7.500000 7.500000 7.687500 7.687500 7.687500 8.679688 8.679688 9.156250 9.156250 9.156250 6.921875 6.921875 4.625000 4.625000 4.625000 3.750000 3.750000 6.039062 6.039062 6.039062 8.796875 8.796875 8.039062 8.039062 8.039062 5.476562 5.476562 3.921875 3.921875 3.921875 3.273438 3.273438 2.273438 2.273438 2.273438 1.046875 1.046875 0.343750 0.343750 0.343750 0.218750 0.218750 0.117188 0.117188 0.117188 0.070312 0.070312 0.101562 0.101562 0.101562 0.125000 0.125000 0.109375 0.109375 0.109375 0.062500 0.062500 0.015625
7.710938 7.710938 8.734375 8.734375 8.734375 9.203125 9.203125 10.937500 10.937500 10.937500 13.250000 13.250000 12.726562 12.726562 12.726562 8.390625 8.390625 6.039062 6.039062 6.039062 7.593750 7.593750 11.023438 11.023438 11.023438 11.343750 11.343750 9.304688 9.304688 9.304688 7.125000 7.125000 5.390625 5.390625 5.390625 3.593750 3.593750 1.726562 1.726562 1.726562 0.695312 0.695312 0.414062 0.414062 0.414062 0.304688 0.304688 0.117188 0.117188 0.117188 0.015625 0.015625 0.000000 0.000000 0.000000 0.000000 0.000000 0.000000 0.000000 0.000000 0.000000 0.000000 0.000000
7.710938 7.710938 8.734375 8.734375 8.734375 9.203125 9.203125 10.937500 10.937500 10.937500 13.250000 13.250000 12.726562 12.726562 12.726562 8.390625 8.390625 6.039062 6.039062 6.039062 7.593750 7.593750 11.023438 11.023438 11.023438 11.343750 11.343750 9.304688 9.304688 9.304688 7.125000 7.125000 5.390625 5.390625 5.390625 3.593750 3.593750 1.726562 1.726562 1.726562 0.695312 0.695312 0.414062 0.414062 0.414062 0.304688 0.304688 0.117188 0.117188 0.117188 0.015625 0.015625 0.000000 0.000000 0.000000 0.000000 0.000000 0.000000 0.000000 0.000000 0.000000 0.000000 0.000000
7.710938 7.710938 8.734375 8.734375 8.734375 9.203125 9.203125 10.937500 10.937500 10.937500 13.250000 13.250000 12.726562 12.726562 12.726562 8.390625 8.390625 6.039062 6.039062 6.039062 7.593750 7.593750 11.023438 11.023438 11.023438 11.343750 11.343750 9.304688 9.304688 9.304688 7.125000 7.125000 5.390625 5.390625 5.390625 3.593750 3.593750 1.726562 1.726562 1.726562 0.695312 0.695312 0.414062 0.414062 0.414062 0.304688 0.304688 0.117188 0.117188 0.117188 0.015625 0.015625 0.000000 0.000000 0.000000 0.000000 0.000000 0.000000 0.000000 0.000000 0.000000 0.000000 0.000000
11.015625 11.015625 12.304688 12.304688 12.304688 14.031250 14.031250 15.468750 15.468750 15.468750 14.828125 14.828125 10.492188 10.492188 10.492188 7.218750 7.218750 8.992188 8.992188 8.992188 11.570312 11.570312 12.671875 12.671875 12.671875 12.125000 12.125000 10.781250 10.781250 10.781250 8.171875 8.171875 4.859375 4.859375 4.859375 3.125000 3.125000 2.062500 2.062500 2.062500 1.281250 1.281250 0.632812 0.632812 0.632812 0.156250 0.156250 0.015625 0.015625 0.015625 0.000000 0.000000 0.000000 0.000000 0.000000 0.000000 0.000000 0.000000 0.000000 0.000000 0.000000 0.000000 0.000000
11.015625 11.015625 12.304688 12.304688 12.304688 14.031250 14.031250 15.468750 15.468750 15.468750 14.828125 14.828125 10.492188 10.492188 10.492188 7.218750 7.218750 8.992188 8.992188 8.992188 11.570312 11.570312 12.671875 12.671875 12.671875 12.125000 12.125000 10.781250 10.781250 10.781250 8.171875 8.171875 4.859375 4.859375 4.859375 3.125000 3.125000 2.062500 2.062500 2.062500 1.281250 1.281250 0.632812 0.632812 0.632812 0.156250 0.156250 0.015625 0.015625 0.015625 0.000000 0.000000 0.000000 0.000000 0.000000 0.000000 0.000000 0.000000 0.000000 0.000000 0.000000 0.000000 0.000000
12.593750 12.593750 13.742188 13.742188 13.742188 13.960938 13.960938 11.781250 11.781250 11.781250 9.304688 9.304688 7.765625 7.765625 7.765625 9.289062 9.289062 11.398438 11.398438 11.398438 11.132812 11.132812 11.609375 11.609375 11.609375 10.601562 10.601562 8.335938 8.335938 8.335938 5.875000 5.875000 5.109375 5.109375 5.109375 4.539062 4.539062 2.484375 2.484375 2.484375 0.937500 0.937500 0.218750 0.218750 0.218750 0.007812 0.007812 0.000000 0.000000 0.000000 0.000000 0.000000 0.000000 0.000000 0.000000 0.000000 0.000000 0.000000 0.000000 0.000000 0.000000 0.000000 0.000000
12.593750 12.593750 13.742188 13.742188 13.742188 13.960938 13.960938 11.781250 11.781250 11.781250 9.304688 9.304688 7.765625 7.765625 7.765625 9.289062 9.289062 11.398438 11.398438 11.398438 11.132812 11.132812 11.609375 11.609375 11.609375 10.601562 10.601562 8.335938 8.335938 8.335938 5.875000 5.875000 5.109375 5.109375 5.109375 4.539062 4.539062 2.484375 2.484375 2.484375 0.937500 0.937500 0.218750 0.218750 0.218750 0.007812 0.007812 0.000000 0.000000 0.000000 0.000000 0.000000 0.000000 0.000000 0.000000 0.000000 0.000000 0.000000 0.000000 0.000000 0.000000 0.000000 0.000000
12.593750 12.593750 13.742188 13.742188 13.742188 13.960938 13.960938 11.781250 11.781250 11.781250 9.304688 9.304688 7.765625 7.765625 7.765625 9.289062 9.289062 11.398438 11.398438 11.398438 11.132812 11.132812 11.609375 11.609375 11.609375 10.601562 10.601562 8.335938 8.335938 8.335938 5.875000 5.875000 5.109375 5.109375 5.109375 4.539062 4.539062 2.484375 2.484375 2.484375 0.937500 0.937500 0.218750 0.218750 0.218750 0.007812 0.007812 0.000000 0.000000 0.000000 0.000000 0.000000 0.000000 0.000000 0.000000 0.000000 0.000000 0.000000 0.000000 0.000000 0.000000 0.000000 0.000000
13.867188 13.867188 12.414062 12.414062 12.414062 8.882812 8.882812 6.484375 6.484375 6.484375 6.625000 6.625000 7.984375 7.984375 7.984375 8.750000 8.750000 8.195312 8.195312 8.195312 9.546875 9.546875 10.242188 10.242188 10.242188 9.140625 9.140625 6.796875 6.796875 6.796875 6.093750 6.093750 6.125000 6.125000 6.125000 3.914062 3.914062 1.710938 1.710938 1.710938 0.585938 0.585938 0.070312 0.070312 0.070312 0.000000 0.000000 0.000000 0.000000 0.000000 0.000000 0.000000 0.000000 0.000000 0.000000 0.000000 0.000000 0.000000 0.000000 0.000000 0.000000 0.000000 0.000000
13.867188 13.867188 12.414062 12.414062 12.414062 8.882812 8.882812 6.484375 6.484375 6.484375 6.625000 6.625000 7.984375 7.984375 7.984375 8.750000 8.750000 8.195312 8.195312 8.195312 9.546875 9.546875 10.242188 10.242188 10.242188 9.140625 9.140625 6.796875 6.796875 6.796875 6.093750 6.093750 6.125000 6.125000 6.125000 3.914062 3.914062 1.710938 1.710938 1.710938 0.585938 0.585938 0.070312 0.070312 0.070312 0.000000 0.000000 0.000000 0.000000 0.000000 0.000000 0.000000 0.000000 0.000000 0.000000 0.000000 0.000000 0.000000 0.000000 0.000000 0.000000 0.000000 0.000000
