Data/APCP/20200108.f126.apcp.gfs.pakistan.txt
ncols        169
nrows        134
xllcorner    60.900000000000
yllcorner    23.700000000000
cellsize     0.100000000000
NODATA_value  -9999
[rows 0 to 42 of 134, columns 0 to 95 of 169]
0.0 0 0 0 0 0 0 0 0 0 0 0 0 0 0 0 0 0 0 0 0 0 0 0 0 0 0 0 0 0 0 0 0 0 0 0 0 0 0 0 0.0625 0.0625 0.125 0.125 0.125 0.1875 0.1875 0.3125 0.3125 0.3125 0.375 0.375 0.3125 0.3125 0.3125 0.375 0.375 0.25 0.25 0.25 0.1875 0.1875 0.0625 0.0625 0.0625 0 0 0.125 0.125 0.125 0.3125 0.3125 0.25 0.25 0.25 0.375 0.375 1.8125 1.8125 1.8125 3.125 3.125 2.3125 2.3125 2.3125 2.5 2.5 2.9375 2.9375 2.9375 1.5625 1.5625 2.625 2.625 2.625 2.625
0 0 0 0 0 0 0 0 0 0 0 0 0 0 0 0 0 0 0 0 0 0 0 0 0 0 0 0 0 0 0 0 0 0 0 0 0 0 0 0 0.0625 0.0625 0.125 0.125 0.125 0.1875 0.1875 0.3125 0.3125 0.3125 0.375 0.375 0.3125 0.3125 0.3125 0.375 0.375 0.25 0.25 0.25 0.1875 0.1875 0.0625 0.0625 0.0625 0 0 0.125 0.125 0.125 0.3125 0.3125 0.25 0.25 0.25 0.375 0.375 1.8125 1.8125 1.8125 3.125 3.125 2.3125 2.3125 2.3125 2.5 2.5 2.9375 2.9375 2.9375 1.5625 1.5625 2.625 2.625 2.625 2.625
0 0 0 0 0 0 0 0 0 0 0 0 0 0 0 0 0 0 0 0 0 0 0 0 0 0 0 0 0 0 0 0 0 0 0 0 0 0 0 0 0.0625 0.0625 0.1875 0.1875 0.1875 0.125 0.125 0.125 0.125 0.125 0.1875 0.1875 0.125 0.125 0.125 0.25 0.25 0.1875 0.1875 0.1875 0.0625 0.0625 0 0 0 0.0625 0.0625 0.125 0.125 0.125 0.1875 0.1875 0.5625 0.5625 0.5625 2 2 3.4375 3.4375 3.4375 3.4375 3.4375 2.375 2.375 2.375 2.3125 2.3125 2.6875 2.6875 2.6875 2.0625 2.0625 2.5625 2.5625 2.5625 2.3125
0 0 0 0 0 0 0 0 0 0 0 0 0 0 0 0 0 0 0 0 0 0 0 0 0 0 0 0 0 0 0 0 0 0 0 0 0 0 0 0 0.0625 0.0625 0.1875 0.1875 0.1875 0.125 0.125 0.125 0.125 0.125 0.1875 0.1875 0.125 0.125 0.125 0.25 0.25 0.1875 0.1875 0.1875 0.0625 0.0625 0 0 0 0.0625 0.0625 0.125 0.125 0.125 0.1875 0.1875 0.5625 0.5625 0.5625 2 2 3.4375 3.4375 3.4375 3.4375 3.4375 2.375 2.375 2.375 2.3125 2.3125 2.6875 2.6875 2.6875 2.0625 2.0625 2.5625 2.5625 2.5625 2.3125
0 0 0 0 0 0 0 0 0 0 0 0 0 0 0 0 0 0 0 0 0 0 0 0 0 0 0 0 0 0 0 0 0 0 0 0 0 0 0 0 0.0625 0.0625 0.1875 0.1875 0.1875 0.125 0.125 0.125 0.125 0.125 0.1875 0.1875 0.125 0.125 0.125 0.25 0.25 0.1875 0.1875 0.1875 0.0625 0.0625 0 0 0 0.0625 0.0625 0.125 0.125 0.125 0.1875 0.1875 0.5625 0.5625 0.5625 2 2 3.4375 3.4375 3.4375 3.4375 3.4375 2.375 2.375 2.375 2.3125 2.3125 2.6875 2.6875 2.6875 2.0625 2.0625 2.5625 2.5625 2.5625 2.3125
0 0 0 0 0 0 0 0 0 0 0 0 0 0 0 0 0 0 0 0 0 0 0 0 0 0 0 0 0 0 0 0 0 0 0 0 0 0 0 0 0 0 0.0625 0.0625 0.0625 0 0 0.0625 0.0625 0.0625 0.1875 0.1875 0.125 0.125 0.125 0.3125 0.3125 0.3125 0.3125 0.3125 0.125 0.125 0.3125 0.3125 0.3125 0.75 0.75 0.875 0.875 0.875 0.9375 0.9375 1.875 1.875 1.875 2.5625 2.5625 2.8125 2.8125 2.8125 2.5625 2.5625 2.1875 2.1875 2.1875 2.5 2.5 2.9375 2.9375 2.9375 2.125 2.125 2.25 2.25 2.25 2.1875
0 0 0 0 0 0 0 0 0 0 0 0 0 0 0 0 0 0 0 0 0 0 0 0 0 0 0 0 0 0 0 0 0 0 0 0 0 0 0 0 0 0 0.0625 0.0625 0.0625 0 0 0.0625 0.0625 0.0625 0.1875 0.1875 0.125 0.125 0.125 0.3125 0.3125 0.3125 0.3125 0.3125 0.125 0.125 0.3125 0.3125 0.3125 0.75 0.75 0.875 0.875 0.875 0.9375 0.9375 1.875 1.875 1.875 2.5625 2.5625 2.8125 2.8125 2.8125 2.5625 2.5625 2.1875 2.1875 2.1875 2.5 2.5 2.9375 2.9375 2.9375 2.125 2.125 2.25 2.25 2.25 2.1875
0 0 0 0 0 0 0 0 0 0 0 0 0 0 0 0 0 0 0 0 0 0 0 0 0 0 0 0.0625 0.0625 0.0625 0.0625 0.0625 0 0 0 0 0 0 0 0 0.0625 0.0625 0 0 0 0 0 0 0 0 0.0625 0.0625 0.125 0.125 0.125 0.0625 0.0625 0.1875 0.1875 0.1875 0.25 0.25 0.5 0.5 0.5 0.375 0.375 0.125 0.125 0.125 0.3125 0.3125 1.5625 1.5625 1.5625 2.125 2.125 1.625 1.625 1.625 1.625 1.625 1.75 1.75 1.75 1.75 1.75 2.25 2.25 2.25 2.3125 2.3125 2.1875 2.1875 2.1875 2.0625
0 0 0 0 0 0 0 0 0 0 0 0 0 0 0 0 0 0 0 0 0 0 0 0 0 0 0 0.0625 0.0625 0.0625 0.0625 0.0625 0 0 0 0 0 0 0 0 0.0625 0.0625 0 0 0 0 0 0 0 0 0.0625 0.0625 0.125 0.125 0.125 0.0625 0.0625 0.1875 0.1875 0.1875 0.25 0.25 0.5 0.5 0.5 0.375 0.375 0.125 0.125 0.125 0.3125 0.3125 1.5625 1.5625 1.5625 2.125 2.125 1.625 1.625 1.625 1.625 1.625 1.75 1.75 1.75 1.75 1.75 2.25 2.25 2.25 2.3125 2.3125 2.1875 2.1875 2.1875 2.0625
0 0 0 0 0 0 0 0 0 0 0 0 0 0 0 0 0 0 0 0 0 0 0 0 0 0 0 0.0625 0.0625 0.0625 0.0625 0.0625 0 0 0 0 0 0 0 0 0.0625 0.0625 0 0 0 0 0 0 0 0 0.0625 0.0625 0.125 0.125 0.125 0.0625 0.0625 0.1875 0.1875 0.1875 0.25 0.25 0.5 0.5 0.5 0.375 0.375 0.125 0.125 0.125 0.3125 0.3125 1.5625 1.5625 1.5625 2.125 2.125 1.625 1.625 1.625 1.625 1.625 1.75 1.75 1.75 1.75 1.75 2.25 2.25 2.25 2.3125 2.3125 2.1875 2.1875 2.1875 2.0625
0 0 0 0 0 0 0 0 0 0 0 0 0 0 0 0 0 0 0 0 0 0 0 0 0 0.0625 0.0625 0.0625 0.0625 0.0625 0 0 0 0 0 0 0 0 0 0 0 0 0 0 0 0 0 0.0625 0.0625 0.0625 0.125 0.125 0.125 0.125 0.125 0.125 0.125 0.5 0.5 0.5 0.5625 0.5625 0.3125 0.3125 0.3125 0.1875 0.1875 0.375 0.375 0.375 0.75 0.75 1.375 1.375 1.375 1.875 1.875 1.8125 1.8125 1.8125 2.1875 2.1875 2.3125 2.3125 2.3125 1.75 1.75 2.125 2.125 2.125 2.125 2.125 2.4375 2.4375 2.4375 2.375
0 0 0 0 0 0 0 0 0 0 0 0 0 0 0 0 0 0 0 0 0 0 0 0 0 0.0625 0.0625 0.0625 0.0625 0.0625 0 0 0 0 0 0 0 0 0 0 0 0 0 0 0 0 0 0.0625 0.0625 0.0625 0.125 0.125 0.125 0.125 0.125 0.125 0.125 0.5 0.5 0.5 0.5625 0.5625 0.3125 0.3125 0.3125 0.1875 0.1875 0.375 0.375 0.375 0.75 0.75 1.375 1.375 1.375 1.875 1.875 1.8125 1.8125 1.8125 2.1875 2.1875 2.3125 2.3125 2.3125 1.75 1.75 2.125 2.125 2.125 2.125 2.125 2.4375 2.4375 2.4375 2.375
0 0 0 0 0 0 0 0 0 0 0 0 0 0 0 0 0 0 0 0 0 0 0 0 0 0 0 0 0 0 0 0 0 0 0 0 0 0 0 0 0 0 0 0 0 0.0625 0.0625 0.0625 0.0625 0.0625 0.125 0.125 0.125 0.125 0.125 0.1875 0.1875 0.5 0.5 0.5 0.4375 0.4375 0.25 0.25 0.25 0.25 0.25 0.4375 0.4375 0.4375 0.6875 0.6875 0.8125 0.8125 0.8125 1.5 1.5 2.5625 2.5625 2.5625 2.0625 2.0625 2.0625 2.0625 2.0625 2.25 2.25 1.9375 1.9375 1.9375 2.125 2.125 2.875 2.875 2.875 3.0625
0 0 0 0 0 0 0 0 0 0 0 0 0 0 0 0 0 0 0 0 0 0 0 0 0 0 0 0 0 0 0 0 0 0 0 0 0 0 0 0 0 0 0 0 0 0.0625 0.0625 0.0625 0.0625 0.0625 0.125 0.125 0.125 0.125 0.125 0.1875 0.1875 0.5 0.5 0.5 0.4375 0.4375 0.25 0.25 0.25 0.25 0.25 0.4375 0.4375 0.4375 0.6875 0.6875 0.8125 0.8125 0.8125 1.5 1.5 2.5625 2.5625 2.5625 2.0625 2.0625 2.0625 2.0625 2.0625 2.25 2.25 1.9375 1.9375 1.9375 2.125 2.125 2.875 2.875 2.875 3.0625
0 0 0 0 0 0 0 0 0 0 0 0 0 0 0 0 0 0 0 0 0 0 0 0 0 0 0 0 0 0 0 0 0 0 0 0 0 0 0 0 0 0 0 0 0 0.0625 0.0625 0.0625 0.0625 0.0625 0.125 0.125 0.125 0.125 0.125 0.1875 0.1875 0.5 0.5 0.5 0.4375 0.4375 0.25 0.25 0.25 0.25 0.25 0.4375 0.4375 0.4375 0.6875 0.6875 0.8125 0.8125 0.8125 1.5 1.5 2.5625 2.5625 2.5625 2.0625 2.0625 2.0625 2.0625 2.0625 2.25 2.25 1.9375 1.9375 1.9375 2.125 2.125 2.875 2.875 2.875 3.0625
0 0 0 0 0 0 0 0 0 0 0 0 0 0 0 0 0 0 0 0 0 0 0 0 0 0 0 0 0 0 0 0 0 0 0 0 0 0 0 0 0 0 0 0 0 0.0625 0.0625 0.125 0.125 0.125 0.125 0.125 0.125 0.125 0.125 0.125 0.125 0.125 0.125 0.125 0.25 0.25 0.1875 0.1875 0.1875 0.3125 0.3125 0.4375 0.4375 0.4375 0.4375 0.4375 0.375 0.375 0.375 0.9375 0.9375 2 2 2 1.6875 1.6875 1.5625 1.5625 1.5625 2 2 2.3125 2.3125 2.3125 2.875 2.875 3.25 3.25 3.25 4.5625
0 0 0 0 0 0 0 0 0 0 0 0 0 0 0 0 0 0 0 0 0 0 0 0 0 0 0 0 0 0 0 0 0 0 0 0 0 0 0 0 0 0 0 0 0 0.0625 0.0625 0.125 0.125 0.125 0.125 0.125 0.125 0.125 0.125 0.125 0.125 0.125 0.125 0.125 0.25 0.25 0.1875 0.1875 0.1875 0.3125 0.3125 0.4375 0.4375 0.4375 0.4375 0.4375 0.375 0.375 0.375 0.9375 0.9375 2 2 2 1.6875 1.6875 1.5625 1.5625 1.5625 2 2 2.3125 2.3125 2.3125 2.875 2.875 3.25 3.25 3.25 4.5625
0 0 0 0 0 0 0 0 0 0 0 0 0 0 0 0 0 0 0 0 0 0 0 0 0 0 0 0 0 0 0 0 0 0 0 0 0 0 0 0 0 0 0.0625 0.0625 0.0625 0.0625 0.0625 0.125 0.125 0.125 0.125 0.125 0.0625 0.0625 0.0625 0.0625 0.0625 0.125 0.125 0.125 0.1875 0.1875 0.1875 0.1875 0.1875 0.625 0.625 0.625 0.625 0.625 0.625 0.625 1 1 1 0.8125 0.8125 0.8125 0.8125 0.8125 1 1 0.5625 0.5625 0.5625 2.1875 2.1875 3.375 3.375 3.375 3.625 3.625 3.4375 3.4375 3.4375 5.625
0 0 0 0 0 0 0 0 0 0 0 0 0 0 0 0 0 0 0 0 0 0 0 0 0 0 0 0 0 0 0 0 0 0 0 0 0 0 0 0 0 0 0.0625 0.0625 0.0625 0.0625 0.0625 0.125 0.125 0.125 0.125 0.125 0.0625 0.0625 0.0625 0.0625 0.0625 0.125 0.125 0.125 0.1875 0.1875 0.1875 0.1875 0.1875 0.625 0.625 0.625 0.625 0.625 0.625 0.625 1 1 1 0.8125 0.8125 0.8125 0.8125 0.8125 1 1 0.5625 0.5625 0.5625 2.1875 2.1875 3.375 3.375 3.375 3.625 3.625 3.4375 3.4375 3.4375 5.625
0 0 0 0 0 0 0 0 0 0 0 0 0 0 0 0 0 0 0 0 0 0 0 0 0 0 0 0 0 0 0 0 0 0 0 0 0 0 0 0 0 0 0.0625 0.0625 0.0625 0.0625 0.0625 0.125 0.125 0.125 0.125 0.125 0.0625 0.0625 0.0625 0.0625 0.0625 0.125 0.125 0.125 0.1875 0.1875 0.1875 0.1875 0.1875 0.625 0.625 0.625 0.625 0.625 0.625 0.625 1 1 1 0.8125 0.8125 0.8125 0.8125 0.8125 1 1 0.5625 0.5625 0.5625 2.1875 2.1875 3.375 3.375 3.375 3.625 3.625 3.4375 3.4375 3.4375 5.625
0 0 0 0 0 0 0 0 0 0 0 0 0 0 0 0 0 0 0 0 0 0 0 0 0 0 0 0 0 0 0 0 0 0 0 0 0 0 0 0 0.0625 0.0625 0.125 0.125 0.125 0.1875 0.1875 0.1875 0.1875 0.1875 0.125 0.125 0.0625 0.0625 0.0625 0.25 0.25 0.1875 0.1875 0.1875 0.0625 0.0625 0.1875 0.1875 0.1875 0.4375 0.4375 0.4375 0.4375 0.4375 0.75 0.75 0.75 0.75 0.75 0.25 0.25 0.125 0.125 0.125 0.125 0.125 0.5625 0.5625 0.5625 2.3125 2.3125 4.25 4.25 4.25 5.125 5.125 5.375 5.375 5.375 6.125
0 0 0 0 0 0 0 0 0 0 0 0 0 0 0 0 0 0 0 0 0 0 0 0 0 0 0 0 0 0 0 0 0 0 0 0 0 0 0 0 0.0625 0.0625 0.125 0.125 0.125 0.1875 0.1875 0.1875 0.1875 0.1875 0.125 0.125 0.0625 0.0625 0.0625 0.25 0.25 0.1875 0.1875 0.1875 0.0625 0.0625 0.1875 0.1875 0.1875 0.4375 0.4375 0.4375 0.4375 0.4375 0.75 0.75 0.75 0.75 0.75 0.25 0.25 0.125 0.125 0.125 0.125 0.125 0.5625 0.5625 0.5625 2.3125 2.3125 4.25 4.25 4.25 5.125 5.125 5.375 5.375 5.375 6.125
0 0 0 0 0 0 0 0 0 0 0 0 0 0 0 0 0 0 0 0 0 0 0 0 0 0 0 0 0 0 0 0 0 0 0 0 0 0 0 0 0.0625 0.0625 0.125 0.125 0.125 0.125 0.125 0.1875 0.1875 0.1875 0.125 0.125 0.0625 0.0625 0.0625 0.125 0.125 0.25 0.25 0.25 0.5625 0.5625 0.4375 0.4375 0.4375 0.3125 0.3125 0.3125 0.3125 0.3125 0.6875 0.6875 0.5 0.5 0.5 0.5625 0.5625 0.5625 0.5625 0.5625 0.1875 0.1875 0.6875 0.6875 0.6875 1.625 1.625 2.5625 2.5625 2.5625 3.5625 3.5625 4.9375 4.9375 4.9375 5.5
0 0 0 0 0 0 0 0 0 0 0 0 0 0 0 0 0 0 0 0 0 0 0 0 0 0 0 0 0 0 0 0 0 0 0 0 0 0 0 0 0.0625 0.0625 0.125 0.125 0.125 0.125 0.125 0.1875 0.1875 0.1875 0.125 0.125 0.0625 0.0625 0.0625 0.125 0.125 0.25 0.25 0.25 0.5625 0.5625 0.4375 0.4375 0.4375 0.3125 0.3125 0.3125 0.3125 0.3125 0.6875 0.6875 0.5 0.5 0.5 0.5625 0.5625 0.5625 0.5625 0.5625 0.1875 0.1875 0.6875 0.6875 0.6875 1.625 1.625 2.5625 2.5625 2.5625 3.5625 3.5625 4.9375 4.9375 4.9375 5.5
0 0 0 0 0 0 0 0 0 0 0 0 0 0 0 0 0 0 0 0 0 0 0 0 0 0 0 0 0 0 0 0 0 0 0 0 0 0 0 0 0.0625 0.0625 0.125 0.125 0.125 0.125 0.125 0.1875 0.1875 0.1875 0.125 0.125 0.0625 0.0625 0.0625 0.125 0.125 0.25 0.25 0.25 0.5625 0.5625 0.4375 0.4375 0.4375 0.3125 0.3125 0.3125 0.3125 0.3125 0.6875 0.6875 0.5 0.5 0.5 0.5625 0.5625 0.5625 0.5625 0.5625 0.1875 0.1875 0.6875 0.6875 0.6875 1.625 1.625 2.5625 2.5625 2.5625 3.5625 3.5625 4.9375 4.9375 4.9375 5.5
0 0 0 0 0 0 0 0 0 0 0 0 0 0 0 0 0 0 0 0 0 0 0 0 0 0 0 0 0 0 0 0 0 0 0 0 0 0.0625 0.0625 0.0625 0.0625 0.0625 0.1875 0.1875 0.1875 0.1875 0.1875 0.125 0.125 0.125 0.125 0.125 0.0625 0.0625 0.0625 0.0625 0.0625 0.0625 0.0625 0.0625 0.375 0.375 0.1875 0.1875 0.1875 0.0625 0.0625 0.0625 0.0625 0.0625 0.1875 0.1875 0.25 0.25 0.25 0.25 0.25 0.1875 0.1875 0.1875 0.125 0.125 0.375 0.375 0.375 0.5625 0.5625 0.4375 0.4375 0.4375 1.3125 1.3125 2.875 2.875 2.875 3.8125
0 0 0 0 0 0 0 0 0 0 0 0 0 0 0 0 0 0 0 0 0 0 0 0 0 0 0 0 0 0 0 0 0 0 0 0 0 0.0625 0.0625 0.0625 0.0625 0.0625 0.1875 0.1875 0.1875 0.1875 0.1875 0.125 0.125 0.125 0.125 0.125 0.0625 0.0625 0.0625 0.0625 0.0625 0.0625 0.0625 0.0625 0.375 0.375 0.1875 0.1875 0.1875 0.0625 0.0625 0.0625 0.0625 0.0625 0.1875 0.1875 0.25 0.25 0.25 0.25 0.25 0.1875 0.1875 0.1875 0.125 0.125 0.375 0.375 0.375 0.5625 0.5625 0.4375 0.4375 0.4375 1.3125 1.3125 2.875 2.875 2.875 3.8125
0 0 0 0 0 0 0 0 0 0 0 0 0 0 0 0 0 0 0 0 0 0 0 0 0 0 0 0 0 0 0 0 0 0 0 0 0 0.0625 0.0625 0.0625 0.0625 0.0625 0.0625 0.0625 0.0625 0.0625 0.0625 0 0 0 0 0 0 0 0 0 0 0.0625 0.0625 0.0625 0.0625 0.0625 0.0625 0.0625 0.0625 0.25 0.25 0.125 0.125 0.125 0.125 0.125 0.375 0.375 0.375 0.25 0.25 0.0625 0.0625 0.0625 0.125 0.125 0.3125 0.3125 0.3125 0.4375 0.4375 0.375 0.375 0.375 0.625 0.625 1.6875 1.6875 1.6875 1.875
0 0 0 0 0 0 0 0 0 0 0 0 0 0 0 0 0 0 0 0 0 0 0 0 0 0 0 0 0 0 0 0 0 0 0 0 0 0.0625 0.0625 0.0625 0.0625 0.0625 0.0625 0.0625 0.0625 0.0625 0.0625 0 0 0 0 0 0 0 0 0 0 0.0625 0.0625 0.0625 0.0625 0.0625 0.0625 0.0625 0.0625 0.25 0.25 0.125 0.125 0.125 0.125 0.125 0.375 0.375 0.375 0.25 0.25 0.0625 0.0625 0.0625 0.125 0.125 0.3125 0.3125 0.3125 0.4375 0.4375 0.375 0.375 0.375 0.625 0.625 1.6875 1.6875 1.6875 1.875
0 0 0 0 0 0 0 0 0 0 0 0 0 0 0 0 0 0 0 0 0 0 0 0 0 0 0 0 0 0 0 0 0 0 0 0 0 0.0625 0.0625 0.0625 0.0625 0.0625 0.0625 0.0625 0.0625 0.0625 0.0625 0 0 0 0 0 0 0 0 0 0 0.0625 0.0625 0.0625 0.0625 0.0625 0.0625 0.0625 0.0625 0.25 0.25 0.125 0.125 0.125 0.125 0.125 0.375 0.375 0.375 0.25 0.25 0.0625 0.0625 0.0625 0.125 0.125 0.3125 0.3125 0.3125 0.4375 0.4375 0.375 0.375 0.375 0.625 0.625 1.6875 1.6875 1.6875 1.875
0 0 0 0 0 0 0 0 0 0 0 0 0 0 0 0 0 0 0 0 0 0 0 0 0 0 0 0 0 0 0 0 0 0 0 0 0 0 0 0 0.0625 0.0625 0.0625 0.0625 0.0625 0 0 0 0 0 0.0625 0.0625 0 0 0 0 0 0 0 0 0 0 0.25 0.25 0.25 0.4375 0.4375 0.125 0.125 0.125 0.1875 0.1875 0.3125 0.3125 0.3125 0.125 0.125 0.0625 0.0625 0.0625 0.1875 0.1875 0.25 0.25 0.25 0.25 0.25 0.25 0.25 0.25 0.625 0.625 1.875 1.875 1.875 2.625
0 0 0 0 0 0 0 0 0 0 0 0 0 0 0 0 0 0 0 0 0 0 0 0 0 0 0 0 0 0 0 0 0 0 0 0 0 0 0 0 0.0625 0.0625 0.0625 0.0625 0.0625 0 0 0 0 0 0.0625 0.0625 0 0 0 0 0 0 0 0 0 0 0.25 0.25 0.25 0.4375 0.4375 0.125 0.125 0.125 0.1875 0.1875 0.3125 0.3125 0.3125 0.125 0.125 0.0625 0.0625 0.0625 0.1875 0.1875 0.25 0.25 0.25 0.25 0.25 0.25 0.25 0.25 0.625 0.625 1.875 1.875 1.875 2.625
0 0 0 0 0 0 0 0 0 0 0 0 0 0 0 0 0 0 0 0 0 0 0 0 0 0 0 0 0 0 0 0 0 0 0 0 0 0 0 0 0 0 0 0 0 0 0 0 0 0 0 0 0 0 0 0.0625 0.0625 0.0625 0.0625 0.0625 0.0625 0.0625 0.1875 0.1875 0.1875 0.125 0.125 0 0 0 0.0625 0.0625 0.0625 0.0625 0.0625 0.1875 0.1875 0.1875 0.1875 0.1875 0.1875 0.1875 0.25 0.25 0.25 0.0625 0.0625 0 0 0 0.125 0.125 0.3125 0.3125 0.3125 0.4375
0 0 0 0 0 0 0 0 0 0 0 0 0 0 0 0 0 0 0 0 0 0 0 0 0 0 0 0 0 0 0 0 0 0 0 0 0 0 0 0 0 0 0 0 0 0 0 0 0 0 0 0 0 0 0 0.0625 0.0625 0.0625 0.0625 0.0625 0.0625 0.0625 0.1875 0.1875 0.1875 0.125 0.125 0 0 0 0.0625 0.0625 0.0625 0.0625 0.0625 0.1875 0.1875 0.1875 0.1875 0.1875 0.1875 0.1875 0.25 0.25 0.25 0.0625 0.0625 0 0 0 0.125 0.125 0.3125 0.3125 0.3125 0.4375
0 0 0 0 0 0 0 0 0 0 0 0 0 0 0 0 0 0 0 0 0 0 0 0 0 0 0 0 0 0 0 0 0 0 0 0 0 0 0 0 0 0 0 0 0 0 0 0 0 0 0 0 0 0 0 0.0625 0.0625 0.0625 0.0625 0.0625 0.0625 0.0625 0.1875 0.1875 0.1875 0.125 0.125 0 0 0 0.0625 0.0625 0.0625 0.0625 0.0625 0.1875 0.1875 0.1875 0.1875 0.1875 0.1875 0.1875 0.25 0.25 0.25 0.0625 0.0625 0 0 0 0.125 0.125 0.3125 0.3125 0.3125 0.4375
0 0 0 0 0 0 0 0 0 0 0 0 0 0 0 0 0 0 0 0 0 0 0 0 0 0 0 0 0 0 0 0 0 0 0 0 0 0 0 0 0 0 0 0 0 0.0625 0.0625 0.0625 0.0625 0.0625 0.1875 0.1875 0.375 0.375 0.375 0.25 0.25 0.125 0.125 0.125 0.0625 0.0625 0.0625 0.0625 0.0625 0 0 0 0 0 0 0 0.0625 0.0625 0.0625 0.3125 0.3125 0.4375 0.4375 0.4375 0.375 0.375 0.25 0.25 0.25 0.0625 0.0625 0 0 0 0 0 0.0625 0.0625 0.0625 0.0625
0 0 0 0 0 0 0 0 0 0 0 0 0 0 0 0 0 0 0 0 0 0 0 0 0 0 0 0 0 0 0 0 0 0 0 0 0 0 0 0 0 0 0 0 0 0.0625 0.0625 0.0625 0.0625 0.0625 0.1875 0.1875 0.375 0.375 0.375 0.25 0.25 0.125 0.125 0.125 0.0625 0.0625 0.0625 0.0625 0.0625 0 0 0 0 0 0 0 0.0625 0.0625 0.0625 0.3125 0.3125 0.4375 0.4375 0.4375 0.375 0.375 0.25 0.25 0.25 0.0625 0.0625 0 0 0 0 0 0.0625 0.0625 0.0625 0.0625
0 0 0 0 0 0 0 0 0 0 0 0 0 0 0 0 0 0 0 0 0 0 0 0 0 0 0 0.0625 0.0625 0.0625 0.0625 0.0625 0 0 0 0 0 0 0 0 0 0 0.0625 0.0625 0.0625 0.0625 0.0625 0.1875 0.1875 0.1875 0.625 0.625 0.5625 0.5625 0.5625 0.25 0.25 0.0625 0.0625 0.0625 0.0625 0.0625 0 0 0 0 0 0 0 0 0.0625 0.0625 0.25 0.25 0.25 0.3125 0.3125 0.3125 0.3125 0.3125 0.1875 0.1875 0.0625 0.0625 0.0625 0 0 0 0 0 0.0625 0.0625 0.0625 0.0625 0.0625 0
0 0 0 0 0 0 0 0 0 0 0 0 0 0 0 0 0 0 0 0 0 0 0 0 0 0 0 0.0625 0.0625 0.0625 0.0625 0.0625 0 0 0 0 0 0 0 0 0 0 0.0625 0.0625 0.0625 0.0625 0.0625 0.1875 0.1875 0.1875 0.625 0.625 0.5625 0.5625 0.5625 0.25 0.25 0.0625 0.0625 0.0625 0.0625 0.0625 0 0 0 0 0 0 0 0 0.0625 0.0625 0.25 0.25 0.25 0.3125 0.3125 0.3125 0.3125 0.3125 0.1875 0.1875 0.0625 0.0625 0.0625 0 0 0 0 0 0.0625 0.0625 0.0625 0.0625 0.0625 0
0 0 0 0 0 0 0 0 0 0 0 0 0 0 0 0 0 0 0 0 0 0 0 0 0 0 0 0.0625 0.0625 0.0625 0.0625 0.0625 0 0 0 0 0 0 0 0 0 0 0.0625 0.0625 0.0625 0.0625 0.0625 0.1875 0.1875 0.1875 0.625 0.625 0.5625 0.5625 0.5625 0.25 0.25 0.0625 0.0625 0.0625 0.0625 0.0625 0 0 0 0 0 0 0 0 0.0625 0.0625 0.25 0.25 0.25 0.3125 0.3125 0.3125 0.3125 0.3125 0.1875 0.1875 0.0625 0.0625 0.0625 0 0 0 0 0 0.0625 0.0625 0.0625 0.0625 0.0625 0
0 0 0 0 0 0 0 0 0 0 0 0 0 0 0 0 0 0 0 0 0 0 0 0 0 0.1875 0.1875 0.0625 0.0625 0.0625 0 0 0.0625 0.0625 0.0625 0 0 0.1875 0.1875 0.1875 0.375 0.375 0.125 0.125 0.125 0.1875 0.1875 0.625 0.625 0.625 0.9375 0.9375 0.5625 0.5625 0.5625 0.1875 0.1875 0.0625 0.0625 0.0625 0 0 0 0 0 0 0 0 0 0 0.0625 0.0625 0.3125 0.3125 0.3125 0.375 0.375 0.375 0.375 0.375 0.125 0.125 0 0 0 0 0 0 0 0 0 0 0 0 0 0
0 0 0 0 0 0 0 0 0 0 0 0 0 0 0 0 0 0 0 0 0 0 0 0 0 0.1875 0.1875 0.0625 0.0625 0.0625 0 0 0.0625 0.0625 0.0625 0 0 0.1875 0.1875 0.1875 0.375 0.375 0.125 0.125 0.125 0.1875 0.1875 0.625 0.625 0.625 0.9375 0.9375 0.5625 0.5625 0.5625 0.1875 0.1875 0.0625 0.0625 0.0625 0 0 0 0 0 0 0 0 0 0 0.0625 0.0625 0.3125 0.3125 0.3125 0.375 0.375 0.375 0.375 0.375 0.125 0.125 0 0 0 0 0 0 0 0 0 0 0 0 0 0
0 0 0 0 0 0 0 0 0 0 0 0 0 0 0 0 0 0 0 0 0 0 0.0625 0.0625 0.0625 0.3125 0.3125 0.0625 0.0625 0.0625 0 0 0.0625 0.0625 0.0625 0.0625 0.0625 0.1875 0.1875 0.1875 0.3125 0.3125 0.0625 0.0625 0.0625 0.375 0.375 1 1 1 1.0625 1.0625 0.375 0.375 0.375 0.125 0.125 0.0625 0.0625 0.0625 0.0625 0.0625 0.125 0.125 0.125 0.125 0.125 0.0625 0.0625 0.0625 0.0625 0.0625 0.3125 0.3125 0.3125 0.5 0.5 0.4375 0.4375 0.4375 0.0625 0.0625 0 0 0 0 0 0 0 0 0 0 0 0 0 0
