Data/APCP/20200108.L6.apcp.gfs.pakistan.txt
ncols    	169
nrows    	134
xllcorner	60.9
yllcorner	23.7
cellsize 	0.1
NODATA_value  -9999
[rows 28 to 55 of 134, columns 63 to 125 of 169]
0.000000 0.000000 0.000000 0.000000 0.000000 0.000000 0.000000 0.000000 0.000000 0.000000 0.000000 0.000000 0.000000 0.000000 0.000000 0.000000 0.000000 0.000000 0.000000 0.000000 0.000000 0.000000 0.000000 0.000000 0.000000 0.000000 0.000000 0.007812 0.007812 0.000000 0.000000 0.000000 0.000000 0.000000 0.000000 0.000000 0.000000 0.289062 0.289062 0.937500 0.937500 0.937500 0.367188 0.367188 0.312500 0.312500 0.312500 0.335938 0.335938 0.781250 0.781250 0.781250 0.664062 0.664062 0.312500 0.312500 0.312500 0.117188 0.117188 0.335938 0.335938 0.335938 0.312500
0.000000 0.000000 0.000000 0.000000 0.000000 0.000000 0.000000 0.000000 0.000000 0.000000 0.000000 0.000000 0.000000 0.000000 0.000000 0.000000 0.000000 0.000000 0.000000 0.000000 0.000000 0.000000 0.000000 0.000000 0.000000 0.000000 0.000000 0.007812 0.007812 0.000000 0.000000 0.000000 0.000000 0.000000 0.000000 0.000000 0.000000 0.289062 0.289062 0.937500 0.937500 0.937500 0.367188 0.367188 0.312500 0.312500 0.312500 0.335938 0.335938 0.781250 0.781250 0.781250 0.664062 0.664062 0.312500 0.312500 0.312500 0.117188 0.117188 0.335938 0.335938 0.335938 0.312500
0.000000 0.000000 0.000000 0.000000 0.000000 0.000000 0.000000 0.000000 0.000000 0.000000 0.000000 0.000000 0.000000 0.000000 0.000000 0.000000 0.000000 0.000000 0.000000 0.000000 0.000000 0.000000 0.007812 0.007812 0.031250 0.031250 0.031250 0.085938 0.085938 0.164062 0.164062 0.164062 0.242188 0.242188 0.210938 0.210938 0.210938 0.273438 0.273438 0.523438 0.523438 0.523438 0.171875 0.171875 0.218750 0.218750 0.218750 0.273438 0.273438 0.664062 0.664062 0.664062 0.515625 0.515625 0.234375 0.234375 0.234375 0.367188 0.367188 0.359375 0.359375 0.359375 0.210938
0.000000 0.000000 0.000000 0.000000 0.000000 0.000000 0.000000 0.000000 0.000000 0.000000 0.000000 0.000000 0.000000 0.000000 0.000000 0.000000 0.000000 0.000000 0.000000 0.000000 0.000000 0.000000 0.007812 0.007812 0.031250 0.031250 0.031250 0.085938 0.085938 0.164062 0.164062 0.164062 0.242188 0.242188 0.210938 0.210938 0.210938 0.273438 0.273438 0.523438 0.523438 0.523438 0.171875 0.171875 0.218750 0.218750 0.218750 0.273438 0.273438 0.664062 0.664062 0.664062 0.515625 0.515625 0.234375 0.234375 0.234375 0.367188 0.367188 0.359375 0.359375 0.359375 0.210938
0.000000 0.000000 0.000000 0.000000 0.000000 0.000000 0.000000 0.000000 0.000000 0.000000 0.000000 0.000000 0.000000 0.000000 0.000000 0.000000 0.000000 0.000000 0.000000 0.015625 0.015625 0.015625 0.015625 0.015625 0.015625 0.015625 0.015625 0.007812 0.007812 0.109375 0.109375 0.109375 0.242188 0.242188 0.218750 0.218750 0.218750 0.250000 0.250000 0.203125 0.203125 0.203125 0.281250 0.281250 0.257812 0.257812 0.257812 0.093750 0.093750 0.367188 0.367188 0.367188 0.968750 0.968750 0.796875 0.796875 0.796875 0.367188 0.367188 0.664062 0.664062 0.664062 0.632812
0.000000 0.000000 0.000000 0.000000 0.000000 0.000000 0.000000 0.000000 0.000000 0.000000 0.000000 0.000000 0.000000 0.000000 0.000000 0.000000 0.000000 0.000000 0.000000 0.015625 0.015625 0.015625 0.015625 0.015625 0.015625 0.015625 0.015625 0.007812 0.007812 0.109375 0.109375 0.109375 0.242188 0.242188 0.218750 0.218750 0.218750 0.250000 0.250000 0.203125 0.203125 0.203125 0.281250 0.281250 0.257812 0.257812 0.257812 0.093750 0.093750 0.367188 0.367188 0.367188 0.968750 0.968750 0.796875 0.796875 0.796875 0.367188 0.367188 0.664062 0.664062 0.664062 0.632812
0.000000 0.000000 0.000000 0.000000 0.000000 0.000000 0.000000 0.000000 0.000000 0.000000 0.000000 0.000000 0.000000 0.000000 0.000000 0.000000 0.000000 0.000000 0.000000 0.015625 0.015625 0.015625 0.015625 0.015625 0.015625 0.015625 0.015625 0.007812 0.007812 0.109375 0.109375 0.109375 0.242188 0.242188 0.218750 0.218750 0.218750 0.250000 0.250000 0.203125 0.203125 0.203125 0.281250 0.281250 0.257812 0.257812 0.257812 0.093750 0.093750 0.367188 0.367188 0.367188 0.968750 0.968750 0.796875 0.796875 0.796875 0.367188 0.367188 0.664062 0.664062 0.664062 0.632812
0.000000 0.000000 0.000000 0.000000 0.000000 0.000000 0.000000 0.000000 0.000000 0.000000 0.000000 0.000000 0.000000 0.000000 0.000000 0.000000 0.000000 0.000000 0.000000 0.007812 0.007812 0.007812 0.054688 0.054688 0.031250 0.031250 0.031250 0.007812 0.007812 0.046875 0.046875 0.046875 0.093750 0.093750 0.148438 0.148438 0.148438 0.257812 0.257812 0.125000 0.125000 0.125000 0.046875 0.046875 0.023438 0.023438 0.023438 0.015625 0.015625 0.289062 0.289062 0.289062 0.562500 0.562500 0.234375 0.234375 0.234375 0.125000 0.125000 0.132812 0.132812 0.132812 0.132812
0.000000 0.000000 0.000000 0.000000 0.000000 0.000000 0.000000 0.000000 0.000000 0.000000 0.000000 0.000000 0.000000 0.000000 0.000000 0.000000 0.000000 0.000000 0.000000 0.007812 0.007812 0.007812 0.054688 0.054688 0.031250 0.031250 0.031250 0.007812 0.007812 0.046875 0.046875 0.046875 0.093750 0.093750 0.148438 0.148438 0.148438 0.257812 0.257812 0.125000 0.125000 0.125000 0.046875 0.046875 0.023438 0.023438 0.023438 0.015625 0.015625 0.289062 0.289062 0.289062 0.562500 0.562500 0.234375 0.234375 0.234375 0.125000 0.125000 0.132812 0.132812 0.132812 0.132812
0.000000 0.000000 0.000000 0.000000 0.000000 0.000000 0.000000 0.000000 0.000000 0.000000 0.000000 0.000000 0.000000 0.000000 0.000000 0.000000 0.000000 0.000000 0.000000 0.007812 0.007812 0.007812 0.007812 0.007812 0.000000 0.000000 0.000000 0.000000 0.000000 0.000000 0.000000 0.000000 0.000000 0.000000 0.062500 0.062500 0.062500 0.148438 0.148438 0.156250 0.156250 0.156250 0.054688 0.054688 0.000000 0.000000 0.000000 0.015625 0.015625 0.117188 0.117188 0.117188 0.179688 0.179688 0.093750 0.093750 0.093750 0.062500 0.062500 0.007812 0.007812 0.007812 0.000000
0.000000 0.000000 0.000000 0.000000 0.000000 0.000000 0.000000 0.000000 0.000000 0.000000 0.000000 0.000000 0.000000 0.000000 0.000000 0.000000 0.000000 0.000000 0.000000 0.007812 0.007812 0.007812 0.007812 0.007812 0.000000 0.000000 0.000000 0.000000 0.000000 0.000000 0.000000 0.000000 0.000000 0.000000 0.062500 0.062500 0.062500 0.148438 0.148438 0.156250 0.156250 0.156250 0.054688 0.054688 0.000000 0.000000 0.000000 0.015625 0.015625 0.117188 0.117188 0.117188 0.179688 0.179688 0.093750 0.093750 0.093750 0.062500 0.062500 0.007812 0.007812 0.007812 0.000000
0.000000 0.000000 0.000000 0.000000 0.000000 0.000000 0.000000 0.000000 0.000000 0.000000 0.000000 0.000000 0.000000 0.000000 0.000000 0.000000 0.000000 0.000000 0.000000 0.007812 0.007812 0.007812 0.007812 0.007812 0.000000 0.000000 0.000000 0.000000 0.000000 0.000000 0.000000 0.000000 0.000000 0.000000 0.062500 0.062500 0.062500 0.148438 0.148438 0.156250 0.156250 0.156250 0.054688 0.054688 0.000000 0.000000 0.000000 0.015625 0.015625 0.117188 0.117188 0.117188 0.179688 0.179688 0.093750 0.093750 0.093750 0.062500 0.062500 0.007812 0.007812 0.007812 0.000000
0.000000 0.000000 0.000000 0.000000 0.000000 0.000000 0.000000 0.000000 0.000000 0.000000 0.000000 0.000000 0.000000 0.000000 0.007812 0.007812 0.007812 0.000000 0.000000 0.000000 0.000000 0.000000 0.000000 0.000000 0.000000 0.000000 0.000000 0.000000 0.000000 0.000000 0.000000 0.000000 0.000000 0.000000 0.015625 0.015625 0.015625 0.156250 0.156250 0.281250 0.281250 0.281250 0.117188 0.117188 0.015625 0.015625 0.015625 0.062500 0.062500 0.156250 0.156250 0.156250 0.187500 0.187500 0.109375 0.109375 0.109375 0.031250 0.031250 0.000000 0.000000 0.000000 0.031250
0.000000 0.000000 0.000000 0.000000 0.000000 0.000000 0.000000 0.000000 0.000000 0.000000 0.000000 0.000000 0.000000 0.000000 0.007812 0.007812 0.007812 0.000000 0.000000 0.000000 0.000000 0.000000 0.000000 0.000000 0.000000 0.000000 0.000000 0.000000 0.000000 0.000000 0.000000 0.000000 0.000000 0.000000 0.015625 0.015625 0.015625 0.156250 0.156250 0.281250 0.281250 0.281250 0.117188 0.117188 0.015625 0.015625 0.015625 0.062500 0.062500 0.156250 0.156250 0.156250 0.187500 0.187500 0.109375 0.109375 0.109375 0.031250 0.031250 0.000000 0.000000 0.000000 0.031250
0.000000 0.000000 0.000000 0.000000 0.023438 0.023438 0.023438 0.015625 0.015625 0.000000 0.000000 0.000000 0.007812 0.007812 0.000000 0.000000 0.000000 0.000000 0.000000 0.000000 0.000000 0.000000 0.023438 0.023438 0.046875 0.046875 0.046875 0.000000 0.000000 0.000000 0.000000 0.000000 0.000000 0.000000 0.031250 0.031250 0.031250 0.117188 0.117188 0.148438 0.148438 0.148438 0.078125 0.078125 0.093750 0.093750 0.093750 0.148438 0.148438 0.109375 0.109375 0.109375 0.031250 0.031250 0.031250 0.031250 0.031250 0.015625 0.015625 0.023438 0.023438 0.023438 0.140625
0.000000 0.000000 0.000000 0.000000 0.023438 0.023438 0.023438 0.015625 0.015625 0.000000 0.000000 0.000000 0.007812 0.007812 0.000000 0.000000 0.000000 0.000000 0.000000 0.000000 0.000000 0.000000 0.023438 0.023438 0.046875 0.046875 0.046875 0.000000 0.000000 0.000000 0.000000 0.000000 0.000000 0.000000 0.031250 0.031250 0.031250 0.117188 0.117188 0.148438 0.148438 0.148438 0.078125 0.078125 0.093750 0.093750 0.093750 0.148438 0.148438 0.109375 0.109375 0.109375 0.031250 0.031250 0.031250 0.031250 0.031250 0.015625 0.015625 0.023438 0.023438 0.023438 0.140625
0.000000 0.000000 0.000000 0.000000 0.023438 0.023438 0.023438 0.015625 0.015625 0.000000 0.000000 0.000000 0.007812 0.007812 0.000000 0.000000 0.000000 0.000000 0.000000 0.000000 0.000000 0.000000 0.023438 0.023438 0.046875 0.046875 0.046875 0.000000 0.000000 0.000000 0.000000 0.000000 0.000000 0.000000 0.031250 0.031250 0.031250 0.117188 0.117188 0.148438 0.148438 0.148438 0.078125 0.078125 0.093750 0.093750 0.093750 0.148438 0.148438 0.109375 0.109375 0.109375 0.031250 0.031250 0.031250 0.031250 0.031250 0.015625 0.015625 0.023438 0.023438 0.023438 0.140625
0.054688 0.054688 0.093750 0.093750 0.054688 0.054688 0.054688 0.039062 0.039062 0.031250 0.031250 0.031250 0.015625 0.015625 0.000000 0.000000 0.000000 0.000000 0.000000 0.000000 0.000000 0.000000 0.031250 0.031250 0.039062 0.039062 0.039062 0.000000 0.000000 0.000000 0.000000 0.000000 0.000000 0.000000 0.000000 0.000000 0.000000 0.085938 0.085938 0.156250 0.156250 0.156250 0.125000 0.125000 0.164062 0.164062 0.164062 0.187500 0.187500 0.070312 0.070312 0.070312 0.023438 0.023438 0.031250 0.031250 0.031250 0.015625 0.015625 0.023438 0.023438 0.023438 0.046875
0.054688 0.054688 0.093750 0.093750 0.054688 0.054688 0.054688 0.039062 0.039062 0.031250 0.031250 0.031250 0.015625 0.015625 0.000000 0.000000 0.000000 0.000000 0.000000 0.000000 0.000000 0.000000 0.031250 0.031250 0.039062 0.039062 0.039062 0.000000 0.000000 0.000000 0.000000 0.000000 0.000000 0.000000 0.000000 0.000000 0.000000 0.085938 0.085938 0.156250 0.156250 0.156250 0.125000 0.125000 0.164062 0.164062 0.164062 0.187500 0.187500 0.070312 0.070312 0.070312 0.023438 0.023438 0.031250 0.031250 0.031250 0.015625 0.015625 0.023438 0.023438 0.023438 0.046875
0.203125 0.203125 0.125000 0.125000 0.101562 0.101562 0.101562 0.085938 0.085938 0.046875 0.046875 0.046875 0.015625 0.015625 0.000000 0.000000 0.000000 0.000000 0.000000 0.000000 0.000000 0.000000 0.000000 0.000000 0.000000 0.000000 0.000000 0.000000 0.000000 0.000000 0.000000 0.000000 0.000000 0.000000 0.000000 0.000000 0.000000 0.046875 0.046875 0.125000 0.125000 0.125000 0.195312 0.195312 0.257812 0.257812 0.257812 0.164062 0.164062 0.039062 0.039062 0.039062 0.039062 0.039062 0.023438 0.023438 0.023438 0.015625 0.015625 0.000000 0.000000 0.000000 0.000000
0.203125 0.203125 0.125000 0.125000 0.101562 0.101562 0.101562 0.085938 0.085938 0.046875 0.046875 0.046875 0.015625 0.015625 0.000000 0.000000 0.000000 0.000000 0.000000 0.000000 0.000000 0.000000 0.000000 0.000000 0.000000 0.000000 0.000000 0.000000 0.000000 0.000000 0.000000 0.000000 0.000000 0.000000 0.000000 0.000000 0.000000 0.046875 0.046875 0.125000 0.125000 0.125000 0.195312 0.195312 0.257812 0.257812 0.257812 0.164062 0.164062 0.039062 0.039062 0.039062 0.039062 0.039062 0.023438 0.023438 0.023438 0.015625 0.015625 0.000000 0.000000 0.000000 0.000000
0.203125 0.203125 0.125000 0.125000 0.101562 0.101562 0.101562 0.085938 0.085938 0.046875 0.046875 0.046875 0.015625 0.015625 0.000000 0.000000 0.000000 0.000000 0.000000 0.000000 0.000000 0.000000 0.000000 0.000000 0.000000 0.000000 0.000000 0.000000 0.000000 0.000000 0.000000 0.000000 0.000000 0.000000 0.000000 0.000000 0.000000 0.046875 0.046875 0.125000 0.125000 0.125000 0.195312 0.195312 0.257812 0.257812 0.257812 0.164062 0.164062 0.039062 0.039062 0.039062 0.039062 0.039062 0.023438 0.023438 0.023438 0.015625 0.015625 0.000000 0.000000 0.000000 0.000000
0.171875 0.171875 0.054688 0.054688 0.062500 0.062500 0.062500 0.039062 0.039062 0.015625 0.015625 0.015625 0.000000 0.000000 0.000000 0.000000 0.000000 0.000000 0.000000 0.000000 0.000000 0.000000 0.000000 0.000000 0.000000 0.000000 0.000000 0.000000 0.000000 0.000000 0.000000 0.000000 0.000000 0.000000 0.000000 0.000000 0.000000 0.015625 0.015625 0.156250 0.156250 0.156250 0.304688 0.304688 0.203125 0.203125 0.203125 0.085938 0.085938 0.070312 0.070312 0.070312 0.070312 0.070312 0.031250 0.031250 0.031250 0.007812 0.007812 0.000000 0.000000 0.000000 0.000000
0.171875 0.171875 0.054688 0.054688 0.062500 0.062500 0.062500 0.039062 0.039062 0.015625 0.015625 0.015625 0.000000 0.000000 0.000000 0.000000 0.000000 0.000000 0.000000 0.000000 0.000000 0.000000 0.000000 0.000000 0.000000 0.000000 0.000000 0.000000 0.000000 0.000000 0.000000 0.000000 0.000000 0.000000 0.000000 0.000000 0.000000 0.015625 0.015625 0.156250 0.156250 0.156250 0.304688 0.304688 0.203125 0.203125 0.203125 0.085938 0.085938 0.070312 0.070312 0.070312 0.070312 0.070312 0.031250 0.031250 0.031250 0.007812 0.007812 0.000000 0.000000 0.000000 0.000000
0.070312 0.070312 0.054688 0.054688 0.046875 0.046875 0.046875 0.015625 0.015625 0.007812 0.007812 0.007812 0.000000 0.000000 0.000000 0.000000 0.000000 0.000000 0.000000 0.000000 0.000000 0.000000 0.000000 0.000000 0.000000 0.000000 0.000000 0.000000 0.000000 0.000000 0.000000 0.000000 0.000000 0.000000 0.000000 0.000000 0.000000 0.023438 0.023438 0.171875 0.171875 0.171875 0.179688 0.179688 0.070312 0.070312 0.070312 0.046875 0.046875 0.046875 0.046875 0.046875 0.039062 0.039062 0.015625 0.015625 0.015625 0.000000 0.000000 0.000000 0.000000 0.000000 0.000000
0.070312 0.070312 0.054688 0.054688 0.046875 0.046875 0.046875 0.015625 0.015625 0.007812 0.007812 0.007812 0.000000 0.000000 0.000000 0.000000 0.000000 0.000000 0.000000 0.000000 0.000000 0.000000 0.000000 0.000000 0.000000 0.000000 0.000000 0.000000 0.000000 0.000000 0.000000 0.000000 0.000000 0.000000 0.000000 0.000000 0.000000 0.023438 0.023438 0.171875 0.171875 0.171875 0.179688 0.179688 0.070312 0.070312 0.070312 0.046875 0.046875 0.046875 0.046875 0.046875 0.039062 0.039062 0.015625 0.015625 0.015625 0.000000 0.000000 0.000000 0.000000 0.000000 0.000000
0.070312 0.070312 0.054688 0.054688 0.046875 0.046875 0.046875 0.015625 0.015625 0.007812 0.007812 0.007812 0.000000 0.000000 0.000000 0.000000 0.000000 0.000000 0.000000 0.000000 0.000000 0.000000 0.000000 0.000000 0.000000 0.000000 0.000000 0.000000 0.000000 0.000000 0.000000 0.000000 0.000000 0.000000 0.000000 0.000000 0.000000 0.023438 0.023438 0.171875 0.171875 0.171875 0.179688 0.179688 0.070312 0.070312 0.070312 0.046875 0.046875 0.046875 0.046875 0.046875 0.039062 0.039062 0.015625 0.015625 0.015625 0.000000 0.000000 0.000000 0.000000 0.000000 0.000000
0.085938 0.085938 0.062500 0.062500 0.039062 0.039062 0.039062 0.031250 0.031250 0.039062 0.039062 0.039062 0.015625 0.015625 0.000000 0.000000 0.000000 0.000000 0.000000 0.000000 0.000000 0.000000 0.000000 0.000000 0.000000 0.000000 0.000000 0.000000 0.000000 0.000000 0.000000 0.000000 0.000000 0.000000 0.000000 0.000000 0.000000 0.023438 0.023438 0.078125 0.078125 0.078125 0.039062 0.039062 0.023438 0.023438 0.023438 0.015625 0.015625 0.015625 0.015625 0.015625 0.007812 0.007812 0.000000 0.000000 0.000000 0.000000 0.000000 0.000000 0.000000 0.000000 0.000000
