Data/APCP/20200108.L6.apcp.gfs.pakistan.txt
ncols    	169
nrows    	134
xllcorner	60.9
yllcorner	23.7
cellsize 	0.1
NODATA_value  -9999
[rows 0 to 27 of 134, columns 63 to 125 of 169]
0.054688 0.054688 0.078125 0.078125 0.078125 0.078125 0.078125 0.046875 0.046875 0.015625 0.015625 0.015625 0.078125 0.078125 0.257812 0.257812 0.257812 0.429688 0.429688 0.539062 0.539062 0.539062 0.765625 0.765625 0.812500 0.812500 0.812500 0.562500 0.562500 0.593750 0.593750 0.593750 0.718750 0.718750 0.406250 0.406250 0.406250 0.453125 0.453125 0.640625 0.640625 0.640625 0.757812 0.757812 0.726562 0.726562 0.726562 0.593750 0.593750 0.531250 0.531250 0.531250 0.726562 0.726562 1.062500 1.062500 1.062500 1.375000 1.375000 1.601562 1.601562 1.601562 0.835938
0.054688 0.054688 0.078125 0.078125 0.078125 0.078125 0.078125 0.046875 0.046875 0.015625 0.015625 0.015625 0.078125 0.078125 0.257812 0.257812 0.257812 0.429688 0.429688 0.539062 0.539062 0.539062 0.765625 0.765625 0.812500 0.812500 0.812500 0.562500 0.562500 0.593750 0.593750 0.593750 0.718750 0.718750 0.406250 0.406250 0.406250 0.453125 0.453125 0.640625 0.640625 0.640625 0.757812 0.757812 0.726562 0.726562 0.726562 0.593750 0.593750 0.531250 0.531250 0.531250 0.726562 0.726562 1.062500 1.062500 1.062500 1.375000 1.375000 1.601562 1.601562 1.601562 0.835938
0.132812 0.132812 0.125000 0.125000 0.054688 0.054688 0.054688 0.046875 0.046875 0.031250 0.031250 0.031250 0.164062 0.164062 0.218750 0.218750 0.218750 0.273438 0.273438 0.500000 0.500000 0.500000 0.789062 0.789062 0.960938 0.960938 0.960938 0.742188 0.742188 0.742188 0.742188 0.742188 0.648438 0.648438 0.539062 0.539062 0.539062 0.570312 0.570312 0.789062 0.789062 0.789062 0.820312 0.820312 0.492188 0.492188 0.492188 0.593750 0.593750 1.437500 1.437500 1.437500 1.585938 1.585938 1.625000 1.625000 1.625000 1.382812 1.382812 1.273438 1.273438 1.273438 0.812500
0.132812 0.132812 0.125000 0.125000 0.054688 0.054688 0.054688 0.046875 0.046875 0.031250 0.031250 0.031250 0.164062 0.164062 0.218750 0.218750 0.218750 0.273438 0.273438 0.500000 0.500000 0.500000 0.789062 0.789062 0.960938 0.960938 0.960938 0.742188 0.742188 0.742188 0.742188 0.742188 0.648438 0.648438 0.539062 0.539062 0.539062 0.570312 0.570312 0.789062 0.789062 0.789062 0.820312 0.820312 0.492188 0.492188 0.492188 0.593750 0.593750 1.437500 1.437500 1.437500 1.585938 1.585938 1.625000 1.625000 1.625000 1.382812 1.382812 1.273438 1.273438 1.273438 0.812500
0.132812 0.132812 0.125000 0.125000 0.054688 0.054688 0.054688 0.046875 0.046875 0.031250 0.031250 0.031250 0.164062 0.164062 0.218750 0.218750 0.218750 0.273438 0.273438 0.500000 0.500000 0.500000 0.789062 0.789062 0.960938 0.960938 0.960938 0.742188 0.742188 0.742188 0.742188 0.742188 0.648438 0.648438 0.539062 0.539062 0.539062 0.570312 0.570312 0.789062 0.789062 0.789062 0.820312 0.820312 0.492188 0.492188 0.492188 0.593750 0.593750 1.437500 1.437500 1.437500 1.585938 1.585938 1.625000 1.625000 1.625000 1.382812 1.382812 1.273438 1.273438 1.273438 0.812500
0.351562 0.351562 0.468750 0.468750 0.421875 0.421875 0.421875 0.296875 0.296875 0.429688 0.429688 0.429688 0.218750 0.218750 0.242188 0.242188 0.242188 0.273438 0.273438 0.429688 0.429688 0.429688 0.781250 0.781250 0.953125 0.953125 0.953125 0.593750 0.593750 0.507812 0.507812 0.507812 0.445312 0.445312 0.578125 0.578125 0.578125 0.687500 0.687500 1.078125 1.078125 1.078125 1.070312 1.070312 0.562500 0.562500 0.562500 0.960938 0.960938 1.437500 1.437500 1.437500 1.820312 1.820312 1.273438 1.273438 1.273438 0.875000 0.875000 0.789062 0.789062 0.789062 0.398438
0.351562 0.351562 0.468750 0.468750 0.421875 0.421875 0.421875 0.296875 0.296875 0.429688 0.429688 0.429688 0.218750 0.218750 0.242188 0.242188 0.242188 0.273438 0.273438 0.429688 0.429688 0.429688 0.781250 0.781250 0.953125 0.953125 0.953125 0.593750 0.593750 0.507812 0.507812 0.507812 0.445312 0.445312 0.578125 0.578125 0.578125 0.687500 0.687500 1.078125 1.078125 1.078125 1.070312 1.070312 0.562500 0.562500 0.562500 0.960938 0.960938 1.437500 1.437500 1.437500 1.820312 1.820312 1.273438 1.273438 1.273438 0.875000 0.875000 0.789062 0.789062 0.789062 0.398438
0.210938 0.210938 0.203125 0.203125 0.382812 0.382812 0.382812 0.359375 0.359375 0.695312 0.695312 0.695312 0.406250 0.406250 0.101562 0.101562 0.101562 0.179688 0.179688 0.390625 0.390625 0.390625 0.429688 0.429688 0.445312 0.445312 0.445312 0.281250 0.281250 0.273438 0.273438 0.273438 0.359375 0.359375 0.484375 0.484375 0.484375 0.578125 0.578125 0.953125 0.953125 0.953125 1.492188 1.492188 1.234375 1.234375 1.234375 1.101562 1.101562 0.601562 0.601562 0.601562 0.882812 0.882812 0.429688 0.429688 0.429688 0.695312 0.695312 0.382812 0.382812 0.382812 0.070312
0.210938 0.210938 0.203125 0.203125 0.382812 0.382812 0.382812 0.359375 0.359375 0.695312 0.695312 0.695312 0.406250 0.406250 0.101562 0.101562 0.101562 0.179688 0.179688 0.390625 0.390625 0.390625 0.429688 0.429688 0.445312 0.445312 0.445312 0.281250 0.281250 0.273438 0.273438 0.273438 0.359375 0.359375 0.484375 0.484375 0.484375 0.578125 0.578125 0.953125 0.953125 0.953125 1.492188 1.492188 1.234375 1.234375 1.234375 1.101562 1.101562 0.601562 0.601562 0.601562 0.882812 0.882812 0.429688 0.429688 0.429688 0.695312 0.695312 0.382812 0.382812 0.382812 0.070312
0.210938 0.210938 0.203125 0.203125 0.382812 0.382812 0.382812 0.359375 0.359375 0.695312 0.695312 0.695312 0.406250 0.406250 0.101562 0.101562 0.101562 0.179688 0.179688 0.390625 0.390625 0.390625 0.429688 0.429688 0.445312 0.445312 0.445312 0.281250 0.281250 0.273438 0.273438 0.273438 0.359375 0.359375 0.484375 0.484375 0.484375 0.578125 0.578125 0.953125 0.953125 0.953125 1.492188 1.492188 1.234375 1.234375 1.234375 1.101562 1.101562 0.601562 0.601562 0.601562 0.882812 0.882812 0.429688 0.429688 0.429688 0.695312 0.695312 0.382812 0.382812 0.382812 0.070312
0.156250 0.156250 0.171875 0.171875 0.320312 0.320312 0.320312 0.421875 0.421875 0.609375 0.609375 0.609375 0.507812 0.507812 0.242188 0.242188 0.242188 0.382812 0.382812 0.320312 0.320312 0.320312 0.132812 0.132812 0.179688 0.179688 0.179688 0.140625 0.140625 0.156250 0.156250 0.156250 0.148438 0.148438 0.218750 0.218750 0.218750 0.250000 0.250000 0.953125 0.953125 0.953125 1.218750 1.218750 1.679688 1.679688 1.679688 1.296875 1.296875 0.921875 0.921875 0.921875 0.804688 0.804688 0.468750 0.468750 0.468750 0.875000 0.875000 0.570312 0.570312 0.570312 0.523438
0.156250 0.156250 0.171875 0.171875 0.320312 0.320312 0.320312 0.421875 0.421875 0.609375 0.609375 0.609375 0.507812 0.507812 0.242188 0.242188 0.242188 0.382812 0.382812 0.320312 0.320312 0.320312 0.132812 0.132812 0.179688 0.179688 0.179688 0.140625 0.140625 0.156250 0.156250 0.156250 0.148438 0.148438 0.218750 0.218750 0.218750 0.250000 0.250000 0.953125 0.953125 0.953125 1.218750 1.218750 1.679688 1.679688 1.679688 1.296875 1.296875 0.921875 0.921875 0.921875 0.804688 0.804688 0.468750 0.468750 0.468750 0.875000 0.875000 0.570312 0.570312 0.570312 0.523438
0.140625 0.140625 0.148438 0.148438 0.320312 0.320312 0.320312 0.250000 0.250000 0.312500 0.312500 0.312500 0.367188 0.367188 0.507812 0.507812 0.507812 0.351562 0.351562 0.171875 0.171875 0.171875 0.171875 0.171875 0.070312 0.070312 0.070312 0.085938 0.085938 0.148438 0.148438 0.148438 0.109375 0.109375 0.195312 0.195312 0.195312 0.554688 0.554688 1.289062 1.289062 1.289062 1.484375 1.484375 1.796875 1.796875 1.796875 1.726562 1.726562 2.507812 2.507812 2.507812 2.414062 2.414062 1.812500 1.812500 1.812500 2.335938 2.335938 1.031250 1.031250 1.031250 0.976562
0.140625 0.140625 0.148438 0.148438 0.320312 0.320312 0.320312 0.250000 0.250000 0.312500 0.312500 0.312500 0.367188 0.367188 0.507812 0.507812 0.507812 0.351562 0.351562 0.171875 0.171875 0.171875 0.171875 0.171875 0.070312 0.070312 0.070312 0.085938 0.085938 0.148438 0.148438 0.148438 0.109375 0.109375 0.195312 0.195312 0.195312 0.554688 0.554688 1.289062 1.289062 1.289062 1.484375 1.484375 1.796875 1.796875 1.796875 1.726562 1.726562 2.507812 2.507812 2.507812 2.414062 2.414062 1.812500 1.812500 1.812500 2.335938 2.335938 1.031250 1.031250 1.031250 0.976562
0.140625 0.140625 0.148438 0.148438 0.320312 0.320312 0.320312 0.250000 0.250000 0.312500 0.312500 0.312500 0.367188 0.367188 0.507812 0.507812 0.507812 0.351562 0.351562 0.171875 0.171875 0.171875 0.171875 0.171875 0.070312 0.070312 0.070312 0.085938 0.085938 0.148438 0.148438 0.148438 0.109375 0.109375 0.195312 0.195312 0.195312 0.554688 0.554688 1.289062 1.289062 1.289062 1.484375 1.484375 1.796875 1.796875 1.796875 1.726562 1.726562 2.507812 2.507812 2.507812 2.414062 2.414062 1.812500 1.812500 1.812500 2.335938 2.335938 1.031250 1.031250 1.031250 0.976562
0.007812 0.007812 0.078125 0.078125 0.195312 0.195312 0.195312 0.125000 0.125000 0.101562 0.101562 0.101562 0.187500 0.187500 0.265625 0.265625 0.265625 0.265625 0.265625 0.218750 0.218750 0.218750 0.062500 0.062500 0.000000 0.000000 0.000000 0.085938 0.085938 0.093750 0.093750 0.093750 0.148438 0.148438 0.617188 0.617188 0.617188 0.890625 0.890625 1.664062 1.664062 1.664062 1.625000 1.625000 1.554688 1.554688 1.554688 2.257812 2.257812 2.335938 2.335938 2.335938 1.460938 1.460938 1.242188 1.242188 1.242188 1.070312 1.070312 0.640625 0.640625 0.640625 0.726562
0.007812 0.007812 0.078125 0.078125 0.195312 0.195312 0.195312 0.125000 0.125000 0.101562 0.101562 0.101562 0.187500 0.187500 0.265625 0.265625 0.265625 0.265625 0.265625 0.218750 0.218750 0.218750 0.062500 0.062500 0.000000 0.000000 0.000000 0.085938 0.085938 0.093750 0.093750 0.093750 0.148438 0.148438 0.617188 0.617188 0.617188 0.890625 0.890625 1.664062 1.664062 1.664062 1.625000 1.625000 1.554688 1.554688 1.554688 2.257812 2.257812 2.335938 2.335938 2.335938 1.460938 1.460938 1.242188 1.242188 1.242188 1.070312 1.070312 0.640625 0.640625 0.640625 0.726562
0.000000 0.000000 0.078125 0.078125 0.109375 0.109375 0.109375 0.054688 0.054688 0.093750 0.093750 0.093750 0.046875 0.046875 0.015625 0.015625 0.015625 0.007812 0.007812 0.000000 0.000000 0.000000 0.000000 0.000000 0.000000 0.000000 0.000000 0.007812 0.007812 0.000000 0.000000 0.000000 0.179688 0.179688 0.625000 0.625000 0.625000 0.835938 0.835938 1.562500 1.562500 1.562500 1.437500 1.437500 2.414062 2.414062 2.414062 2.062500 2.062500 2.429688 2.429688 2.429688 2.343750 2.343750 2.445312 2.445312 2.445312 1.234375 1.234375 1.062500 1.062500 1.062500 1.335938
0.000000 0.000000 0.078125 0.078125 0.109375 0.109375 0.109375 0.054688 0.054688 0.093750 0.093750 0.093750 0.046875 0.046875 0.015625 0.015625 0.015625 0.007812 0.007812 0.000000 0.000000 0.000000 0.000000 0.000000 0.000000 0.000000 0.000000 0.007812 0.007812 0.000000 0.000000 0.000000 0.179688 0.179688 0.625000 0.625000 0.625000 0.835938 0.835938 1.562500 1.562500 1.562500 1.437500 1.437500 2.414062 2.414062 2.414062 2.062500 2.062500 2.429688 2.429688 2.429688 2.343750 2.343750 2.445312 2.445312 2.445312 1.234375 1.234375 1.062500 1.062500 1.062500 1.335938
0.000000 0.000000 0.078125 0.078125 0.109375 0.109375 0.109375 0.054688 0.054688 0.093750 0.093750 0.093750 0.046875 0.046875 0.015625 0.015625 0.015625 0.007812 0.007812 0.000000 0.000000 0.000000 0.000000 0.000000 0.000000 0.000000 0.000000 0.007812 0.007812 0.000000 0.000000 0.000000 0.179688 0.179688 0.625000 0.625000 0.625000 0.835938 0.835938 1.562500 1.562500 1.562500 1.437500 1.437500 2.414062 2.414062 2.414062 2.062500 2.062500 2.429688 2.429688 2.429688 2.343750 2.343750 2.445312 2.445312 2.445312 1.234375 1.234375 1.062500 1.062500 1.062500 1.335938
0.000000 0.000000 0.007812 0.007812 0.023438 0.023438 0.023438 0.023438 0.023438 0.007812 0.007812 0.007812 0.000000 0.000000 0.000000 0.000000 0.000000 0.000000 0.000000 0.000000 0.000000 0.000000 0.000000 0.000000 0.000000 0.000000 0.000000 0.000000 0.000000 0.000000 0.000000 0.000000 0.109375 0.109375 0.367188 0.367188 0.367188 0.429688 0.429688 1.148438 1.148438 1.148438 1.578125 1.578125 1.804688 1.804688 1.804688 1.437500 1.437500 1.734375 1.734375 1.734375 1.468750 1.468750 1.929688 1.929688 1.929688 1.226562 1.226562 1.093750 1.093750 1.093750 0.890625
0.000000 0.000000 0.007812 0.007812 0.023438 0.023438 0.023438 0.023438 0.023438 0.007812 0.007812 0.007812 0.000000 0.000000 0.000000 0.000000 0.000000 0.000000 0.000000 0.000000 0.000000 0.000000 0.000000 0.000000 0.000000 0.000000 0.000000 0.000000 0.000000 0.000000 0.000000 0.000000 0.109375 0.109375 0.367188 0.367188 0.367188 0.429688 0.429688 1.148438 1.148438 1.148438 1.578125 1.578125 1.804688 1.804688 1.804688 1.437500 1.437500 1.734375 1.734375 1.734375 1.468750 1.468750 1.929688 1.929688 1.929688 1.226562 1.226562 1.093750 1.093750 1.093750 0.890625
0.000000 0.000000 0.000000 0.000000 0.000000 0.000000 0.000000 0.000000 0.000000 0.000000 0.000000 0.000000 0.000000 0.000000 0.000000 0.000000 0.000000 0.000000 0.000000 0.000000 0.000000 0.000000 0.000000 0.000000 0.000000 0.000000 0.000000 0.000000 0.000000 0.000000 0.000000 0.000000 0.070312 0.070312 0.281250 0.281250 0.281250 0.179688 0.179688 0.679688 0.679688 0.679688 0.570312 0.570312 0.781250 0.781250 0.781250 0.687500 0.687500 0.375000 0.375000 0.375000 0.601562 0.601562 0.671875 0.671875 0.671875 0.656250 0.656250 1.437500 1.437500 1.437500 1.460938
0.000000 0.000000 0.000000 0.000000 0.000000 0.000000 0.000000 0.000000 0.000000 0.000000 0.000000 0.000000 0.000000 0.000000 0.000000 0.000000 0.000000 0.000000 0.000000 0.000000 0.000000 0.000000 0.000000 0.000000 0.000000 0.000000 0.000000 0.000000 0.000000 0.000000 0.000000 0.000000 0.070312 0.070312 0.281250 0.281250 0.281250 0.179688 0.179688 0.679688 0.679688 0.679688 0.570312 0.570312 0.781250 0.781250 0.781250 0.687500 0.687500 0.375000 0.375000 0.375000 0.601562 0.601562 0.671875 0.671875 0.671875 0.656250 0.656250 1.437500 1.437500 1.437500 1.460938
0.000000 0.000000 0.000000 0.000000 0.000000 0.000000 0.000000 0.000000 0.000000 0.000000 0.000000 0.000000 0.000000 0.000000 0.000000 0.000000 0.000000 0.000000 0.000000 0.000000 0.000000 0.000000 0.000000 0.000000 0.000000 0.000000 0.000000 0.000000 0.000000 0.000000 0.000000 0.000000 0.070312 0.070312 0.281250 0.281250 0.281250 0.179688 0.179688 0.679688 0.679688 0.679688 0.570312 0.570312 0.781250 0.781250 0.781250 0.687500 0.687500 0.375000 0.375000 0.375000 0.601562 0.601562 0.671875 0.671875 0.671875 0.656250 0.656250 1.437500 1.437500 1.437500 1.460938
0.000000 0.000000 0.000000 0.000000 0.000000 0.000000 0.000000 0.000000 0.000000 0.000000 0.000000 0.000000 0.000000 0.000000 0.000000 0.000000 0.000000 0.000000 0.000000 0.000000 0.000000 0.000000 0.000000 0.000000 0.000000 0.000000 0.000000 0.000000 0.000000 0.000000 0.000000 0.000000 0.000000 0.000000 0.000000 0.000000 0.000000 0.054688 0.054688 0.226562 0.226562 0.226562 0.234375 0.234375 0.609375 0.609375 0.609375 0.718750 0.718750 0.679688 0.679688 0.679688 0.578125 0.578125 0.460938 0.460938 0.460938 0.281250 0.281250 0.812500 0.812500 0.812500 0.953125
0.000000 0.000000 0.000000 0.000000 0.000000 0.000000 0.000000 0.000000 0.000000 0.000000 0.000000 0.000000 0.000000 0.000000 0.000000 0.000000 0.000000 0.000000 0.000000 0.000000 0.000000 0.000000 0.000000 0.000000 0.000000 0.000000 0.000000 0.000000 0.000000 0.000000 0.000000 0.000000 0.000000 0.000000 0.000000 0.000000 0.000000 0.054688 0.054688 0.226562 0.226562 0.226562 0.234375 0.234375 0.609375 0.609375 0.609375 0.718750 0.718750 0.679688 0.679688 0.679688 0.578125 0.578125 0.460938 0.460938 0.460938 0.281250 0.281250 0.812500 0.812500 0.812500 0.953125
0.000000 0.000000 0.000000 0.000000 0.000000 0.000000 0.000000 0.000000 0.000000 0.000000 0.000000 0.000000 0.000000 0.000000 0.000000 0.000000 0.000000 0.000000 0.000000 0.000000 0.000000 0.000000 0.000000 0.000000 0.000000 0.000000 0.000000 0.007812 0.007812 0.000000 0.000000 0.000000 0.000000 0.000000 0.000000 0.000000 0.000000 0.289062 0.289062 0.937500 0.937500 0.937500 0.367188 0.367188 0.312500 0.312500 0.312500 0.335938 0.335938 0.781250 0.781250 0.781250 0.664062 0.664062 0.312500 0.312500 0.312500 0.117188 0.117188 0.335938 0.335938 0.335938 0.312500
