Data/APCP/20200108.f102.apcp.gfs.pakistan.txt
ncols        169
nrows        134
xllcorner    60.900000000000
yllcorner    23.700000000000
cellsize     0.100000000000
NODATA_value  -9999
[rows 0 to 42 of 134, columns 0 to 94 of 169]
5.875 5.875 4.625 4.625 4.625 3.4375 3.4375 2.8125 2.8125 2.8125 3.0625 3.0625 3.5625 3.5625 3.5625 4.4375 4.4375 5.375 5.375 5.375 5.375 5.375 5.375 5.375 5.375 5.5625 5.5625 4.25 4.25 4.25 2.125 2.125 2.3125 2.3125 2.3125 1.3125 1.3125 0.5625 0.5625 0.5625 0.375 0.375 0.0625 0.0625 0.0625 0 0 0 0 0 0.0625 0.0625 0.125 0.125 0.125 0.3125 0.3125 0.125 0.125 0.125 0 0 0.0625 0.0625 0.0625 0 0 0 0 0 0.0625 0.0625 0 0 0 0 0 0 0 0 0 0 0 0 0 0 0 0 0 0 0 0 0.0625 0.0625 0.0625
5.875 5.875 4.625 4.625 4.625 3.4375 3.4375 2.8125 2.8125 2.8125 3.0625 3.0625 3.5625 3.5625 3.5625 4.4375 4.4375 5.375 5.375 5.375 5.375 5.375 5.375 5.375 5.375 5.5625 5.5625 4.25 4.25 4.25 2.125 2.125 2.3125 2.3125 2.3125 1.3125 1.3125 0.5625 0.5625 0.5625 0.375 0.375 0.0625 0.0625 0.0625 0 0 0 0 0 0.0625 0.0625 0.125 0.125 0.125 0.3125 0.3125 0.125 0.125 0.125 0 0 0.0625 0.0625 0.0625 0 0 0 0 0 0.0625 0.0625 0 0 0 0 0 0 0 0 0 0 0 0 0 0 0 0 0 0 0 0 0.0625 0.0625 0.0625
7.3125 7.3125 6.5 6.5 6.5 5.5625 5.5625 4.625 4.625 4.625 4.5 4.5 4.6875 4.6875 4.6875 5.125 5.125 6.1875 6.1875 6.1875 6 6 5.4375 5.4375 5.4375 5 5 3.8125 3.8125 3.8125 2.6875 2.6875 1.875 1.875 1.875 0.8125 0.8125 0.3125 0.3125 0.3125 0.25 0.25 0.125 0.125 0.125 0 0 0 0 0 0.0625 0.0625 0.125 0.125 0.125 0.125 0.125 0 0 0 0 0 0 0 0 0 0 0 0 0 0 0 0 0 0 0 0 0 0 0 0 0 0 0 0 0 0 0 0 0 0.0625 0.0625 0.0625 0.0625 0.0625
7.3125 7.3125 6.5 6.5 6.5 5.5625 5.5625 4.625 4.625 4.625 4.5 4.5 4.6875 4.6875 4.6875 5.125 5.125 6.1875 6.1875 6.1875 6 6 5.4375 5.4375 5.4375 5 5 3.8125 3.8125 3.8125 2.6875 2.6875 1.875 1.875 1.875 0.8125 0.8125 0.3125 0.3125 0.3125 0.25 0.25 0.125 0.125 0.125 0 0 0 0 0 0.0625 0.0625 0.125 0.125 0.125 0.125 0.125 0 0 0 0 0 0 0 0 0 0 0 0 0 0 0 0 0 0 0 0 0 0 0 0 0 0 0 0 0 0 0 0 0 0.0625 0.0625 0.0625 0.0625 0.0625
7.3125 7.3125 6.5 6.5 6.5 5.5625 5.5625 4.625 4.625 4.625 4.5 4.5 4.6875 4.6875 4.6875 5.125 5.125 6.1875 6.1875 6.1875 6 6 5.4375 5.4375 5.4375 5 5 3.8125 3.8125 3.8125 2.6875 2.6875 1.875 1.875 1.875 0.8125 0.8125 0.3125 0.3125 0.3125 0.25 0.25 0.125 0.125 0.125 0 0 0 0 0 0.0625 0.0625 0.125 0.125 0.125 0.125 0.125 0 0 0 0 0 0 0 0 0 0 0 0 0 0 0 0 0 0 0 0 0 0 0 0 0 0 0 0 0 0 0 0 0 0.0625 0.0625 0.0625 0.0625 0.0625
8.125 8.125 7.9375 7.9375 7.9375 7.75 7.75 6.3125 6.3125 6.3125 5.5625 5.5625 5.4375 5.4375 5.4375 5.375 5.375 5.75 5.75 5.75 5.5 5.5 4.625 4.625 4.625 4 4 3.75 3.75 3.75 3.25 3.25 1.375 1.375 1.375 0.5625 0.5625 0.3125 0.3125 0.3125 0.25 0.25 0.125 0.125 0.125 0 0 0 0 0 0.0625 0.0625 0 0 0 0 0 0 0 0 0.0625 0.0625 0.0625 0.0625 0.0625 0.125 0.125 0.0625 0.0625 0.0625 0.0625 0.0625 0.0625 0.0625 0.0625 0 0 0 0 0 0 0 0 0 0 0 0 0 0 0 0.1875 0.1875 0.3125 0.3125 0.3125
8.125 8.125 7.9375 7.9375 7.9375 7.75 7.75 6.3125 6.3125 6.3125 5.5625 5.5625 5.4375 5.4375 5.4375 5.375 5.375 5.75 5.75 5.75 5.5 5.5 4.625 4.625 4.625 4 4 3.75 3.75 3.75 3.25 3.25 1.375 1.375 1.375 0.5625 0.5625 0.3125 0.3125 0.3125 0.25 0.25 0.125 0.125 0.125 0 0 0 0 0 0.0625 0.0625 0 0 0 0 0 0 0 0 0.0625 0.0625 0.0625 0.0625 0.0625 0.125 0.125 0.0625 0.0625 0.0625 0.0625 0.0625 0.0625 0.0625 0.0625 0 0 0 0 0 0 0 0 0 0 0 0 0 0 0 0.1875 0.1875 0.3125 0.3125 0.3125
8.25 8.25 9.4375 9.4375 9.4375 9 9 7 7 7 5.9375 5.9375 5.5 5.5 5.5 4.75 4.75 3.8125 3.8125 3.8125 3.25 3.25 3.375 3.375 3.375 3.75 3.75 4.125 4.125 4.125 3.9375 3.9375 2.9375 2.9375 2.9375 2 2 1 1 1 0.375 0.375 0.25 0.25 0.25 0.125 0.125 0.125 0.125 0.125 0.0625 0.0625 0.0625 0.0625 0.0625 0 0 0 0 0 0.0625 0.0625 0.0625 0.0625 0.0625 0.0625 0.0625 0.0625 0.0625 0.0625 0.0625 0.0625 0.0625 0.0625 0.0625 0 0 0 0 0 0 0 0 0 0 0 0 0.125 0.125 0.125 0.375 0.375 0.375 0.375 0.375
8.25 8.25 9.4375 9.4375 9.4375 9 9 7 7 7 5.9375 5.9375 5.5 5.5 5.5 4.75 4.75 3.8125 3.8125 3.8125 3.25 3.25 3.375 3.375 3.375 3.75 3.75 4.125 4.125 4.125 3.9375 3.9375 2.9375 2.9375 2.9375 2 2 1 1 1 0.375 0.375 0.25 0.25 0.25 0.125 0.125 0.125 0.125 0.125 0.0625 0.0625 0.0625 0.0625 0.0625 0 0 0 0 0 0.0625 0.0625 0.0625 0.0625 0.0625 0.0625 0.0625 0.0625 0.0625 0.0625 0.0625 0.0625 0.0625 0.0625 0.0625 0 0 0 0 0 0 0 0 0 0 0 0 0.125 0.125 0.125 0.375 0.375 0.375 0.375 0.375
8.25 8.25 9.4375 9.4375 9.4375 9 9 7 7 7 5.9375 5.9375 5.5 5.5 5.5 4.75 4.75 3.8125 3.8125 3.8125 3.25 3.25 3.375 3.375 3.375 3.75 3.75 4.125 4.125 4.125 3.9375 3.9375 2.9375 2.9375 2.9375 2 2 1 1 1 0.375 0.375 0.25 0.25 0.25 0.125 0.125 0.125 0.125 0.125 0.0625 0.0625 0.0625 0.0625 0.0625 0 0 0 0 0 0.0625 0.0625 0.0625 0.0625 0.0625 0.0625 0.0625 0.0625 0.0625 0.0625 0.0625 0.0625 0.0625 0.0625 0.0625 0 0 0 0 0 0 0 0 0 0 0 0 0.125 0.125 0.125 0.375 0.375 0.375 0.375 0.375
11.4375 11.4375 10.4375 10.4375 10.4375 8.75 8.75 7.5 7.5 7.5 6.1875 6.1875 5 5 5 3.75 3.75 3.8125 3.8125 3.8125 4.375 4.375 5.75 5.75 5.75 6.25 6.25 6.1875 6.1875 6.1875 6.25 6.25 4.75 4.75 4.75 2.625 2.625 1.625 1.625 1.625 1 1 0.5 0.5 0.5 0.3125 0.3125 0.1875 0.1875 0.1875 0.0625 0.0625 0.0625 0.0625 0.0625 0.0625 0.0625 0.0625 0.0625 0.0625 0.0625 0.0625 0 0 0 0 0 0 0 0 0 0 0.0625 0.0625 0.0625 0 0 0 0 0 0 0 0.0625 0.0625 0.0625 0.125 0.125 0.125 0.125 0.125 0.125 0.125 0.0625 0.0625 0.0625
11.4375 11.4375 10.4375 10.4375 10.4375 8.75 8.75 7.5 7.5 7.5 6.1875 6.1875 5 5 5 3.75 3.75 3.8125 3.8125 3.8125 4.375 4.375 5.75 5.75 5.75 6.25 6.25 6.1875 6.1875 6.1875 6.25 6.25 4.75 4.75 4.75 2.625 2.625 1.625 1.625 1.625 1 1 0.5 0.5 0.5 0.3125 0.3125 0.1875 0.1875 0.1875 0.0625 0.0625 0.0625 0.0625 0.0625 0.0625 0.0625 0.0625 0.0625 0.0625 0.0625 0.0625 0 0 0 0 0 0 0 0 0 0 0.0625 0.0625 0.0625 0 0 0 0 0 0 0 0.0625 0.0625 0.0625 0.125 0.125 0.125 0.125 0.125 0.125 0.125 0.0625 0.0625 0.0625
8.25 8.25 8.125 8.125 8.125 7.1875 7.1875 4.8125 4.8125 4.8125 3.9375 3.9375 3.9375 3.9375 3.9375 4.625 4.625 7.5625 7.5625 7.5625 9.375 9.375 11.1875 11.1875 11.1875 13.125 13.125 11.8125 11.8125 11.8125 8 8 5.25 5.25 5.25 3.25 3.25 2.625 2.625 2.625 1.9375 1.9375 0.3125 0.3125 0.3125 0.125 0.125 0.125 0.125 0.125 0 0 0.0625 0.0625 0.0625 0.0625 0.0625 0.0625 0.0625 0.0625 0.125 0.125 0 0 0 0 0 0 0 0 0 0 0 0 0 0 0 0 0 0 0.0625 0.0625 0.0625 0.0625 0.0625 0.0625 0.0625 0.125 0.125 0.125 0.0625 0.0625 0.25 0.25 0.25
8.25 8.25 8.125 8.125 8.125 7.1875 7.1875 4.8125 4.8125 4.8125 3.9375 3.9375 3.9375 3.9375 3.9375 4.625 4.625 7.5625 7.5625 7.5625 9.375 9.375 11.1875 11.1875 11.1875 13.125 13.125 11.8125 11.8125 11.8125 8 8 5.25 5.25 5.25 3.25 3.25 2.625 2.625 2.625 1.9375 1.9375 0.3125 0.3125 0.3125 0.125 0.125 0.125 0.125 0.125 0 0 0.0625 0.0625 0.0625 0.0625 0.0625 0.0625 0.0625 0.0625 0.125 0.125 0 0 0 0 0 0 0 0 0 0 0 0 0 0 0 0 0 0 0.0625 0.0625 0.0625 0.0625 0.0625 0.0625 0.0625 0.125 0.125 0.125 0.0625 0.0625 0.25 0.25 0.25
8.25 8.25 8.125 8.125 8.125 7.1875 7.1875 4.8125 4.8125 4.8125 3.9375 3.9375 3.9375 3.9375 3.9375 4.625 4.625 7.5625 7.5625 7.5625 9.375 9.375 11.1875 11.1875 11.1875 13.125 13.125 11.8125 11.8125 11.8125 8 8 5.25 5.25 5.25 3.25 3.25 2.625 2.625 2.625 1.9375 1.9375 0.3125 0.3125 0.3125 0.125 0.125 0.125 0.125 0.125 0 0 0.0625 0.0625 0.0625 0.0625 0.0625 0.0625 0.0625 0.0625 0.125 0.125 0 0 0 0 0 0 0 0 0 0 0 0 0 0 0 0 0 0 0.0625 0.0625 0.0625 0.0625 0.0625 0.0625 0.0625 0.125 0.125 0.125 0.0625 0.0625 0.25 0.25 0.25
7.375 7.375 5.6875 5.6875 5.6875 4 4 4.5 4.5 4.5 5.625 5.625 5.9375 5.9375 5.9375 7.8125 7.8125 9.75 9.75 9.75 10.625 10.625 12.5625 12.5625 12.5625 15.1875 15.1875 12.875 12.875 12.875 7.75 7.75 3.5625 3.5625 3.5625 2.5625 2.5625 3.3125 3.3125 3.3125 2.5 2.5 1.0625 1.0625 1.0625 0.875 0.875 0.6875 0.6875 0.6875 0.5 0.5 0.5625 0.5625 0.5625 0.3125 0.3125 0.25 0.25 0.25 0.125 0.125 0.0625 0.0625 0.0625 0 0 0 0 0 0 0 0 0 0 0 0 0.25 0.25 0.25 0.5625 0.5625 0.625 0.625 0.625 0.5 0.5 0.1875 0.1875 0.1875 0.5625 0.5625 1.0625 1.0625 1.0625
7.375 7.375 5.6875 5.6875 5.6875 4 4 4.5 4.5 4.5 5.625 5.625 5.9375 5.9375 5.9375 7.8125 7.8125 9.75 9.75 9.75 10.625 10.625 12.5625 12.5625 12.5625 15.1875 15.1875 12.875 12.875 12.875 7.75 7.75 3.5625 3.5625 3.5625 2.5625 2.5625 3.3125 3.3125 3.3125 2.5 2.5 1.0625 1.0625 1.0625 0.875 0.875 0.6875 0.6875 0.6875 0.5 0.5 0.5625 0.5625 0.5625 0.3125 0.3125 0.25 0.25 0.25 0.125 0.125 0.0625 0.0625 0.0625 0 0 0 0 0 0 0 0 0 0 0 0 0.25 0.25 0.25 0.5625 0.5625 0.625 0.625 0.625 0.5 0.5 0.1875 0.1875 0.1875 0.5625 0.5625 1.0625 1.0625 1.0625
2.25 2.25 5.5625 5.5625 5.5625 8.75 8.75 9.4375 9.4375 9.4375 10.375 10.375 10.1875 10.1875 10.1875 10.6875 10.6875 11.0625 11.0625 11.0625 11.0625 11.0625 11.625 11.625 11.625 13.25 13.25 10.125 10.125 10.125 4.5625 4.5625 1.5 1.5 1.5 1.4375 1.4375 2.0625 2.0625 2.0625 1.875 1.875 2.1875 2.1875 2.1875 2.75 2.75 2 2 2 1.625 1.625 1.25 1.25 1.25 0.625 0.625 0.875 0.875 0.875 0.3125 0.3125 0.0625 0.0625 0.0625 0 0 0 0 0 0 0 0.125 0.125 0.125 0.5625 0.5625 2.5 2.5 2.5 4.1875 4.1875 2.6875 2.6875 2.6875 1.3125 1.3125 0.5 0.5 0.5 1.5 1.5 1.3125 1.3125 1.3125
2.25 2.25 5.5625 5.5625 5.5625 8.75 8.75 9.4375 9.4375 9.4375 10.375 10.375 10.1875 10.1875 10.1875 10.6875 10.6875 11.0625 11.0625 11.0625 11.0625 11.0625 11.625 11.625 11.625 13.25 13.25 10.125 10.125 10.125 4.5625 4.5625 1.5 1.5 1.5 1.4375 1.4375 2.0625 2.0625 2.0625 1.875 1.875 2.1875 2.1875 2.1875 2.75 2.75 2 2 2 1.625 1.625 1.25 1.25 1.25 0.625 0.625 0.875 0.875 0.875 0.3125 0.3125 0.0625 0.0625 0.0625 0 0 0 0 0 0 0 0.125 0.125 0.125 0.5625 0.5625 2.5 2.5 2.5 4.1875 4.1875 2.6875 2.6875 2.6875 1.3125 1.3125 0.5 0.5 0.5 1.5 1.5 1.3125 1.3125 1.3125
2.25 2.25 5.5625 5.5625 5.5625 8.75 8.75 9.4375 9.4375 9.4375 10.375 10.375 10.1875 10.1875 10.1875 10.6875 10.6875 11.0625 11.0625 11.0625 11.0625 11.0625 11.625 11.625 11.625 13.25 13.25 10.125 10.125 10.125 4.5625 4.5625 1.5 1.5 1.5 1.4375 1.4375 2.0625 2.0625 2.0625 1.875 1.875 2.1875 2.1875 2.1875 2.75 2.75 2 2 2 1.625 1.625 1.25 1.25 1.25 0.625 0.625 0.875 0.875 0.875 0.3125 0.3125 0.0625 0.0625 0.0625 0 0 0 0 0 0 0 0.125 0.125 0.125 0.5625 0.5625 2.5 2.5 2.5 4.1875 4.1875 2.6875 2.6875 2.6875 1.3125 1.3125 0.5 0.5 0.5 1.5 1.5 1.3125 1.3125 1.3125
2.5 2.5 5.75 5.75 5.75 13.375 13.375 17.25 17.25 17.25 16.9375 16.9375 16.1875 16.1875 16.1875 15.6875 15.6875 13.5 13.5 13.5 11.5 11.5 12.25 12.25 12.25 12 12 6.4375 6.4375 6.4375 1.875 1.875 1.6875 1.6875 1.6875 2.5625 2.5625 2.25 2.25 2.25 2.0625 2.0625 2.375 2.375 2.375 1.4375 1.4375 0.75 0.75 0.75 0.875 0.875 0.875 0.875 0.875 0.8125 0.8125 0.5 0.5 0.5 0.25 0.25 0.1875 0.1875 0.1875 0.25 0.25 0.4375 0.4375 0.4375 0.3125 0.3125 1.0625 1.0625 1.0625 2.1875 2.1875 3.1875 3.1875 3.1875 5.625 5.625 4.6875 4.6875 4.6875 2.625 2.625 1.625 1.625 1.625 1.5625 1.5625 1 1 1
2.5 2.5 5.75 5.75 5.75 13.375 13.375 17.25 17.25 17.25 16.9375 16.9375 16.1875 16.1875 16.1875 15.6875 15.6875 13.5 13.5 13.5 11.5 11.5 12.25 12.25 12.25 12 12 6.4375 6.4375 6.4375 1.875 1.875 1.6875 1.6875 1.6875 2.5625 2.5625 2.25 2.25 2.25 2.0625 2.0625 2.375 2.375 2.375 1.4375 1.4375 0.75 0.75 0.75 0.875 0.875 0.875 0.875 0.875 0.8125 0.8125 0.5 0.5 0.5 0.25 0.25 0.1875 0.1875 0.1875 0.25 0.25 0.4375 0.4375 0.4375 0.3125 0.3125 1.0625 1.0625 1.0625 2.1875 2.1875 3.1875 3.1875 3.1875 5.625 5.625 4.6875 4.6875 4.6875 2.625 2.625 1.625 1.625 1.625 1.5625 1.5625 1 1 1
8.5 8.5 8.9375 8.9375 8.9375 11.375 11.375 15.625 15.625 15.625 20.3125 20.3125 23.375 23.375 23.375 21.6875 21.6875 16.1875 16.1875 16.1875 12.3125 12.3125 10.9375 10.9375 10.9375 8.8125 8.8125 3.6875 3.6875 3.6875 1.5 1.5 2.125 2.125 2.125 2.9375 2.9375 3.0625 3.0625 3.0625 2.5 2.5 1.625 1.625 1.625 0.875 0.875 0.5 0.5 0.5 0.4375 0.4375 0.5625 0.5625 0.5625 0.3125 0.3125 0.1875 0.1875 0.1875 0.25 0.25 0.5625 0.5625 0.5625 1.1875 1.1875 1.625 1.625 1.625 1.125 1.125 1.4375 1.4375 1.4375 2.0625 2.0625 3.5625 3.5625 3.5625 5.25 5.25 3.1875 3.1875 3.1875 1.5625 1.5625 1 1 1 0.5625 0.5625 0.375 0.375 0.375
8.5 8.5 8.9375 8.9375 8.9375 11.375 11.375 15.625 15.625 15.625 20.3125 20.3125 23.375 23.375 23.375 21.6875 21.6875 16.1875 16.1875 16.1875 12.3125 12.3125 10.9375 10.9375 10.9375 8.8125 8.8125 3.6875 3.6875 3.6875 1.5 1.5 2.125 2.125 2.125 2.9375 2.9375 3.0625 3.0625 3.0625 2.5 2.5 1.625 1.625 1.625 0.875 0.875 0.5 0.5 0.5 0.4375 0.4375 0.5625 0.5625 0.5625 0.3125 0.3125 0.1875 0.1875 0.1875 0.25 0.25 0.5625 0.5625 0.5625 1.1875 1.1875 1.625 1.625 1.625 1.125 1.125 1.4375 1.4375 1.4375 2.0625 2.0625 3.5625 3.5625 3.5625 5.25 5.25 3.1875 3.1875 3.1875 1.5625 1.5625 1 1 1 0.5625 0.5625 0.375 0.375 0.375
8.5 8.5 8.9375 8.9375 8.9375 11.375 11.375 15.625 15.625 15.625 20.3125 20.3125 23.375 23.375 23.375 21.6875 21.6875 16.1875 16.1875 16.1875 12.3125 12.3125 10.9375 10.9375 10.9375 8.8125 8.8125 3.6875 3.6875 3.6875 1.5 1.5 2.125 2.125 2.125 2.9375 2.9375 3.0625 3.0625 3.0625 2.5 2.5 1.625 1.625 1.625 0.875 0.875 0.5 0.5 0.5 0.4375 0.4375 0.5625 0.5625 0.5625 0.3125 0.3125 0.1875 0.1875 0.1875 0.25 0.25 0.5625 0.5625 0.5625 1.1875 1.1875 1.625 1.625 1.625 1.125 1.125 1.4375 1.4375 1.4375 2.0625 2.0625 3.5625 3.5625 3.5625 5.25 5.25 3.1875 3.1875 3.1875 1.5625 1.5625 1 1 1 0.5625 0.5625 0.375 0.375 0.375
12.75 12.75 10 10 10 6.5 6.5 8.875 8.875 8.875 16.5 16.5 17.1875 17.1875 17.1875 12.6875 12.6875 12.25 12.25 12.25 12.25 12.25 9.375 9.375 9.375 3.5625 3.5625 1.1875 1.1875 1.1875 0.8125 0.8125 1.5 1.5 1.5 2.8125 2.8125 2.375 2.375 2.375 1.1875 1.1875 1 1 1 1 1 0.875 0.875 0.875 1.0625 1.0625 0.8125 0.8125 0.8125 0.1875 0.1875 0.1875 0.1875 0.1875 0.375 0.375 0.9375 0.9375 0.9375 1.875 1.875 1.9375 1.9375 1.9375 1.1875 1.1875 1.0625 1.0625 1.0625 2.375 2.375 3.6875 3.6875 3.6875 3.5625 3.5625 2.1875 2.1875 2.1875 2.125 2.125 1.6875 1.6875 1.6875 0.625 0.625 0.3125 0.3125 0.3125
12.75 12.75 10 10 10 6.5 6.5 8.875 8.875 8.875 16.5 16.5 17.1875 17.1875 17.1875 12.6875 12.6875 12.25 12.25 12.25 12.25 12.25 9.375 9.375 9.375 3.5625 3.5625 1.1875 1.1875 1.1875 0.8125 0.8125 1.5 1.5 1.5 2.8125 2.8125 2.375 2.375 2.375 1.1875 1.1875 1 1 1 1 1 0.875 0.875 0.875 1.0625 1.0625 0.8125 0.8125 0.8125 0.1875 0.1875 0.1875 0.1875 0.1875 0.375 0.375 0.9375 0.9375 0.9375 1.875 1.875 1.9375 1.9375 1.9375 1.1875 1.1875 1.0625 1.0625 1.0625 2.375 2.375 3.6875 3.6875 3.6875 3.5625 3.5625 2.1875 2.1875 2.1875 2.125 2.125 1.6875 1.6875 1.6875 0.625 0.625 0.3125 0.3125 0.3125
7 7 7.25 7.25 7.25 9.4375 9.4375 11.4375 11.4375 11.4375 15.875 15.875 14.375 14.375 14.375 12.1875 12.1875 11 11 11 9.75 9.75 6.9375 6.9375 6.9375 1.5625 1.5625 0.1875 0.1875 0.1875 0.125 0.125 0.9375 0.9375 0.9375 2.5 2.5 2.0625 2.0625 2.0625 1.625 1.625 1.375 1.375 1.375 2.625 2.625 3.1875 3.1875 3.1875 3.375 3.375 2.5 2.5 2.5 0.875 0.875 0.8125 0.8125 0.8125 1.125 1.125 1 1 1 0.875 0.875 1.1875 1.1875 1.1875 0.9375 0.9375 1.25 1.25 1.25 2.125 2.125 2.875 2.875 2.875 2.25 2.25 1.5625 1.5625 1.5625 2.3125 2.3125 2.875 2.875 2.875 2.25 2.25 1.625 1.625 1.625
7 7 7.25 7.25 7.25 9.4375 9.4375 11.4375 11.4375 11.4375 15.875 15.875 14.375 14.375 14.375 12.1875 12.1875 11 11 11 9.75 9.75 6.9375 6.9375 6.9375 1.5625 1.5625 0.1875 0.1875 0.1875 0.125 0.125 0.9375 0.9375 0.9375 2.5 2.5 2.0625 2.0625 2.0625 1.625 1.625 1.375 1.375 1.375 2.625 2.625 3.1875 3.1875 3.1875 3.375 3.375 2.5 2.5 2.5 0.875 0.875 0.8125 0.8125 0.8125 1.125 1.125 1 1 1 0.875 0.875 1.1875 1.1875 1.1875 0.9375 0.9375 1.25 1.25 1.25 2.125 2.125 2.875 2.875 2.875 2.25 2.25 1.5625 1.5625 1.5625 2.3125 2.3125 2.875 2.875 2.875 2.25 2.25 1.625 1.625 1.625
7 7 7.25 7.25 7.25 9.4375 9.4375 11.4375 11.4375 11.4375 15.875 15.875 14.375 14.375 14.375 12.1875 12.1875 11 11 11 9.75 9.75 6.9375 6.9375 6.9375 1.5625 1.5625 0.1875 0.1875 0.1875 0.125 0.125 0.9375 0.9375 0.9375 2.5 2.5 2.0625 2.0625 2.0625 1.625 1.625 1.375 1.375 1.375 2.625 2.625 3.1875 3.1875 3.1875 3.375 3.375 2.5 2.5 2.5 0.875 0.875 0.8125 0.8125 0.8125 1.125 1.125 1 1 1 0.875 0.875 1.1875 1.1875 1.1875 0.9375 0.9375 1.25 1.25 1.25 2.125 2.125 2.875 2.875 2.875 2.25 2.25 1.5625 1.5625 1.5625 2.3125 2.3125 2.875 2.875 2.875 2.25 2.25 1.625 1.625 1.625
2.3125 2.3125 4.25 4.25 4.25 6 6 9.125 9.125 9.125 12.3125 12.3125 12.9375 12.9375 12.9375 15.875 15.875 15.1875 15.1875 15.1875 10 10 5.3125 5.3125 5.3125 1.3125 1.3125 1 1 1 1.3125 1.3125 2.875 2.875 2.875 3.25 3.25 1.8125 1.8125 1.8125 1.5625 1.5625 3.375 3.375 3.375 6.75 6.75 7.5625 7.5625 7.5625 7.75 7.75 5.8125 5.8125 5.8125 2.5625 2.5625 1.6875 1.6875 1.6875 2 2 1.125 1.125 1.125 0.6875 0.6875 1.1875 1.1875 1.1875 1 1 2 2 2 3.0625 3.0625 3.125 3.125 3.125 2 2 1.6875 1.6875 1.6875 2.4375 2.4375 2.375 2.375 2.375 2.125 2.125 2.1875 2.1875 2.1875
2.3125 2.3125 4.25 4.25 4.25 6 6 9.125 9.125 9.125 12.3125 12.3125 12.9375 12.9375 12.9375 15.875 15.875 15.1875 15.1875 15.1875 10 10 5.3125 5.3125 5.3125 1.3125 1.3125 1 1 1 1.3125 1.3125 2.875 2.875 2.875 3.25 3.25 1.8125 1.8125 1.8125 1.5625 1.5625 3.375 3.375 3.375 6.75 6.75 7.5625 7.5625 7.5625 7.75 7.75 5.8125 5.8125 5.8125 2.5625 2.5625 1.6875 1.6875 1.6875 2 2 1.125 1.125 1.125 0.6875 0.6875 1.1875 1.1875 1.1875 1 1 2 2 2 3.0625 3.0625 3.125 3.125 3.125 2 2 1.6875 1.6875 1.6875 2.4375 2.4375 2.375 2.375 2.375 2.125 2.125 2.1875 2.1875 2.1875
2.4375 2.4375 1.5625 1.5625 1.5625 1.375 1.375 6.9375 6.9375 6.9375 9.125 9.125 11.125 11.125 11.125 15.8125 15.8125 17.25 17.25 17.25 11.25 11.25 5.5625 5.5625 5.5625 3.125 3.125 3.8125 3.8125 3.8125 3.6875 3.6875 4.6875 4.6875 4.6875 3.625 3.625 3.5625 3.5625 3.5625 4.6875 4.6875 8.1875 8.1875 8.1875 11.0625 11.0625 12.75 12.75 12.75 12.75 12.75 7.125 7.125 7.125 2.6875 2.6875 1 1 1 1.125 1.125 1.0625 1.0625 1.0625 0.875 0.875 1.5625 1.5625 1.5625 2.375 2.375 4.0625 4.0625 4.0625 3.5625 3.5625 3.1875 3.1875 3.1875 2.25 2.25 1.5625 1.5625 1.5625 2.0625 2.0625 2.375 2.375 2.375 1.875 1.875 1.625 1.625 1.625
2.4375 2.4375 1.5625 1.5625 1.5625 1.375 1.375 6.9375 6.9375 6.9375 9.125 9.125 11.125 11.125 11.125 15.8125 15.8125 17.25 17.25 17.25 11.25 11.25 5.5625 5.5625 5.5625 3.125 3.125 3.8125 3.8125 3.8125 3.6875 3.6875 4.6875 4.6875 4.6875 3.625 3.625 3.5625 3.5625 3.5625 4.6875 4.6875 8.1875 8.1875 8.1875 11.0625 11.0625 12.75 12.75 12.75 12.75 12.75 7.125 7.125 7.125 2.6875 2.6875 1 1 1 1.125 1.125 1.0625 1.0625 1.0625 0.875 0.875 1.5625 1.5625 1.5625 2.375 2.375 4.0625 4.0625 4.0625 3.5625 3.5625 3.1875 3.1875 3.1875 2.25 2.25 1.5625 1.5625 1.5625 2.0625 2.0625 2.375 2.375 2.375 1.875 1.875 1.625 1.625 1.625
2.4375 2.4375 1.5625 1.5625 1.5625 1.375 1.375 6.9375 6.9375 6.9375 9.125 9.125 11.125 11.125 11.125 15.8125 15.8125 17.25 17.25 17.25 11.25 11.25 5.5625 5.5625 5.5625 3.125 3.125 3.8125 3.8125 3.8125 3.6875 3.6875 4.6875 4.6875 4.6875 3.625 3.625 3.5625 3.5625 3.5625 4.6875 4.6875 8.1875 8.1875 8.1875 11.0625 11.0625 12.75 12.75 12.75 12.75 12.75 7.125 7.125 7.125 2.6875 2.6875 1 1 1 1.125 1.125 1.0625 1.0625 1.0625 0.875 0.875 1.5625 1.5625 1.5625 2.375 2.375 4.0625 4.0625 4.0625 3.5625 3.5625 3.1875 3.1875 3.1875 2.25 2.25 1.5625 1.5625 1.5625 2.0625 2.0625 2.375 2.375 2.375 1.875 1.875 1.625 1.625 1.625
1.5 1.5 0.25 0.25 0.25 0.875 0.875 4.8125 4.8125 4.8125 7.75 7.75 10 10 10 12.875 12.875 12.0625 12.0625 12.0625 11.1875 11.1875 7.9375 7.9375 7.9375 3.0625 3.0625 3.875 3.875 3.875 4.5625 4.5625 4.4375 4.4375 4.4375 4.75 4.75 7.4375 7.4375 7.4375 8.9375 8.9375 12.0625 12.0625 12.0625 14.75 14.75 12.25 12.25 12.25 11 11 6.0625 6.0625 6.0625 1.3125 1.3125 0.8125 0.8125 0.8125 1.1875 1.1875 1 1 1 1.6875 1.6875 3.125 3.125 3.125 5.8125 5.8125 5.875 5.875 5.875 3.8125 3.8125 2.0625 2.0625 2.0625 1.1875 1.1875 1.0625 1.0625 1.0625 1.875 1.875 1.625 1.625 1.625 1.3125 1.3125 1.25 1.25 1.25
1.5 1.5 0.25 0.25 0.25 0.875 0.875 4.8125 4.8125 4.8125 7.75 7.75 10 10 10 12.875 12.875 12.0625 12.0625 12.0625 11.1875 11.1875 7.9375 7.9375 7.9375 3.0625 3.0625 3.875 3.875 3.875 4.5625 4.5625 4.4375 4.4375 4.4375 4.75 4.75 7.4375 7.4375 7.4375 8.9375 8.9375 12.0625 12.0625 12.0625 14.75 14.75 12.25 12.25 12.25 11 11 6.0625 6.0625 6.0625 1.3125 1.3125 0.8125 0.8125 0.8125 1.1875 1.1875 1 1 1 1.6875 1.6875 3.125 3.125 3.125 5.8125 5.8125 5.875 5.875 5.875 3.8125 3.8125 2.0625 2.0625 2.0625 1.1875 1.1875 1.0625 1.0625 1.0625 1.875 1.875 1.625 1.625 1.625 1.3125 1.3125 1.25 1.25 1.25
1.3125 1.3125 0.4375 0.4375 0.4375 0.625 0.625 4.5625 4.5625 4.5625 8.125 8.125 9.0625 9.0625 9.0625 10.125 10.125 8.5 8.5 8.5 8.4375 8.4375 6.875 6.875 6.875 2.5625 2.5625 5.875 5.875 5.875 6.625 6.625 6.5625 6.5625 6.5625 9.5 9.5 13.5 13.5 13.5 14.375 14.375 16.75 16.75 16.75 18.125 18.125 12.4375 12.4375 12.4375 8.375 8.375 3.9375 3.9375 3.9375 1.125 1.125 0.8125 0.8125 0.8125 1 1 3.5 3.5 3.5 4.9375 4.9375 6.5625 6.5625 6.5625 6.9375 6.9375 5.25 5.25 5.25 4.3125 4.3125 2.375 2.375 2.375 1.125 1.125 2.125 2.125 2.125 2.375 2.375 1.5 1.5 1.5 1 1 0.8125 0.8125 0.8125
1.3125 1.3125 0.4375 0.4375 0.4375 0.625 0.625 4.5625 4.5625 4.5625 8.125 8.125 9.0625 9.0625 9.0625 10.125 10.125 8.5 8.5 8.5 8.4375 8.4375 6.875 6.875 6.875 2.5625 2.5625 5.875 5.875 5.875 6.625 6.625 6.5625 6.5625 6.5625 9.5 9.5 13.5 13.5 13.5 14.375 14.375 16.75 16.75 16.75 18.125 18.125 12.4375 12.4375 12.4375 8.375 8.375 3.9375 3.9375 3.9375 1.125 1.125 0.8125 0.8125 0.8125 1 1 3.5 3.5 3.5 4.9375 4.9375 6.5625 6.5625 6.5625 6.9375 6.9375 5.25 5.25 5.25 4.3125 4.3125 2.375 2.375 2.375 1.125 1.125 2.125 2.125 2.125 2.375 2.375 1.5 1.5 1.5 1 1 0.8125 0.8125 0.8125
1.3125 1.3125 0.4375 0.4375 0.4375 0.625 0.625 4.5625 4.5625 4.5625 8.125 8.125 9.0625 9.0625 9.0625 10.125 10.125 8.5 8.5 8.5 8.4375 8.4375 6.875 6.875 6.875 2.5625 2.5625 5.875 5.875 5.875 6.625 6.625 6.5625 6.5625 6.5625 9.5 9.5 13.5 13.5 13.5 14.375 14.375 16.75 16.75 16.75 18.125 18.125 12.4375 12.4375 12.4375 8.375 8.375 3.9375 3.9375 3.9375 1.125 1.125 0.8125 0.8125 0.8125 1 1 3.5 3.5 3.5 4.9375 4.9375 6.5625 6.5625 6.5625 6.9375 6.9375 5.25 5.25 5.25 4.3125 4.3125 2.375 2.375 2.375 1.125 1.125 2.125 2.125 2.125 2.375 2.375 1.5 1.5 1.5 1 1 0.8125 0.8125 0.8125
0.4375 0.4375 0.3125 0.3125 0.3125 0.5625 0.5625 4.4375 4.4375 4.4375 8.4375 8.4375 6.9375 6.9375 6.9375 7.1875 7.1875 5.6875 5.6875 5.6875 4.5 4.5 3.625 3.625 3.625 3.6875 3.6875 9.1875 9.1875 9.1875 9.875 9.875 12.375 12.375 12.375 16.0625 16.0625 19.1875 19.1875 19.1875 19.75 19.75 23 23 23 18.4375 18.4375 10.75 10.75 10.75 5.75 5.75 1.5625 1.5625 1.5625 0.375 0.375 0.875 0.875 0.875 4.9375 4.9375 7.25 7.25 7.25 7.4375 7.4375 8.3125 8.3125 8.3125 7.1875 7.1875 5.375 5.375 5.375 3.3125 3.3125 1.6875 1.6875 1.6875 2 2 2.875 2.875 2.875 2.875 2.875 2.5 2.5 2.5 1.4375 1.4375 0.75 0.75 0.75
0.4375 0.4375 0.3125 0.3125 0.3125 0.5625 0.5625 4.4375 4.4375 4.4375 8.4375 8.4375 6.9375 6.9375 6.9375 7.1875 7.1875 5.6875 5.6875 5.6875 4.5 4.5 3.625 3.625 3.625 3.6875 3.6875 9.1875 9.1875 9.1875 9.875 9.875 12.375 12.375 12.375 16.0625 16.0625 19.1875 19.1875 19.1875 19.75 19.75 23 23 23 18.4375 18.4375 10.75 10.75 10.75 5.75 5.75 1.5625 1.5625 1.5625 0.375 0.375 0.875 0.875 0.875 4.9375 4.9375 7.25 7.25 7.25 7.4375 7.4375 8.3125 8.3125 8.3125 7.1875 7.1875 5.375 5.375 5.375 3.3125 3.3125 1.6875 1.6875 1.6875 2 2 2.875 2.875 2.875 2.875 2.875 2.5 2.5 2.5 1.4375 1.4375 0.75 0.75 0.75
0.0625 0.0625 0.625 0.625 0.625 1.0625 1.0625 2.0625 2.0625 2.0625 3.375 3.375 3.1875 3.1875 3.1875 2.8125 2.8125 2.125 2.125 2.125 1.3125 1.3125 1.625 1.625 1.625 2.9375 2.9375 8.9375 8.9375 8.9375 12.625 12.625 13.5 13.5 13.5 17.5625 17.5625 20 20 20 24.5625 24.5625 25.3125 25.3125 25.3125 14.5625 14.5625 7.875 7.875 7.875 2.4375 2.4375 1 1 1 3.4375 3.4375 6.4375 6.4375 6.4375 9.5625 9.5625 9.6875 9.6875 9.6875 9.125 9.125 8.8125 8.8125 8.8125 6.5 6.5 3.5 3.5 3.5 2.1875 2.1875 2.9375 2.9375 2.9375 4.125 4.125 4 4 4 3.4375 3.4375 2.8125 2.8125 2.8125 2.3125 2.3125 1.5 1.5 1.5
