Data/ET/20200108.L0.pakistan.eto.forecast.txt
ncols    	169
nrows    	134
xllcorner	60.9
yllcorner	23.7
cellsize 	0.1
NODATA_value  -9999
[rows 50 to 74 of 134, columns 57 to 113 of 169]
-9999.000000 -9999.000000 -9999.000000 -9999.000000 -9999.000000 -9999.000000 -9999.000000 -9999.000000 -9999.000000 -9999.000000 -9999.000000 -9999.000000 -9999.000000 -9999.000000 -9999.000000 -9999.000000 -9999.000000 -9999.000000 -9999.000000 -9999.000000 -9999.000000 -9999.000000 -9999.000000 -9999.000000 -9999.000000 -9999.000000 -9999.000000 3.395637 3.413792 3.403772 3.945335 3.953626 3.956463 3.473295 3.496921 2.718806 2.720066 2.723565 2.926320 2.927128 3.134458 3.134817 3.135714 2.978750 2.978667 2.090219 2.089711 2.089638 2.728472 2.728472 3.502454 3.502131 3.502777 3.572334 3.572334 3.227286 3.227565
-9999.000000 -9999.000000 -9999.000000 -9999.000000 -9999.000000 -9999.000000 -9999.000000 -9999.000000 -9999.000000 -9999.000000 -9999.000000 -9999.000000 -9999.000000 -9999.000000 -9999.000000 -9999.000000 -9999.000000 -9999.000000 -9999.000000 -9999.000000 -9999.000000 -9999.000000 -9999.000000 -9999.000000 -9999.000000 -9999.000000 -9999.000000 3.392744 3.425558 3.416562 3.924434 3.921525 3.892073 3.433487 3.499014 2.699231 2.724909 2.726375 2.929029 2.930237 3.136878 3.137685 3.138491 2.980982 2.981393 2.092688 2.092326 2.092290 2.730918 2.731060 3.505021 3.505128 3.504913 3.574386 3.574710 3.229645 3.230851
-9999.000000 -9999.000000 -9999.000000 -9999.000000 -9999.000000 -9999.000000 -9999.000000 -9999.000000 -9999.000000 -9999.000000 -9999.000000 -9999.000000 -9999.000000 -9999.000000 -9999.000000 2.908398 -9999.000000 -9999.000000 -9999.000000 3.127970 -9999.000000 -9999.000000 -9999.000000 -9999.000000 -9999.000000 -9999.000000 2.642706 2.634036 2.275025 2.266532 2.129062 2.137387 2.120423 2.467170 2.512543 1.071100 1.066798 1.065972 2.147141 2.147375 2.405985 2.406301 2.406460 2.325558 2.325461 1.966581 1.966610 1.966524 2.782316 2.782241 3.229365 3.229171 3.229268 3.211022 3.211395 3.121923 3.122981
-9999.000000 -9999.000000 -9999.000000 -9999.000000 -9999.000000 -9999.000000 -9999.000000 -9999.000000 -9999.000000 -9999.000000 -9999.000000 -9999.000000 -9999.000000 -9999.000000 -9999.000000 2.912834 2.913652 2.912356 3.135015 3.135836 2.880305 -9999.000000 -9999.000000 -9999.000000 -9999.000000 2.638693 2.599923 2.640578 2.274420 2.267264 2.140611 2.134727 2.121699 2.482258 2.507365 1.075931 1.070339 1.068439 2.149606 2.150227 2.408300 2.409090 2.409458 2.328270 2.328318 1.969274 1.969274 1.969217 2.784892 2.784742 3.231677 3.231870 3.231870 3.213643 3.213457 3.124229 3.125285
-9999.000000 -9999.000000 -9999.000000 -9999.000000 -9999.000000 -9999.000000 -9999.000000 -9999.000000 -9999.000000 -9999.000000 -9999.000000 -9999.000000 -9999.000000 2.847844 2.847331 2.915968 2.914715 2.915189 3.137246 3.138062 2.881771 2.885175 -9999.000000 2.643670 2.645319 2.617715 2.618771 2.644616 2.270972 2.274415 2.130981 2.122761 2.129586 2.419672 2.493990 1.089384 1.078975 1.071559 2.152187 2.153037 2.411613 2.412033 2.412767 2.330931 2.331028 1.971823 1.971936 1.971851 2.787391 2.787391 3.234566 3.234277 3.234470 3.216354 3.216075 3.128026 3.127851
-9999.000000 -9999.000000 -9999.000000 -9999.000000 -9999.000000 -9999.000000 -9999.000000 -9999.000000 -9999.000000 2.879383 -9999.000000 3.072498 3.071851 3.183691 3.182403 3.309355 3.309888 3.309071 3.267780 3.269378 3.080345 3.081479 3.083781 3.008074 3.013779 2.701575 2.706633 2.711016 1.517465 1.517151 1.703177 1.697964 1.702238 2.074899 2.093712 1.107856 1.106078 1.095743 1.929758 1.930220 1.841904 1.842025 1.842086 1.711845 1.711761 2.027368 2.027432 2.027400 2.541825 2.541825 2.948289 2.947958 2.948206 2.995515 2.995515 3.154273 3.153914
-9999.000000 -9999.000000 -9999.000000 -9999.000000 -9999.000000 -9999.000000 -9999.000000 -9999.000000 -9999.000000 -9999.000000 3.066487 3.067456 3.064542 3.181421 3.182950 3.303515 3.307611 3.309570 3.268256 3.270505 3.085829 3.089224 3.071355 3.008766 3.019567 2.683900 2.702097 2.716922 1.519117 1.519260 1.701464 1.701666 1.702854 2.058587 2.095286 1.112491 1.109390 1.099038 1.932142 1.932907 1.844704 1.845087 1.845026 1.714676 1.714617 2.030047 2.030110 2.030110 2.544502 2.544502 2.950848 2.950765 2.950765 2.998171 2.997757 3.156678 3.156589
-9999.000000 -9999.000000 -9999.000000 -9999.000000 -9999.000000 -9999.000000 -9999.000000 -9999.000000 -9999.000000 -9999.000000 -9999.000000 3.223975 3.222953 3.270819 3.271993 3.135927 3.136701 3.137877 3.297502 3.296444 3.581830 3.579117 3.570379 3.792128 3.787282 3.313707 3.326305 3.333981 2.531732 2.525460 2.735933 2.730480 2.727759 2.092332 2.080059 0.816226 0.808101 0.793556 1.653917 1.654210 1.455569 1.455514 1.455504 1.475722 1.475741 1.666564 1.666581 1.666581 2.274930 2.274975 2.593741 2.593677 2.593424 2.678039 2.677973 2.928475 2.928632
-9999.000000 -9999.000000 1.961339 2.528138 2.531195 -9999.000000 -9999.000000 -9999.000000 2.891001 2.890384 3.225273 3.221489 3.222516 3.271222 3.273254 3.134530 3.135418 3.138214 3.291132 3.283682 3.570320 3.559481 3.577827 3.788776 3.800164 3.317208 3.330570 3.331010 2.524616 2.505438 2.736406 2.736189 2.746306 2.073974 2.085621 0.822591 0.812939 0.799594 1.656605 1.656847 1.458526 1.458459 1.458464 1.478448 1.478460 1.669372 1.669397 1.669397 2.277498 2.277544 2.596476 2.596287 2.596034 2.680684 2.681151 2.930973 2.931130
-9999.000000 1.954404 1.959757 2.528001 2.522407 2.711818 2.708705 2.707675 2.892078 2.885881 3.211049 3.216488 3.212602 3.265812 3.269131 3.126913 3.124109 3.124565 3.288917 3.294233 3.583065 3.583630 3.581365 3.786733 3.792364 3.322852 3.331932 3.326204 2.519870 2.520227 2.732098 2.733711 2.757422 2.082564 2.099367 0.824648 0.817893 0.804043 1.659195 1.659490 1.461514 1.461396 1.461396 1.481172 1.481181 1.672194 1.672202 1.672202 2.280202 2.280338 2.598894 2.599020 2.598768 2.683327 2.683992 2.933626 2.933469
1.743265 1.744355 1.741435 2.165014 2.166828 2.318553 2.320532 2.321232 2.487013 2.484849 3.260795 3.269561 3.272820 3.719814 3.715997 3.503978 3.504141 3.508470 3.306044 3.308707 3.720679 3.709953 3.700441 4.255871 4.265320 3.864588 3.862387 3.842262 3.438152 3.452810 3.217371 3.218858 3.252066 2.221776 2.218019 1.002673 0.976944 0.977867 1.894888 1.896343 1.726065 1.726204 1.726250 1.622242 1.622247 1.796755 1.796755 1.796787 2.257750 2.257837 2.386417 2.386317 2.386015 2.437443 2.437496 2.848204 2.847834
1.743710 1.744576 1.743020 2.163490 2.163761 2.318842 2.318555 2.316594 2.484959 2.482621 3.254665 3.249704 3.260718 3.699097 3.713281 3.518702 3.522716 3.513860 3.298143 3.314513 3.721643 3.728171 3.729734 4.266153 4.278371 3.858747 3.855387 3.857676 3.446863 3.444845 3.218528 3.225455 3.251222 2.232601 2.227890 0.992143 0.984723 0.979853 1.897019 1.899025 1.728938 1.729132 1.729155 1.625028 1.625042 1.799620 1.799651 1.799666 2.260466 2.260510 2.388869 2.388768 2.389370 2.439940 2.440099 2.850534 2.850460
1.081701 1.082904 1.082877 1.168932 1.167415 0.972964 0.973402 0.970663 2.215741 2.201620 3.016275 3.029204 3.034460 3.640452 3.642612 3.934068 3.935328 3.934068 3.914821 3.902982 3.291228 3.292740 3.294906 4.000520 4.000594 4.501300 4.492219 4.488602 4.261597 4.269309 3.683387 3.728842 3.738321 2.321888 2.304048 1.158806 1.146121 1.145618 2.197654 2.203183 1.991100 1.991293 1.991238 1.593225 1.593232 2.055175 2.055206 2.055237 2.490248 2.490134 2.405341 2.405341 2.405545 2.628279 2.628154 2.999843 2.999763
1.074404 1.074645 1.072802 1.158827 1.159559 0.961143 0.969805 0.974353 2.211534 2.217737 3.025574 3.025282 3.026737 3.617468 3.614692 3.918399 3.938106 3.940393 3.922726 3.923808 3.295912 3.296698 3.296959 3.991844 3.987486 4.502050 4.499063 4.501177 4.281846 4.259225 3.728829 3.726749 3.743447 2.319768 2.308524 1.172884 1.147068 1.143027 2.193444 2.205345 1.993428 1.994084 1.994084 1.596190 1.596188 2.058043 2.057981 2.057950 2.492712 2.492882 2.407972 2.408175 2.408277 2.630717 2.630592 3.002646 3.002325
1.072848 1.072955 1.072821 1.158589 1.159634 0.963652 0.976743 0.971847 2.216603 2.209890 2.999341 3.010692 3.010778 3.592831 3.609906 3.918672 3.918823 3.929765 3.916741 3.916663 3.291350 3.287071 3.289048 3.986566 3.989426 4.508013 4.513262 4.495575 4.287796 4.284761 3.737813 3.749413 3.754740 2.334421 2.337038 1.158638 1.147738 1.144930 2.189255 2.207971 1.996221 1.996901 1.996874 1.599151 1.599155 2.060786 2.060878 2.060878 2.495289 2.495176 2.410702 2.410956 2.410803 2.633217 2.633279 3.005046 3.004725
1.935412 1.935531 1.934987 1.609185 1.608864 1.519883 1.519852 1.520002 2.187550 2.180272 2.651275 2.648233 2.652214 3.553667 3.559662 3.554879 3.548284 3.559503 4.082388 4.083909 4.460186 4.483551 4.493533 4.087038 4.100617 4.547489 4.550465 4.555841 4.730417 4.739327 4.179360 4.190533 4.201702 2.661864 2.633750 1.155913 1.143176 1.141073 2.470837 2.484319 2.463457 2.465192 2.465192 1.290224 1.290204 2.120672 2.120707 2.120776 2.558236 2.558294 2.678817 2.678293 2.678227 3.158397 3.158576 3.361205 3.360713
1.937105 1.937003 1.934861 1.610727 1.610570 1.521309 1.521206 1.521205 2.186933 2.183196 2.652820 2.648747 2.636448 3.537027 3.545539 3.543937 3.559125 3.571271 4.103977 4.108868 4.486657 4.502702 4.513939 4.108432 4.112486 4.570180 4.552794 4.558065 4.715671 4.731017 4.183036 4.177385 4.194541 2.658803 2.665107 1.171416 1.148517 1.144912 2.470396 2.485226 2.466376 2.468052 2.468052 1.293066 1.293085 2.123399 2.123502 2.123502 2.560939 2.561172 2.680941 2.680941 2.680614 3.160857 3.160946 3.363366 3.363072
1.486471 1.486761 1.487145 1.785195 1.775701 2.642294 2.634953 2.646599 3.573068 3.585404 2.942391 2.922686 2.931829 3.028326 3.023183 2.672871 2.678483 2.682774 3.467349 3.480381 4.020306 4.026423 4.025278 3.230210 3.237485 3.847726 3.884157 3.877515 4.198570 4.192545 4.293048 4.290106 4.295564 3.375748 3.398369 1.359393 1.340071 1.337836 2.688275 2.705504 2.472162 2.472647 2.472647 1.850621 1.850638 2.287199 2.287331 2.287507 2.819863 2.819642 3.056534 3.056195 3.056449 3.447775 3.447057 3.526417 3.526312
1.488456 1.490452 1.488438 1.786260 1.784814 2.650560 2.618636 2.640782 3.591191 3.619663 2.974314 2.983780 2.952722 3.062361 3.040932 2.670425 2.685809 2.692660 3.476540 3.489094 4.009799 4.021129 4.045903 3.247670 3.247817 3.894403 3.883609 3.872645 4.195439 4.200317 4.291966 4.280733 4.299083 3.376847 3.364366 1.351466 1.341553 1.341711 2.697635 2.708526 2.475192 2.475353 2.475299 1.853295 1.853381 2.289940 2.289809 2.290115 2.822304 2.822304 3.058643 3.058812 3.058897 3.449951 3.449951 3.528696 3.528801
1.490416 1.490243 1.491055 1.786562 1.781438 2.630475 2.658013 2.647126 3.585165 3.614340 2.997623 3.001627 3.007225 3.102648 3.042696 2.666774 2.678648 2.691885 3.501547 3.513790 4.053836 4.039349 4.061866 3.242810 3.232387 3.901215 3.867587 3.883511 4.211570 4.168441 4.280153 4.271369 4.305497 3.396385 3.373757 1.347653 1.341131 1.339275 2.704885 2.712835 2.478111 2.478004 2.478057 1.856054 1.856104 2.292548 2.292810 2.292766 2.824670 2.824597 3.061512 3.061343 3.061090 3.452638 3.452331 3.531919 3.531709
1.711544 1.712866 1.704117 2.489689 2.480194 3.542154 3.545244 3.546271 2.589920 2.616582 1.555672 1.556240 1.555256 0.897253 0.896031 1.676761 1.675154 1.674202 2.415527 2.429486 2.990509 2.992135 2.992560 3.259433 3.257296 3.546572 3.548782 3.538256 4.120219 4.076494 4.305846 4.323873 4.337069 3.730650 3.681381 1.626752 1.626991 1.627187 3.119543 3.122991 2.971529 2.972016 2.972016 2.583653 2.583894 2.621464 2.621464 2.621464 3.049917 3.049578 3.415401 3.415401 3.415097 3.663875 3.663763 3.776451 3.776219
1.713651 1.714386 1.712060 2.490380 2.489758 3.554808 3.572253 3.532949 2.596848 2.622814 1.557487 1.557245 1.556938 0.892584 0.889224 1.680286 1.679578 1.677075 2.400488 2.442196 2.994938 2.994656 2.995009 3.240616 3.226094 3.529225 3.512846 3.538221 4.111853 4.105986 4.343738 4.323243 4.336254 3.694039 3.706464 1.629393 1.629686 1.629815 3.123442 3.127828 2.974523 2.974604 2.974523 2.586318 2.586678 2.624119 2.624057 2.624119 3.052321 3.052321 3.418076 3.417873 3.417772 3.666318 3.665983 3.778961 3.778729
2.287893 2.288380 2.287261 3.086140 3.087302 3.937226 4.001897 4.020649 4.185791 4.175982 2.386537 2.398861 2.403329 1.397073 1.397625 1.119702 1.143641 1.144076 1.476241 1.477108 2.527373 2.525593 2.519309 3.847375 3.854415 4.154240 4.106401 4.100254 4.210944 4.213324 4.475779 4.518737 4.518624 2.571708 2.600849 2.727535 2.735853 2.740641 3.295780 3.297186 3.387938 3.387736 3.387837 3.318668 3.318668 3.306144 3.306144 3.306241 3.452952 3.452745 3.718547 3.718200 3.717968 3.952061 3.952061 4.161878 4.161612
2.285226 2.275393 2.285369 3.062098 3.077013 3.944397 3.944211 4.042214 4.259582 4.220998 2.391531 2.406072 2.405371 1.399986 1.401493 1.107610 1.118587 1.122134 1.481341 1.478005 2.501995 2.520118 2.525075 3.841539 3.859565 4.147306 4.169099 4.172670 4.222533 4.213263 4.530800 4.530464 4.503421 2.582733 2.629883 2.738722 2.741906 2.744095 3.298523 3.299927 3.390706 3.390404 3.390504 3.320992 3.321381 3.308760 3.308856 3.308664 3.455651 3.455237 3.720656 3.720656 3.720540 3.954972 3.954721 4.164380 4.164513
2.283311 2.287160 2.269767 3.081958 3.090335 3.954205 4.016564 4.054464 4.273140 4.272094 2.411159 2.416403 2.418752 1.398653 1.400573 1.113483 1.112788 1.124138 1.482071 1.483047 2.532996 2.535178 2.516497 3.867565 3.877275 4.180476 4.167750 4.178446 4.228373 4.201398 4.519307 4.493360 4.543773 2.588785 2.635376 2.744963 2.747146 2.748733 3.302665 3.302665 3.393270 3.393169 3.393169 3.323509 3.323896 3.311278 3.311374 3.311374 3.457831 3.457934 3.723342 3.723226 3.722649 3.957379 3.957128 4.166880 4.166481
