Data/ET/20200108.L7.pakistan.eto.forecast.txt
ncols    	169
nrows    	134
xllcorner	60.9
yllcorner	23.7
cellsize 	0.1
NODATA_value  -9999
[rows 100 to 124 of 134, columns 57 to 113 of 169]
2.863322 2.867695 2.870214 2.401543 2.425046 3.487064 3.562702 3.595629 5.561370 5.564295 5.752909 5.752727 5.752545 5.545520 5.545166 5.973805 5.973426 5.973616 6.588934 6.589571 7.120845 7.114596 7.112510 7.278825 7.280015 7.506131 7.500820 7.504925 7.629401 7.629158 -9999.000000 -9999.000000 -9999.000000 -9999.000000 -9999.000000 -9999.000000 -9999.000000 -9999.000000 -9999.000000 -9999.000000 -9999.000000 -9999.000000 -9999.000000 -9999.000000 -9999.000000 -9999.000000 -9999.000000 -9999.000000 -9999.000000 -9999.000000 -9999.000000 -9999.000000 -9999.000000 -9999.000000 -9999.000000 -9999.000000 -9999.000000
2.850189 2.872728 2.869379 2.409966 2.421602 3.554308 3.555975 3.598828 5.564324 5.565420 5.754933 5.754751 5.754386 5.548613 5.547729 5.976340 5.976340 5.976151 6.591103 6.592162 7.117042 7.117042 7.122594 7.280759 7.281473 7.511163 7.510922 7.508994 7.632526 -9999.000000 -9999.000000 -9999.000000 -9999.000000 -9999.000000 -9999.000000 -9999.000000 -9999.000000 -9999.000000 -9999.000000 -9999.000000 -9999.000000 -9999.000000 -9999.000000 -9999.000000 -9999.000000 -9999.000000 -9999.000000 -9999.000000 -9999.000000 -9999.000000 -9999.000000 -9999.000000 -9999.000000 -9999.000000 -9999.000000 -9999.000000 -9999.000000
2.801084 2.797184 2.799568 2.583282 2.585352 4.435910 4.616216 4.657303 6.275985 6.279367 6.116569 6.116379 6.116569 5.625157 5.625157 6.095445 6.095640 6.095250 6.571904 6.569941 6.987323 6.986619 6.987089 7.347334 7.345148 7.541955 7.542694 7.535551 7.892179 -9999.000000 -9999.000000 -9999.000000 -9999.000000 -9999.000000 -9999.000000 -9999.000000 -9999.000000 -9999.000000 -9999.000000 -9999.000000 -9999.000000 -9999.000000 -9999.000000 -9999.000000 -9999.000000 -9999.000000 -9999.000000 -9999.000000 -9999.000000 -9999.000000 -9999.000000 -9999.000000 -9999.000000 -9999.000000 -9999.000000 -9999.000000 -9999.000000
2.797563 2.802481 2.802157 2.590857 2.595207 4.472262 4.626603 4.663796 6.279924 6.282507 6.118823 6.119013 6.118442 5.627484 5.627662 6.098013 6.098596 6.098207 6.571225 6.573623 6.988638 6.989107 6.987700 7.349789 7.342744 7.543911 7.539234 7.539234 7.895051 7.893291 -9999.000000 -9999.000000 -9999.000000 -9999.000000 -9999.000000 -9999.000000 -9999.000000 -9999.000000 -9999.000000 -9999.000000 -9999.000000 -9999.000000 -9999.000000 -9999.000000 -9999.000000 -9999.000000 -9999.000000 -9999.000000 -9999.000000 -9999.000000 -9999.000000 -9999.000000 -9999.000000 -9999.000000 -9999.000000 -9999.000000 -9999.000000
2.810282 2.808455 2.819720 2.584090 2.601402 4.509875 4.649399 4.667635 6.284254 6.284850 6.121265 6.120885 6.120885 5.630519 5.630164 6.100189 6.100966 6.100578 6.576648 6.574470 6.990889 6.989249 6.989483 7.351755 7.344473 7.547093 7.547339 7.544143 7.896162 7.895660 7.794788 7.797044 -9999.000000 -9999.000000 -9999.000000 -9999.000000 -9999.000000 -9999.000000 -9999.000000 -9999.000000 -9999.000000 -9999.000000 -9999.000000 -9999.000000 -9999.000000 -9999.000000 -9999.000000 -9999.000000 -9999.000000 -9999.000000 -9999.000000 -9999.000000 -9999.000000 -9999.000000 -9999.000000 -9999.000000 -9999.000000
3.046169 3.026785 3.054017 2.706035 2.716600 4.573738 4.649494 4.686681 5.619496 5.620745 6.014170 6.013225 6.013414 5.667563 5.666850 6.088782 6.088977 6.088977 6.538369 6.537503 7.126629 7.126389 7.130936 7.831910 7.828085 7.993373 7.996193 7.992604 7.956330 7.956842 7.962680 7.956256 7.957542 8.034516 8.036847 8.236008 -9999.000000 -9999.000000 -9999.000000 -9999.000000 -9999.000000 -9999.000000 -9999.000000 -9999.000000 -9999.000000 -9999.000000 -9999.000000 -9999.000000 -9999.000000 -9999.000000 -9999.000000 -9999.000000 -9999.000000 -9999.000000 -9999.000000 -9999.000000 -9999.000000
3.029197 3.034546 3.058158 2.720110 2.682991 4.646057 4.594712 4.684235 5.618394 5.622496 6.016722 6.016345 6.016156 5.669852 5.669495 6.091506 6.091311 6.091700 6.541436 6.541652 7.130602 7.131319 7.132993 7.832583 7.831308 7.999095 7.994484 7.990638 7.957184 7.960255 7.959946 7.958405 7.960203 8.039993 8.037924 8.237512 -9999.000000 -9999.000000 -9999.000000 -9999.000000 -9999.000000 -9999.000000 -9999.000000 -9999.000000 -9999.000000 -9999.000000 -9999.000000 -9999.000000 -9999.000000 -9999.000000 -9999.000000 -9999.000000 -9999.000000 -9999.000000 -9999.000000 -9999.000000 -9999.000000
3.546788 3.567025 3.576956 3.454302 3.460089 4.533840 4.496075 4.561481 4.810496 4.900389 5.398296 5.398794 5.394141 5.634717 5.634180 6.434567 6.434160 6.434567 6.704495 6.704712 7.313228 7.313705 7.312989 7.945920 7.938230 8.289207 8.292109 8.287359 8.350543 8.351606 8.244739 8.246866 8.245005 8.336746 8.335143 8.427343 -9999.000000 -9999.000000 -9999.000000 -9999.000000 -9999.000000 -9999.000000 -9999.000000 -9999.000000 -9999.000000 -9999.000000 -9999.000000 -9999.000000 -9999.000000 -9999.000000 -9999.000000 -9999.000000 -9999.000000 -9999.000000 -9999.000000 -9999.000000 -9999.000000
3.554934 3.549421 3.580483 3.445943 3.464377 4.541590 4.525069 4.497658 4.827926 4.876146 5.362018 5.396062 5.347575 5.636447 5.636804 6.437077 6.436671 6.437280 6.706552 6.706769 7.315330 7.315568 7.315092 7.949152 7.949152 8.291879 8.290297 8.292671 8.351881 8.350552 8.246619 8.245025 8.244493 8.337528 8.337261 8.428377 -9999.000000 -9999.000000 -9999.000000 -9999.000000 -9999.000000 -9999.000000 -9999.000000 -9999.000000 -9999.000000 -9999.000000 -9999.000000 -9999.000000 -9999.000000 -9999.000000 -9999.000000 -9999.000000 -9999.000000 -9999.000000 -9999.000000 -9999.000000 -9999.000000
3.601827 3.567497 3.587575 3.426328 3.435500 4.544974 4.546816 4.523049 4.869674 4.897031 5.268042 5.364135 5.371998 5.631746 5.640496 6.439179 6.438976 6.439382 6.709041 6.709258 7.317430 7.318145 7.318383 7.951612 7.950845 8.298238 8.294286 8.295604 8.356137 8.352952 8.249295 8.249295 8.246373 8.337775 8.339910 8.436331 -9999.000000 -9999.000000 -9999.000000 -9999.000000 -9999.000000 -9999.000000 -9999.000000 -9999.000000 -9999.000000 -9999.000000 -9999.000000 -9999.000000 -9999.000000 -9999.000000 -9999.000000 -9999.000000 -9999.000000 -9999.000000 -9999.000000 -9999.000000 -9999.000000
5.619249 5.549275 5.558867 4.763662 4.769903 4.973867 5.034622 5.023350 5.977955 6.005062 6.631131 6.731980 6.690305 6.866775 6.877464 7.168646 7.170829 7.171047 7.040715 7.040936 7.243229 7.243932 7.243697 7.870796 7.870542 8.366200 8.361386 8.364061 8.616667 8.616392 8.698952 8.697562 8.700620 8.686379 8.692506 -9999.000000 -9999.000000 -9999.000000 -9999.000000 -9999.000000 -9999.000000 -9999.000000 -9999.000000 -9999.000000 -9999.000000 -9999.000000 -9999.000000 -9999.000000 -9999.000000 -9999.000000 -9999.000000 -9999.000000 -9999.000000 -9999.000000 -9999.000000 -9999.000000 -9999.000000
5.650592 5.626915 5.504445 4.709318 4.781395 5.040392 4.993634 5.028534 5.984272 5.918422 6.648590 6.703590 6.718562 6.853234 6.874029 7.172362 7.173888 7.173234 7.042990 7.043655 7.245639 7.246107 7.245639 7.871832 7.872085 8.367580 8.367848 8.368382 8.623189 8.621268 8.703024 8.704690 8.702468 8.692163 8.693554 -9999.000000 -9999.000000 -9999.000000 -9999.000000 -9999.000000 -9999.000000 -9999.000000 -9999.000000 -9999.000000 -9999.000000 -9999.000000 -9999.000000 -9999.000000 -9999.000000 -9999.000000 -9999.000000 -9999.000000 -9999.000000 -9999.000000 -9999.000000 -9999.000000 -9999.000000
6.861476 6.829044 6.756386 5.554671 5.588142 5.409268 5.418421 5.433400 6.653552 6.666182 7.726485 7.801844 7.795759 7.931110 7.951022 8.039335 8.048009 8.051988 7.539298 7.539298 7.711966 7.712692 7.713661 8.008517 8.008772 8.281853 8.282389 8.280245 8.741989 8.741989 8.889509 8.892660 8.884348 8.887161 8.879680 8.791242 -9999.000000 -9999.000000 -9999.000000 -9999.000000 -9999.000000 -9999.000000 -9999.000000 -9999.000000 -9999.000000 -9999.000000 -9999.000000 -9999.000000 -9999.000000 -9999.000000 -9999.000000 -9999.000000 -9999.000000 -9999.000000 -9999.000000 -9999.000000 -9999.000000
6.868479 6.851846 6.785712 5.585795 5.536461 5.418447 5.420172 5.438915 6.650977 6.667054 7.721578 7.813796 7.810246 7.931244 7.946412 8.030994 8.043909 8.052805 7.540786 7.540786 7.714100 7.714826 7.715068 8.009824 8.010590 8.284128 8.284664 8.284664 8.743042 8.747519 8.895999 8.891419 8.887694 8.891442 8.887994 8.796041 8.788111 -9999.000000 -9999.000000 -9999.000000 -9999.000000 -9999.000000 -9999.000000 -9999.000000 -9999.000000 -9999.000000 -9999.000000 -9999.000000 -9999.000000 -9999.000000 -9999.000000 -9999.000000 -9999.000000 -9999.000000 -9999.000000 -9999.000000 -9999.000000
6.872198 6.861908 6.827843 5.608869 5.556426 5.427772 5.459117 5.449552 6.622177 6.669069 7.807977 7.763308 7.819455 7.943832 7.950155 8.041447 8.038162 8.055024 7.544352 7.542504 7.716475 7.716958 7.716958 8.012407 8.012662 8.285598 8.286401 8.286401 8.745215 8.745774 8.896189 8.893614 8.894186 8.891413 8.885378 8.790080 8.789230 8.788097 8.751155 8.747825 8.678275 -9999.000000 -9999.000000 -9999.000000 -9999.000000 -9999.000000 -9999.000000 -9999.000000 -9999.000000 -9999.000000 -9999.000000 -9999.000000 -9999.000000 -9999.000000 -9999.000000 -9999.000000 -9999.000000
7.575890 7.562431 7.527847 7.758586 7.730726 7.655852 7.777144 7.768497 8.067130 8.069271 8.391395 8.384830 8.418859 8.633622 8.633864 8.551648 8.574353 8.586389 8.418494 8.417993 8.206858 8.207109 8.207612 8.346643 8.347168 8.510657 8.511204 8.511751 8.810408 8.810689 9.048784 9.051111 9.048492 8.959356 8.958476 8.845292 8.847312 8.840383 8.868499 8.858586 8.647358 -9999.000000 -9999.000000 -9999.000000 -9999.000000 -9999.000000 -9999.000000 -9999.000000 -9999.000000 -9999.000000 -9999.000000 -9999.000000 -9999.000000 -9999.000000 -9999.000000 -9999.000000 -9999.000000
7.579481 7.570951 7.562408 7.766860 7.752752 7.778301 7.778301 7.714163 8.082684 8.085026 8.398974 8.384051 8.424132 8.630486 8.641110 8.566403 8.586072 8.589258 8.419250 8.420250 8.208194 8.209449 8.209449 8.348711 8.349235 8.512144 8.513238 8.513785 8.812091 8.812372 9.051661 9.053115 9.044967 8.963443 8.959923 8.852195 8.843830 8.843542 8.871002 8.859396 8.651776 -9999.000000 -9999.000000 -9999.000000 -9999.000000 -9999.000000 -9999.000000 -9999.000000 -9999.000000 -9999.000000 -9999.000000 -9999.000000 -9999.000000 -9999.000000 -9999.000000 -9999.000000 -9999.000000
9.440381 9.432533 9.405980 9.223038 9.232745 9.290774 9.226103 9.238424 9.055388 9.067329 8.938673 8.952065 8.957219 9.112037 9.120102 9.139227 9.140283 9.147399 9.174790 9.173955 9.052891 9.053448 9.053727 8.706222 8.707031 8.788719 8.788994 8.789270 8.881044 8.880196 8.933161 8.925224 8.925224 8.885499 8.886978 8.883365 8.886281 8.881905 8.694810 8.687411 8.849651 8.857833 -9999.000000 -9999.000000 -9999.000000 -9999.000000 -9999.000000 -9999.000000 -9999.000000 -9999.000000 -9999.000000 -9999.000000 -9999.000000 -9999.000000 -9999.000000 -9999.000000 -9999.000000
-9999.000000 9.437444 9.386007 9.228318 9.253674 9.292409 9.258828 9.252834 9.059433 9.076738 8.942753 8.948625 8.940871 9.113216 9.125554 9.136033 9.148424 9.149477 9.175905 9.176183 9.056009 9.055174 9.056287 8.708011 8.708550 8.789940 8.790491 8.790491 8.882547 8.882547 8.934366 8.929666 8.921725 8.891416 8.884021 8.884818 8.888317 8.880149 8.693717 8.690303 8.860049 8.859486 -9999.000000 -9999.000000 -9999.000000 -9999.000000 -9999.000000 -9999.000000 -9999.000000 -9999.000000 -9999.000000 -9999.000000 -9999.000000 -9999.000000 -9999.000000 -9999.000000 -9999.000000
-9999.000000 9.433341 9.408844 9.249009 9.255523 9.285509 9.278855 9.251132 9.085667 9.092804 8.937890 8.961349 8.964152 9.122454 9.130494 9.142865 9.151553 9.151816 9.178687 9.178131 9.057732 9.057732 9.058289 8.709799 8.710338 8.792536 8.791985 8.792811 8.885461 8.884049 8.936158 8.924699 8.920874 8.886390 8.884318 8.892389 8.885687 8.882479 8.693192 8.694898 8.864515 8.863389 8.860855 -9999.000000 -9999.000000 -9999.000000 -9999.000000 -9999.000000 -9999.000000 -9999.000000 -9999.000000 -9999.000000 -9999.000000 -9999.000000 -9999.000000 -9999.000000 -9999.000000
-9999.000000 10.329455 10.320382 9.806316 9.789998 10.198754 10.190573 10.188389 9.971245 9.964157 9.743665 9.797265 9.803680 9.711823 9.719352 9.535587 9.533095 9.537524 9.434512 9.434228 9.388136 9.388712 9.388136 9.124317 9.124596 8.935212 8.936044 8.936598 8.896730 8.896730 8.839207 8.842166 8.833877 8.928013 8.925937 8.777045 8.765107 8.770060 8.732236 8.731950 9.122747 9.129156 9.121289 -9999.000000 -9999.000000 -9999.000000 -9999.000000 -9999.000000 -9999.000000 -9999.000000 -9999.000000 -9999.000000 -9999.000000 -9999.000000 -9999.000000 -9999.000000 -9999.000000
-9999.000000 10.338911 10.324114 9.803033 9.806070 10.208668 10.206495 10.199695 9.986506 9.963019 9.787180 9.805934 9.815910 9.720510 9.723462 9.538310 9.538034 9.538863 9.436222 9.436789 9.390992 9.389840 9.390128 9.127206 9.126927 8.937860 8.938691 8.938691 8.898314 8.896594 8.840181 8.840477 8.829816 8.930404 8.931294 8.779442 8.774208 8.774499 8.733729 8.734873 9.133429 9.124697 9.136627 9.697504 -9999.000000 -9999.000000 -9999.000000 -9999.000000 -9999.000000 -9999.000000 -9999.000000 -9999.000000 -9999.000000 -9999.000000 -9999.000000 -9999.000000 -9999.000000
-9999.000000 -9999.000000 -9999.000000 -9999.000000 11.283792 10.990282 10.982547 10.980998 10.718594 10.710958 10.305172 10.313812 10.312698 10.041391 10.045906 9.869303 9.869882 9.869592 9.747092 9.747092 9.626068 9.626068 9.626068 9.392320 9.392031 9.190316 9.190316 9.190893 9.093394 9.087742 8.988741 8.983900 8.985111 9.018654 9.020774 8.904863 8.901582 8.899194 9.128546 9.131851 9.501402 9.508457 9.509989 9.675985 -9999.000000 -9999.000000 -9999.000000 -9999.000000 -9999.000000 -9999.000000 -9999.000000 -9999.000000 -9999.000000 -9999.000000 -9999.000000 -9999.000000 -9999.000000
-9999.000000 -9999.000000 -9999.000000 -9999.000000 -9999.000000 -9999.000000 -9999.000000 -9999.000000 10.730704 10.729242 10.318524 10.319080 10.318802 10.047756 10.047192 9.870983 9.871561 9.871561 9.749101 9.749101 9.628732 9.628435 9.628435 9.394148 9.395593 9.191885 9.192174 9.192750 9.093797 9.086063 8.984247 8.988179 8.989388 9.028063 9.019894 8.907603 8.903131 8.901341 9.140207 9.134808 9.515345 9.513815 9.517487 9.683557 9.678607 -9999.000000 -9999.000000 -9999.000000 -9999.000000 -9999.000000 -9999.000000 -9999.000000 -9999.000000 -9999.000000 -9999.000000 -9999.000000 -9999.000000
-9999.000000 -9999.000000 -9999.000000 -9999.000000 -9999.000000 -9999.000000 10.995228 10.995537 10.731974 10.730804 10.321284 10.320451 10.312107 10.050168 10.050168 9.873240 9.874107 9.873529 9.751403 9.751109 9.631097 9.630801 9.630505 9.396841 9.397130 9.194317 9.194605 9.189993 9.095091 9.090335 8.991848 8.994869 8.987314 9.028997 9.023857 8.913616 8.911234 8.912127 9.148547 9.149445 9.519472 9.526193 9.528635 9.690190 9.696054 -9999.000000 -9999.000000 -9999.000000 -9999.000000 -9999.000000 -9999.000000 -9999.000000 -9999.000000 -9999.000000 -9999.000000 -9999.000000 -9999.000000
