Data/ET/20200108.L2.pakistan.eto.forecast.txt
ncols    	169
nrows    	134
xllcorner	60.9
yllcorner	23.7
cellsize 	0.1
NODATA_value  -9999
[rows 75 to 99 of 134, columns 57 to 113 of 169]
2.210548 2.215099 2.215156 1.885285 1.888735 1.436646 1.427170 1.426086 1.094013 1.084924 1.059279 1.056740 1.056487 0.901482 0.901860 0.948993 0.953105 0.983284 0.988374 1.000889 1.163522 1.155444 1.151147 1.439154 1.438520 1.701805 1.702131 1.702104 1.656410 1.656448 1.266833 1.266885 1.278094 1.667064 1.667734 2.368630 2.369325 2.369928 2.862345 2.862719 2.446160 2.446108 2.446003 2.612961 2.613086 2.760120 2.760262 2.760191 2.796402 2.796182 2.859274 2.859042 2.858888 3.237057 3.236959 3.403271 3.402541
2.216522 2.213248 2.208651 1.885016 1.890568 1.439474 1.437436 1.434486 1.092674 1.084513 1.059991 1.059482 1.058889 0.903815 0.904248 0.951932 0.955663 0.965425 0.971983 0.979815 1.150736 1.154634 1.148698 1.440621 1.439984 1.704713 1.704187 1.704521 1.658960 1.658976 1.265460 1.264761 1.275823 1.669961 1.670278 2.371157 2.372219 2.372912 2.865403 2.865627 2.449093 2.449093 2.449093 2.615734 2.615860 2.762955 2.762884 2.762671 2.799038 2.798744 2.861800 2.861646 2.861723 3.239331 3.238847 3.404872 3.404560
2.079573 2.076809 2.076494 2.088071 2.088849 1.611868 1.611789 1.611765 1.970978 1.973267 1.961116 1.961758 1.961825 1.373953 1.373876 1.045233 1.048047 1.051127 1.317427 1.318304 0.778088 0.779132 0.778640 0.963953 0.963525 1.248086 1.247924 1.245359 1.034157 1.031894 1.052834 1.051612 1.055072 2.601876 2.612694 3.342362 3.344985 3.346497 3.234266 3.234266 3.157728 3.157449 3.157821 3.052896 3.052896 3.160825 3.160732 3.160176 3.622700 3.622467 3.865621 3.864843 3.864325 3.972146 3.971740 4.058974 4.058556
2.074437 2.067176 2.075062 2.061861 2.090739 1.613485 1.613512 1.613444 1.972735 1.976895 1.964262 1.964483 1.964438 1.376339 1.376398 1.047203 1.047984 1.050328 1.330548 1.333092 0.811602 0.798231 0.789750 0.962710 0.963043 1.250176 1.250231 1.249931 1.031072 1.030073 1.057646 1.054217 1.052570 2.603539 2.618971 3.346725 3.349645 3.349846 3.237400 3.237400 3.160702 3.160609 3.160516 3.055881 3.055881 3.163551 3.163458 3.163088 3.625488 3.625139 3.868276 3.867758 3.867111 3.975205 3.974934 4.061552 4.061274
2.076795 2.073025 2.071989 2.081955 2.078750 1.615335 1.615549 1.615046 1.973807 1.980268 1.966873 1.967092 1.966983 1.378780 1.378995 1.049647 1.049864 1.056447 1.323460 1.321868 0.761864 0.767611 0.775647 0.967804 0.978426 1.256351 1.253821 1.250842 1.038311 1.029845 1.059155 1.055633 1.039669 2.620056 2.623725 3.351684 3.352991 3.353091 3.240438 3.240438 3.163210 3.163858 3.163302 3.058598 3.058421 3.166460 3.166090 3.165906 3.627925 3.627693 3.870412 3.870024 3.869765 3.977044 3.976909 4.063572 4.063433
1.934282 1.927485 1.931992 1.472691 1.473525 1.968766 1.972159 1.984020 2.368547 2.370447 2.533756 2.533697 2.533463 1.991929 1.991629 1.543011 1.543107 1.543355 1.572858 1.573283 1.672685 1.672760 1.672794 1.499480 1.499733 1.457747 1.458289 1.459309 1.892009 1.894586 2.900411 2.904171 2.942146 3.746858 3.749538 3.434756 3.435503 3.435503 3.399855 3.399546 3.578974 3.578862 3.578750 3.667002 3.665703 4.475354 4.475033 4.474229 4.503742 4.503420 4.643173 4.642673 4.642174 4.548212 4.548212 4.275055 4.274758
1.932983 1.927347 1.933581 1.473815 1.470001 1.970871 1.973018 1.984253 2.372616 2.373327 2.536564 2.536389 2.536213 1.994526 1.994411 1.545505 1.545602 1.545772 1.575001 1.575322 1.674933 1.674749 1.674889 1.505029 1.508063 1.460540 1.459337 1.459630 1.898280 1.897111 2.939084 2.943584 2.950139 3.751578 3.753524 3.437856 3.438389 3.438389 3.402730 3.402730 3.581976 3.581752 3.581864 3.669691 3.668983 4.477934 4.477453 4.476650 4.506304 4.505983 4.645799 4.645799 4.644968 4.549505 4.549827 4.276805 4.277400
1.666072 1.666094 1.666149 1.474575 1.465265 1.885195 1.888363 1.888642 2.698109 2.699061 3.050863 3.051041 3.050685 2.571368 2.571248 2.603880 2.603199 2.602641 2.579254 2.575605 3.291375 3.283376 3.277297 3.195302 3.197213 3.559005 3.569421 3.548461 3.995541 3.997926 4.348795 4.358675 4.369882 4.304250 4.303953 3.819416 3.818912 3.818912 4.150717 4.149879 4.480735 4.480271 4.480889 4.772620 4.772107 4.975625 4.975084 4.974543 4.925657 4.924766 4.960783 4.961142 4.960244 5.058532 5.058166 4.923831 4.924185
1.667814 1.667822 1.667871 1.469195 1.469081 1.877933 1.881113 1.895842 2.700481 2.701499 3.053775 3.053686 3.053597 2.574040 2.574040 2.606977 2.606730 2.606112 2.582777 2.581017 3.297332 3.293087 3.291470 3.207280 3.207280 3.575767 3.578849 3.572227 3.997849 3.988177 4.356424 4.367927 4.377619 4.307253 4.307697 3.822134 3.822008 3.821630 4.153357 4.153078 4.483462 4.483308 4.483153 4.775272 4.774589 4.977648 4.977288 4.976928 4.926476 4.926832 4.962817 4.962996 4.962458 5.061652 5.060919 4.927113 4.924636
1.669548 1.669584 1.669561 1.470711 1.467906 1.882712 1.891600 1.897976 2.703257 2.704138 3.056150 3.056594 3.056150 2.576769 2.576889 2.609946 2.609946 2.609637 2.587688 2.586476 3.306201 3.301460 3.298130 3.212749 3.218269 3.580390 3.578794 3.586088 4.010064 4.014419 4.373282 4.379239 4.381025 4.310107 4.310107 3.824975 3.824724 3.824598 4.156412 4.156412 4.485108 4.485724 4.484799 4.777069 4.776557 4.980211 4.979490 4.979130 4.928718 4.928718 4.965567 4.964850 4.964491 5.062754 5.062388 4.928094 4.928271
1.883894 1.890007 1.889557 1.907503 1.920833 2.082224 2.092534 2.107735 3.217389 3.219431 3.629518 3.630477 3.629757 2.884347 2.884660 2.748186 2.748186 2.748255 3.212280 3.212751 4.330566 4.324602 4.324908 4.888706 4.885847 5.140267 5.137287 5.141943 5.280865 5.282018 5.199133 5.197454 5.200624 4.541923 4.541765 4.803298 4.803298 4.803128 4.950600 4.950951 5.024685 5.024144 5.024144 5.332223 5.331638 5.523411 5.521998 5.521998 5.615002 5.614594 5.572394 5.571990 5.571788 5.508824 5.508227 5.369045 5.370398
1.892833 1.892593 1.892547 1.916366 1.917724 2.092937 2.102590 2.108219 3.219457 3.220914 3.632935 3.633294 3.633055 2.887489 2.887411 2.751118 2.751460 2.751597 3.215540 3.215728 4.334978 4.334367 4.333299 4.894827 4.894292 5.152080 5.150594 5.150037 5.288185 5.287994 5.203345 5.203718 5.203159 4.545051 4.545209 4.806165 4.806165 4.805995 4.953688 4.953513 5.027022 5.027022 5.025219 5.333814 5.332451 5.524154 5.523750 5.522943 5.616110 5.617335 5.573324 5.573526 5.572920 5.510179 5.511175 5.371225 5.369873
2.541011 2.535021 2.545843 2.081093 2.097658 2.138126 2.148523 2.137809 3.851030 3.852445 3.998233 3.998097 3.998097 2.809518 2.809803 2.236362 2.236362 2.236471 3.148060 3.148153 4.226374 4.225633 4.225188 4.954597 4.954417 5.319059 5.319059 5.318475 5.300171 5.299594 5.129197 5.129197 5.129562 5.362964 5.363349 5.543940 5.543539 5.543739 5.475075 5.475678 5.543212 5.540354 5.540558 5.694265 5.693019 5.811376 5.810954 5.810321 5.841885 5.842519 5.801570 5.800524 5.798849 5.803383 5.803383 5.644659 -9999.000000
2.540391 2.514754 2.528276 2.099333 2.095704 2.132535 2.127032 2.152463 3.854475 3.855759 4.001106 4.001242 4.001242 2.813019 2.813090 2.239487 2.239523 2.239487 3.151169 3.150612 4.228313 4.228017 4.227721 4.957123 4.956764 5.321448 5.321254 5.320671 5.302831 5.302639 5.132107 5.132656 5.131925 5.366110 5.365918 5.546594 5.545994 5.546394 5.477627 5.476222 5.542192 5.542192 5.541988 5.694761 5.694761 5.813035 5.810715 5.811559 5.845643 5.845432 5.801125 5.800916 5.802798 5.806919 5.805876 -9999.000000 -9999.000000
2.551756 2.561270 2.564324 2.094487 2.096911 2.139403 2.119513 2.151448 3.854450 3.857145 4.004113 4.004249 4.004113 2.816162 2.816233 2.242790 2.242682 2.242574 3.153626 3.153255 4.230548 4.230696 4.230400 4.959648 4.958930 5.324031 5.323059 5.323059 5.305297 5.305489 5.135199 5.135016 5.135381 5.368677 5.368101 5.549047 5.548847 5.549047 5.478372 5.477771 5.545252 5.544028 5.543824 5.696916 5.697538 5.812375 5.810898 5.811320 5.844326 5.846440 5.804235 5.804862 5.803399 5.807324 -9999.000000 -9999.000000 -9999.000000
2.796169 2.792834 2.817872 2.296694 2.294243 1.872538 1.864419 1.874201 4.040170 4.056793 4.801796 4.801282 4.801625 4.203521 4.203229 3.386779 3.386569 3.386569 3.629722 3.629604 4.153958 4.153527 4.153671 4.834254 4.834254 5.088972 5.089157 5.089157 5.436471 5.436471 5.864707 5.864282 5.863856 5.989211 5.989651 6.006405 6.006625 6.004865 6.018433 6.014705 5.868226 5.865028 5.860760 5.936760 5.939545 6.107783 6.105153 6.110631 6.244951 6.245841 6.047506 6.045994 6.045563 -9999.000000 -9999.000000 -9999.000000 -9999.000000
2.781969 2.768814 2.772124 2.312193 2.298928 1.868705 1.870436 1.874948 3.992106 4.059751 4.803992 4.804334 4.804334 4.206444 4.206006 3.389786 3.389472 3.389368 3.633152 3.632214 4.155915 4.156059 4.156059 4.836306 4.836306 5.092196 5.092011 5.092381 5.439643 5.439247 5.867121 5.866908 5.866908 5.991725 5.991945 6.011063 6.007546 -9999.000000 -9999.000000 -9999.000000 5.863770 5.860997 5.867395 5.938411 5.938197 6.108286 6.110914 6.108724 6.248314 6.248092 6.048281 6.047202 6.046339 -9999.000000 -9999.000000 -9999.000000 -9999.000000
3.132225 3.088678 3.139972 2.610961 2.614392 1.865024 1.869223 1.874324 4.036069 4.168643 5.566585 5.566585 5.566585 4.692979 4.692478 3.828005 3.827753 3.827879 3.723270 3.722662 4.458601 4.457496 4.457496 5.291633 5.292023 5.683068 5.683491 5.683068 6.045510 6.045064 6.222299 6.221615 6.222071 6.349432 6.348969 6.528892 -9999.000000 -9999.000000 -9999.000000 -9999.000000 6.497641 6.501083 6.502459 6.414043 6.412008 6.457192 6.459246 6.459702 6.596086 6.593543 6.534493 -9999.000000 -9999.000000 -9999.000000 -9999.000000 -9999.000000 -9999.000000
3.144773 3.149783 3.133292 2.622291 2.624988 1.872016 1.867441 1.870989 4.129040 4.169049 5.569204 5.569204 5.569003 4.695521 4.695021 3.830806 3.830806 3.830428 3.725739 3.725618 4.460959 4.461274 4.460170 5.295767 5.294599 5.685691 5.685691 5.685480 6.044706 6.046938 6.222023 6.224530 6.222479 6.350929 6.348383 -9999.000000 -9999.000000 -9999.000000 -9999.000000 -9999.000000 -9999.000000 6.501731 6.501502 6.412242 6.416761 -9999.000000 -9999.000000 -9999.000000 -9999.000000 -9999.000000 -9999.000000 -9999.000000 -9999.000000 -9999.000000 -9999.000000 -9999.000000 -9999.000000
3.149335 3.154181 3.121478 2.593968 2.604987 1.868205 1.869373 1.878851 4.161732 4.172076 5.571217 5.571418 5.571016 4.698062 4.697895 3.833605 3.833102 3.833228 3.728572 3.728450 4.463631 4.463631 4.462843 5.297173 5.297562 5.688522 5.688311 5.686623 6.049479 6.047472 6.226532 6.224937 6.225621 6.352426 6.350112 -9999.000000 -9999.000000 -9999.000000 -9999.000000 -9999.000000 -9999.000000 -9999.000000 -9999.000000 -9999.000000 -9999.000000 -9999.000000 -9999.000000 -9999.000000 -9999.000000 -9999.000000 -9999.000000 -9999.000000 -9999.000000 -9999.000000 -9999.000000 -9999.000000 -9999.000000
2.931854 2.934451 2.933452 2.652901 2.668203 2.325979 2.324336 2.359060 4.293540 4.306309 5.575285 5.575285 5.574883 4.681803 4.681638 4.251869 4.251279 4.250984 4.249131 4.249131 4.672453 4.671953 4.672287 5.382426 5.393090 6.068039 6.067132 6.065543 6.549631 6.548668 6.678146 6.678632 6.675716 6.900096 -9999.000000 -9999.000000 -9999.000000 -9999.000000 -9999.000000 -9999.000000 -9999.000000 -9999.000000 -9999.000000 -9999.000000 -9999.000000 -9999.000000 -9999.000000 -9999.000000 -9999.000000 -9999.000000 -9999.000000 -9999.000000 -9999.000000 -9999.000000 -9999.000000 -9999.000000 -9999.000000
2.932721 2.934783 2.952206 2.653874 2.673877 2.330591 2.330096 2.362385 4.302785 4.310883 5.578027 5.577225 5.577426 4.684725 4.684228 4.254387 4.254534 4.254092 4.252391 4.252244 4.675093 4.675093 4.673759 5.392069 5.395083 6.070032 6.067537 6.069805 6.548888 6.553938 6.679552 6.680281 6.680281 -9999.000000 -9999.000000 -9999.000000 -9999.000000 -9999.000000 -9999.000000 -9999.000000 -9999.000000 -9999.000000 -9999.000000 -9999.000000 -9999.000000 -9999.000000 -9999.000000 -9999.000000 -9999.000000 -9999.000000 -9999.000000 -9999.000000 -9999.000000 -9999.000000 -9999.000000 -9999.000000 -9999.000000
2.447515 2.454583 2.463276 2.932581 2.936518 2.806627 2.853638 2.889138 5.034964 5.046977 5.644775 5.644976 5.644373 4.844572 4.844053 4.851494 4.852714 4.850972 4.986172 4.985813 5.676691 5.674804 5.662424 6.096017 6.099683 6.603600 6.601137 6.596946 7.009179 7.007133 7.152157 7.144944 -9999.000000 -9999.000000 -9999.000000 -9999.000000 -9999.000000 -9999.000000 -9999.000000 -9999.000000 -9999.000000 -9999.000000 -9999.000000 -9999.000000 -9999.000000 -9999.000000 -9999.000000 -9999.000000 -9999.000000 -9999.000000 -9999.000000 -9999.000000 -9999.000000 -9999.000000 -9999.000000 -9999.000000 -9999.000000
2.451414 2.457386 2.454766 2.936398 2.945370 2.778705 2.864463 2.893769 5.036668 5.048491 5.647272 5.647473 5.647072 4.847090 4.846571 4.854658 4.853962 4.853788 4.988612 4.988253 5.679248 5.673172 5.666461 6.098963 6.101482 6.604274 6.607474 6.601072 7.008726 7.010259 7.154004 -9999.000000 -9999.000000 -9999.000000 -9999.000000 -9999.000000 -9999.000000 -9999.000000 -9999.000000 -9999.000000 -9999.000000 -9999.000000 -9999.000000 -9999.000000 -9999.000000 -9999.000000 -9999.000000 -9999.000000 -9999.000000 -9999.000000 -9999.000000 -9999.000000 -9999.000000 -9999.000000 -9999.000000 -9999.000000 -9999.000000
2.457442 2.450585 2.449514 2.935020 2.939084 2.818445 2.857291 2.897911 5.048189 5.052184 5.650169 5.649968 5.649767 4.849606 4.848569 4.856427 4.856427 4.856775 4.991230 4.990871 5.681384 5.676988 5.671960 6.100992 6.100992 6.602486 6.607654 6.601747 7.008017 7.009551 -9999.000000 -9999.000000 -9999.000000 -9999.000000 -9999.000000 -9999.000000 -9999.000000 -9999.000000 -9999.000000 -9999.000000 -9999.000000 -9999.000000 -9999.000000 -9999.000000 -9999.000000 -9999.000000 -9999.000000 -9999.000000 -9999.000000 -9999.000000 -9999.000000 -9999.000000 -9999.000000 -9999.000000 -9999.000000 -9999.000000 -9999.000000
