Data/ET/20200108.L0.pakistan.eto.forecast.txt
ncols    	169
nrows    	134
xllcorner	60.9
yllcorner	23.7
cellsize 	0.1
NODATA_value  -9999
[rows 100 to 124 of 134, columns 0 to 56 of 169]
-9999.000000 -9999.000000 -9999.000000 -9999.000000 -9999.000000 -9999.000000 -9999.000000 -9999.000000 -9999.000000 -9999.000000 -9999.000000 -9999.000000 -9999.000000 -9999.000000 -9999.000000 -9999.000000 -9999.000000 -9999.000000 -9999.000000 -9999.000000 -9999.000000 -9999.000000 -9999.000000 5.034926 5.034278 6.093220 6.090555 6.408623 6.399703 6.385950 6.274594 6.273326 5.787362 5.787597 5.786184 5.501501 5.494794 5.367023 5.354794 5.368960 5.453251 5.459277 5.259027 5.259910 5.243050 5.486885 5.516244 4.840327 4.760640 4.885942 5.208299 5.170187 4.119597 4.092040 4.114917 4.714600 4.720495
-9999.000000 -9999.000000 -9999.000000 -9999.000000 -9999.000000 -9999.000000 -9999.000000 -9999.000000 -9999.000000 -9999.000000 -9999.000000 -9999.000000 -9999.000000 -9999.000000 -9999.000000 -9999.000000 -9999.000000 -9999.000000 -9999.000000 -9999.000000 -9999.000000 -9999.000000 -9999.000000 5.033442 5.036684 6.090215 6.094703 6.415210 6.414102 6.410358 6.291183 6.287295 5.796031 5.788525 5.782042 5.495330 5.479700 5.372560 5.381854 5.384937 5.456113 5.453329 5.253635 5.265245 5.222742 5.528128 5.505942 4.808188 4.889415 4.901485 5.199861 5.200412 4.117247 4.106126 4.118879 4.708258 4.756072
-9999.000000 -9999.000000 -9999.000000 -9999.000000 -9999.000000 -9999.000000 -9999.000000 -9999.000000 -9999.000000 -9999.000000 -9999.000000 -9999.000000 -9999.000000 -9999.000000 -9999.000000 -9999.000000 -9999.000000 -9999.000000 -9999.000000 -9999.000000 -9999.000000 -9999.000000 -9999.000000 6.189596 6.207943 6.685665 6.691050 6.835123 6.833458 6.831513 6.665705 6.652603 6.223128 6.205208 6.224551 5.996554 5.993140 5.892568 5.892687 5.889452 6.145676 6.138154 5.815844 5.799227 5.793509 5.424578 5.345930 5.204561 5.333699 5.297743 5.699672 5.763309 3.916521 3.884297 3.922526 5.005970 4.974209
-9999.000000 -9999.000000 -9999.000000 -9999.000000 -9999.000000 -9999.000000 -9999.000000 -9999.000000 -9999.000000 -9999.000000 -9999.000000 -9999.000000 -9999.000000 -9999.000000 -9999.000000 -9999.000000 -9999.000000 -9999.000000 -9999.000000 -9999.000000 -9999.000000 -9999.000000 -9999.000000 6.198635 6.197447 6.674066 6.682334 6.825508 6.834553 6.832192 6.668677 6.665486 6.245262 6.232960 6.222675 5.990860 5.992001 5.881589 5.882313 5.875787 6.168075 6.177736 5.803576 5.744933 5.872916 5.427657 5.436776 5.339049 5.333924 5.215813 5.713452 5.752079 3.919763 3.895917 3.926887 5.024829 4.938404
-9999.000000 -9999.000000 -9999.000000 -9999.000000 -9999.000000 -9999.000000 -9999.000000 -9999.000000 -9999.000000 -9999.000000 -9999.000000 -9999.000000 -9999.000000 -9999.000000 -9999.000000 -9999.000000 -9999.000000 -9999.000000 5.880301 5.875579 5.285728 5.277478 6.216647 6.219514 6.221466 6.688584 6.690602 6.834814 6.834675 6.833426 6.668193 6.660467 6.224002 6.215915 6.204292 5.984912 6.002790 5.893319 5.907718 5.922669 6.198506 6.210870 5.845294 5.880574 5.879128 5.470782 5.475041 5.336553 5.349334 5.289142 5.779458 5.781305 3.947328 3.908848 3.957975 5.053306 5.029479
-9999.000000 -9999.000000 -9999.000000 -9999.000000 -9999.000000 -9999.000000 -9999.000000 -9999.000000 -9999.000000 -9999.000000 -9999.000000 -9999.000000 -9999.000000 -9999.000000 6.663373 6.218918 6.212149 6.374774 6.357507 6.333376 6.457578 6.450210 7.609109 7.628332 7.619816 7.897172 7.910024 7.966989 7.963808 7.952913 7.539720 7.541482 7.132386 7.145177 7.144277 6.768781 6.753737 6.460363 6.418889 6.449542 6.527961 6.494331 5.253775 5.254301 5.267801 4.628981 4.655723 4.909256 4.907721 4.903967 5.260992 5.251885 3.155368 3.206671 3.227457 5.168680 5.085940
-9999.000000 -9999.000000 -9999.000000 -9999.000000 -9999.000000 -9999.000000 -9999.000000 -9999.000000 -9999.000000 -9999.000000 -9999.000000 -9999.000000 -9999.000000 6.694727 6.670646 6.115836 6.147310 6.324666 6.374049 6.362093 6.480830 6.484468 7.660192 7.657514 7.637583 7.923454 7.945505 7.987739 7.974439 7.991010 7.571933 7.572221 7.156994 7.162196 7.164420 6.785998 6.772133 6.449920 6.442816 6.443688 6.585916 6.610452 5.270873 5.275592 5.253178 4.675919 4.668884 4.930412 4.925485 4.930582 5.282943 5.214473 3.210469 3.223681 3.243687 5.162446 5.122565
-9999.000000 -9999.000000 -9999.000000 -9999.000000 -9999.000000 -9999.000000 -9999.000000 -9999.000000 -9999.000000 -9999.000000 -9999.000000 -9999.000000 7.736800 7.775997 7.740862 7.845868 7.826576 7.147111 7.159525 7.162003 7.891558 7.888139 8.642844 8.640573 8.646348 8.352397 8.336215 8.057885 8.053273 8.057530 7.689162 7.664631 7.237146 7.237146 7.222339 7.041522 7.032557 6.401538 6.463491 6.497833 7.085094 7.095156 5.343138 5.360063 5.366373 4.710405 4.741607 4.351486 4.356243 4.350565 4.850528 4.864478 3.926126 3.971552 3.968873 5.006201 4.962079
-9999.000000 -9999.000000 -9999.000000 -9999.000000 -9999.000000 -9999.000000 -9999.000000 -9999.000000 -9999.000000 4.826249 8.189173 8.222888 7.775491 7.782031 7.757833 7.876745 7.850922 7.162144 7.161469 7.171813 7.900384 7.902655 8.641301 8.646250 8.648514 8.366662 8.347428 8.057189 8.058429 8.062676 7.694186 7.692022 7.255691 7.236508 7.191430 7.111928 7.147243 6.514728 6.521863 6.514148 7.092321 7.071731 5.318033 5.359033 5.372753 4.746923 4.745260 4.347433 4.364451 4.363685 4.894836 4.888594 3.946746 3.983791 3.984354 4.999056 4.989139
-9999.000000 -9999.000000 -9999.000000 -9999.000000 -9999.000000 -9999.000000 -9999.000000 -9999.000000 -9999.000000 4.878714 8.262492 8.267645 7.819061 7.816319 7.816569 7.928887 7.891596 7.194561 7.162511 7.166335 7.900336 7.894196 8.593273 8.612973 8.588641 8.339287 8.268244 8.003516 7.993488 8.043689 7.687295 7.681320 7.231363 7.248798 7.264145 7.166121 7.171008 6.528838 6.527108 6.502402 7.064871 7.062759 5.342019 5.382077 5.392412 4.752063 4.717609 4.367593 4.378449 4.304342 4.902571 4.905511 3.934943 3.989395 3.990520 5.041165 5.018949
-9999.000000 -9999.000000 -9999.000000 -9999.000000 -9999.000000 -9999.000000 -9999.000000 -9999.000000 -9999.000000 6.358572 7.983224 7.969184 7.242929 7.253403 7.241854 7.734094 7.744706 7.693025 7.700457 7.697028 10.363985 10.365981 9.433143 9.413093 9.409941 8.551794 8.530513 8.160482 8.140148 8.148497 7.661173 7.650275 7.136420 7.138201 7.141561 7.328302 7.318628 6.733610 6.724770 6.741990 7.326569 7.358993 6.299319 6.309897 6.303921 4.084436 4.041362 3.915731 3.994115 3.974568 5.187722 5.131822 3.414724 3.465636 3.471633 4.292344 4.285722
-9999.000000 -9999.000000 -9999.000000 -9999.000000 -9999.000000 -9999.000000 -9999.000000 -9999.000000 -9999.000000 6.384871 8.008689 7.986714 7.267762 7.254366 7.245508 7.670892 7.741922 7.699330 7.698187 7.677294 10.357943 10.364790 9.426668 9.406576 9.364022 8.457550 8.473805 8.103952 8.122246 8.125380 7.652995 7.640331 7.104400 7.091368 7.120759 7.322149 7.307827 6.740946 6.762043 6.766644 7.354243 7.372544 6.310739 6.321752 6.285194 4.008779 4.082889 4.010681 4.004768 3.988894 5.146463 5.148912 3.436552 3.473453 3.476337 4.296999 4.296032
-9999.000000 -9999.000000 -9999.000000 -9999.000000 -9999.000000 -9999.000000 -9999.000000 -9999.000000 -9999.000000 7.223086 6.952743 6.960014 7.489107 7.505444 7.507734 6.234186 6.234186 9.422372 9.419258 9.403972 10.385320 10.378220 9.825522 9.825808 9.804615 10.107138 10.112842 10.032680 10.025645 9.968012 8.053671 8.045735 8.400109 8.520884 8.547420 8.746884 8.758723 7.474457 7.460044 7.518210 7.575221 7.584322 5.627137 5.635274 5.636130 2.741286 2.742464 3.331094 3.296638 3.313714 4.829503 4.838242 2.430560 2.433043 2.434083 4.725799 4.726540
-9999.000000 -9999.000000 -9999.000000 -9999.000000 -9999.000000 -9999.000000 -9999.000000 -9999.000000 7.215166 7.246032 6.986417 6.991152 7.510726 7.513300 7.514729 6.238793 6.240252 9.424726 9.420680 9.415695 10.397947 10.382893 9.856808 9.857092 9.845457 10.152708 10.131992 10.074524 10.020591 10.027889 8.159352 8.153254 8.561927 8.587913 8.565402 8.783717 8.753973 7.462658 7.511864 7.531207 7.574915 7.591230 5.640017 5.650272 5.657741 2.745331 2.726763 3.302438 3.322099 3.325911 4.873799 4.848032 2.412540 2.437979 2.437843 4.731629 4.731259
-9999.000000 -9999.000000 -9999.000000 -9999.000000 -9999.000000 -9999.000000 -9999.000000 -9999.000000 7.261852 7.244633 6.992984 7.000773 7.518287 7.516287 7.506853 6.233189 6.231973 9.399017 9.400893 9.392135 10.393463 10.394937 9.872068 9.877145 9.876581 10.181222 10.175366 10.094724 10.078706 9.953595 8.162659 8.178845 8.607892 8.615973 8.647381 8.791002 8.789936 7.518515 7.537827 7.540616 7.598126 7.600792 5.645608 5.633426 5.583866 2.729084 2.749954 3.331066 3.325055 3.321349 4.864692 4.902501 2.438231 2.441732 2.441598 4.735789 4.734496
-9999.000000 -9999.000000 -9999.000000 -9999.000000 -9999.000000 -9999.000000 -9999.000000 7.814915 7.818862 7.821896 8.176707 8.180744 8.215297 8.021938 8.163387 6.978338 7.006365 9.257735 9.261771 9.263633 10.101531 10.033609 9.685929 9.748350 9.761559 10.888339 10.890857 10.134372 10.137140 10.127907 8.114463 8.101965 9.885760 9.907080 9.928994 9.489927 9.430058 8.398378 8.297490 8.379909 7.921176 7.994072 4.956402 4.967526 4.966229 3.402427 3.431902 4.597890 4.598417 4.602279 4.652154 4.627166 2.797442 -9999.000000 -9999.000000 4.989119 4.988912
-9999.000000 -9999.000000 -9999.000000 -9999.000000 -9999.000000 -9999.000000 -9999.000000 7.828101 7.826282 7.826282 8.177568 8.178810 8.216316 8.202937 8.216613 7.008372 6.859636 9.211179 9.265410 9.269440 10.104395 10.104083 9.763495 9.759413 9.766947 10.907085 10.903007 10.169639 10.139324 10.154048 8.161927 -9999.000000 -9999.000000 9.959946 9.958273 9.503293 9.501057 8.496057 8.501702 8.501702 8.018710 8.000014 4.982418 4.950377 4.984821 3.433447 3.437250 4.639338 4.638113 4.638463 4.657850 4.658029 -9999.000000 -9999.000000 -9999.000000 4.991425 -9999.000000
-9999.000000 -9999.000000 -9999.000000 -9999.000000 -9999.000000 -9999.000000 -9999.000000 8.329501 8.328863 8.329182 8.228357 8.226809 8.091135 8.108332 8.102396 9.954004 9.954004 11.326098 11.329359 11.334790 10.007618 9.965070 10.915574 10.916252 10.914897 11.511065 -9999.000000 -9999.000000 -9999.000000 -9999.000000 7.798525 7.798861 10.658448 10.658818 10.658448 9.635074 9.634705 9.429071 9.429810 9.428333 7.674737 7.679316 4.411945 -9999.000000 -9999.000000 -9999.000000 -9999.000000 -9999.000000 -9999.000000 -9999.000000 -9999.000000 -9999.000000 -9999.000000 -9999.000000 -9999.000000 -9999.000000 -9999.000000
-9999.000000 -9999.000000 -9999.000000 -9999.000000 -9999.000000 -9999.000000 -9999.000000 8.332579 8.332260 8.332260 8.234985 8.233438 8.115228 8.115851 8.114916 9.964658 -9999.000000 -9999.000000 11.295412 11.338972 10.007005 10.010189 -9999.000000 10.919407 10.918730 11.508186 -9999.000000 -9999.000000 -9999.000000 -9999.000000 -9999.000000 -9999.000000 -9999.000000 -9999.000000 -9999.000000 9.633234 -9999.000000 -9999.000000 -9999.000000 -9999.000000 -9999.000000 -9999.000000 -9999.000000 -9999.000000 -9999.000000 -9999.000000 -9999.000000 -9999.000000 -9999.000000 -9999.000000 -9999.000000 -9999.000000 -9999.000000 -9999.000000 -9999.000000 -9999.000000 -9999.000000
-9999.000000 -9999.000000 -9999.000000 -9999.000000 -9999.000000 -9999.000000 -9999.000000 -9999.000000 8.335336 8.333105 8.220255 8.238514 -9999.000000 -9999.000000 -9999.000000 -9999.000000 -9999.000000 -9999.000000 -9999.000000 -9999.000000 -9999.000000 -9999.000000 -9999.000000 -9999.000000 -9999.000000 -9999.000000 -9999.000000 -9999.000000 -9999.000000 -9999.000000 -9999.000000 -9999.000000 -9999.000000 -9999.000000 -9999.000000 -9999.000000 -9999.000000 -9999.000000 -9999.000000 -9999.000000 -9999.000000 -9999.000000 -9999.000000 -9999.000000 -9999.000000 -9999.000000 -9999.000000 -9999.000000 -9999.000000 -9999.000000 -9999.000000 -9999.000000 -9999.000000 -9999.000000 -9999.000000 -9999.000000 -9999.000000
-9999.000000 -9999.000000 -9999.000000 -9999.000000 -9999.000000 -9999.000000 -9999.000000 -9999.000000 9.198010 9.183823 -9999.000000 -9999.000000 -9999.000000 -9999.000000 -9999.000000 -9999.000000 -9999.000000 -9999.000000 -9999.000000 -9999.000000 -9999.000000 -9999.000000 -9999.000000 -9999.000000 -9999.000000 -9999.000000 -9999.000000 -9999.000000 -9999.000000 -9999.000000 -9999.000000 -9999.000000 -9999.000000 -9999.000000 -9999.000000 -9999.000000 -9999.000000 -9999.000000 -9999.000000 -9999.000000 -9999.000000 -9999.000000 -9999.000000 -9999.000000 -9999.000000 -9999.000000 -9999.000000 -9999.000000 -9999.000000 -9999.000000 -9999.000000 -9999.000000 -9999.000000 -9999.000000 -9999.000000 -9999.000000 -9999.000000
-9999.000000 -9999.000000 -9999.000000 -9999.000000 -9999.000000 -9999.000000 -9999.000000 -9999.000000 -9999.000000 -9999.000000 -9999.000000 -9999.000000 -9999.000000 -9999.000000 -9999.000000 -9999.000000 -9999.000000 -9999.000000 -9999.000000 -9999.000000 -9999.000000 -9999.000000 -9999.000000 -9999.000000 -9999.000000 -9999.000000 -9999.000000 -9999.000000 -9999.000000 -9999.000000 -9999.000000 -9999.000000 -9999.000000 -9999.000000 -9999.000000 -9999.000000 -9999.000000 -9999.000000 -9999.000000 -9999.000000 -9999.000000 -9999.000000 -9999.000000 -9999.000000 -9999.000000 -9999.000000 -9999.000000 -9999.000000 -9999.000000 -9999.000000 -9999.000000 -9999.000000 -9999.000000 -9999.000000 -9999.000000 -9999.000000 -9999.000000
-9999.000000 -9999.000000 -9999.000000 -9999.000000 -9999.000000 -9999.000000 -9999.000000 -9999.000000 -9999.000000 -9999.000000 -9999.000000 -9999.000000 -9999.000000 -9999.000000 -9999.000000 -9999.000000 -9999.000000 -9999.000000 -9999.000000 -9999.000000 -9999.000000 -9999.000000 -9999.000000 -9999.000000 -9999.000000 -9999.000000 -9999.000000 -9999.000000 -9999.000000 -9999.000000 -9999.000000 -9999.000000 -9999.000000 -9999.000000 -9999.000000 -9999.000000 -9999.000000 -9999.000000 -9999.000000 -9999.000000 -9999.000000 -9999.000000 -9999.000000 -9999.000000 -9999.000000 -9999.000000 -9999.000000 -9999.000000 -9999.000000 -9999.000000 -9999.000000 -9999.000000 -9999.000000 -9999.000000 -9999.000000 -9999.000000 -9999.000000
-9999.000000 -9999.000000 -9999.000000 -9999.000000 -9999.000000 -9999.000000 -9999.000000 -9999.000000 -9999.000000 -9999.000000 -9999.000000 -9999.000000 -9999.000000 -9999.000000 -9999.000000 -9999.000000 -9999.000000 -9999.000000 -9999.000000 -9999.000000 -9999.000000 -9999.000000 -9999.000000 -9999.000000 -9999.000000 -9999.000000 -9999.000000 -9999.000000 -9999.000000 -9999.000000 -9999.000000 -9999.000000 -9999.000000 -9999.000000 -9999.000000 -9999.000000 -9999.000000 -9999.000000 -9999.000000 -9999.000000 -9999.000000 -9999.000000 -9999.000000 -9999.000000 -9999.000000 -9999.000000 -9999.000000 -9999.000000 -9999.000000 -9999.000000 -9999.000000 -9999.000000 -9999.000000 -9999.000000 -9999.000000 -9999.000000 -9999.000000
-9999.000000 -9999.000000 -9999.000000 -9999.000000 -9999.000000 -9999.000000 -9999.000000 -9999.000000 -9999.000000 -9999.000000 -9999.000000 -9999.000000 -9999.000000 -9999.000000 -9999.000000 -9999.000000 -9999.000000 -9999.000000 -9999.000000 -9999.000000 -9999.000000 -9999.000000 -9999.000000 -9999.000000 -9999.000000 -9999.000000 -9999.000000 -9999.000000 -9999.000000 -9999.000000 -9999.000000 -9999.000000 -9999.000000 -9999.000000 -9999.000000 -9999.000000 -9999.000000 -9999.000000 -9999.000000 -9999.000000 -9999.000000 -9999.000000 -9999.000000 -9999.000000 -9999.000000 -9999.000000 -9999.000000 -9999.000000 -9999.000000 -9999.000000 -9999.000000 -9999.000000 -9999.000000 -9999.000000 -9999.000000 -9999.000000 -9999.000000
