Data/ET/20200108.L4.pakistan.eto.forecast.txt
ncols    	169
nrows    	134
xllcorner	60.9
yllcorner	23.7
cellsize 	0.1
NODATA_value  -9999
[rows 75 to 99 of 134, columns 0 to 56 of 169]
-9999.000000 -9999.000000 3.694082 3.719619 3.756394 4.526273 4.534031 5.499505 5.499142 5.496116 5.684018 -9999.000000 -9999.000000 -9999.000000 -9999.000000 -9999.000000 -9999.000000 -9999.000000 -9999.000000 -9999.000000 -9999.000000 -9999.000000 -9999.000000 -9999.000000 -9999.000000 -9999.000000 -9999.000000 -9999.000000 -9999.000000 -9999.000000 -9999.000000 -9999.000000 -9999.000000 -9999.000000 -9999.000000 4.493540 4.516077 4.823544 4.876020 4.889688 4.753473 4.750678 3.962052 3.958304 3.957594 3.438829 3.439509 3.156531 3.156076 3.156076 2.925515 2.920069 2.604866 2.592009 2.593424 1.276801 1.277546
-9999.000000 -9999.000000 -9999.000000 3.713708 3.733505 4.502815 4.522904 5.494675 5.494069 5.488844 5.665283 5.672976 5.793688 5.793107 -9999.000000 -9999.000000 -9999.000000 -9999.000000 -9999.000000 -9999.000000 5.461128 5.455432 4.836060 4.826687 4.820400 4.403487 4.398735 4.373764 4.374253 4.377241 4.421601 -9999.000000 4.269256 4.267943 4.280764 4.534456 4.525009 4.874449 4.888831 4.891177 4.754835 4.753864 3.963568 3.962557 3.961951 3.442306 3.441713 3.159256 3.159331 3.156309 2.929513 2.915072 2.596472 2.587220 2.592443 1.284729 1.278759
-9999.000000 -9999.000000 -9999.000000 -9999.000000 4.401179 4.302926 4.340857 5.233515 5.238946 5.234405 5.404024 5.410423 5.445321 5.446444 5.444478 5.196112 5.185561 4.889298 4.889430 4.891414 5.707859 5.707089 5.498710 5.488418 5.478258 5.034051 5.108289 4.645422 4.637269 4.632671 4.391738 4.395293 4.317572 4.326888 4.331287 3.862660 3.872049 3.815482 3.819984 3.819984 2.778717 2.778353 3.096849 3.096410 3.095972 1.717932 1.717922 2.511144 2.511099 2.513093 2.791393 2.790988 1.104345 1.106836 1.107793 1.043636 1.042744
-9999.000000 -9999.000000 -9999.000000 -9999.000000 4.435144 4.304096 4.326228 5.218031 5.230007 5.214615 5.404463 5.395545 5.437931 5.440380 5.436421 5.185634 5.171865 4.873316 4.873316 4.880944 5.704175 5.712898 5.505922 5.500288 5.484788 5.103545 5.122884 4.669219 4.659368 4.659767 4.437168 4.420497 4.328300 4.352049 4.354711 3.867647 3.881424 3.818693 3.822010 3.821690 2.780919 2.780555 3.099078 3.098640 3.098056 1.720170 1.720305 2.517005 2.516328 2.511858 2.794418 2.772432 1.108011 1.105636 1.112767 1.047499 1.056564
-9999.000000 -9999.000000 -9999.000000 -9999.000000 -9999.000000 4.306966 4.328044 5.206198 5.203967 5.218395 5.403225 5.394197 5.433712 5.431911 5.419984 5.167463 5.171778 4.873842 4.849456 4.855827 5.703319 5.717229 5.514815 5.510409 5.501694 5.131614 5.126679 4.681934 4.677643 4.673094 4.446486 4.447390 4.342088 4.357643 4.367028 3.879047 3.886755 3.821684 3.823608 3.823608 2.782513 2.781727 3.098973 3.102396 3.103124 1.722712 1.722692 2.516767 2.474979 2.502075 2.783766 2.780112 1.103664 1.107045 1.121882 1.048874 1.049927
-9999.000000 -9999.000000 -9999.000000 -9999.000000 -9999.000000 -9999.000000 5.111529 5.850018 5.846473 5.848664 6.090757 6.097604 6.224625 6.221816 6.202475 6.266479 6.263854 5.520694 5.503760 5.492901 5.762247 5.780307 6.484105 6.479278 6.476742 6.024741 6.023444 5.276408 5.271773 5.263445 3.903671 3.903671 3.267612 3.270033 3.270283 3.067894 3.063365 5.171707 5.163075 5.173022 3.998208 4.001436 3.010763 3.009649 3.010370 1.265657 1.278773 1.417840 1.416206 1.418299 1.083942 1.093205 1.206119 1.211997 1.210046 1.118744 1.123544
-9999.000000 -9999.000000 -9999.000000 -9999.000000 -9999.000000 -9999.000000 5.140747 5.856043 5.855318 5.858628 6.108211 6.109605 6.229372 6.233501 6.230612 6.279928 6.278684 5.543700 5.539802 5.545741 5.789088 5.794072 6.494104 6.491486 6.488061 6.035593 6.035242 5.288815 5.284580 5.283732 3.911155 3.911986 3.275143 3.276225 3.279217 3.074112 3.076864 5.179376 5.179958 5.180104 4.001211 4.002100 3.009211 3.006261 2.978727 1.278802 1.273972 1.416767 1.417818 1.419795 1.098821 1.106502 1.210431 1.212903 1.208669 1.125402 1.126376
-9999.000000 -9999.000000 -9999.000000 -9999.000000 -9999.000000 -9999.000000 -9999.000000 5.517589 5.502903 5.520179 6.284654 6.286778 6.726071 6.728426 6.727903 7.039324 7.037291 6.855991 6.857361 6.860859 4.030240 4.028838 6.611362 6.609570 6.602986 6.493603 6.489633 5.626355 5.624874 5.622948 4.515099 4.512857 2.079549 2.080880 2.080590 1.772648 1.772613 3.042825 3.042490 3.039409 2.009995 2.020394 1.975364 1.986312 1.988476 3.760048 3.749694 3.274497 3.266894 3.250125 1.841407 1.842049 1.340019 1.342880 1.341412 1.246458 1.248900
-9999.000000 -9999.000000 -9999.000000 -9999.000000 -9999.000000 -9999.000000 -9999.000000 -9999.000000 5.511071 5.512491 6.285540 6.292768 6.734751 6.735792 6.732407 7.045693 7.050270 6.866817 6.869087 6.872561 4.039584 4.038886 6.623100 6.620727 6.615672 6.504600 6.501643 5.642771 5.639684 5.638802 4.529767 4.525045 2.083410 2.082736 2.082014 1.774608 1.774549 3.033159 2.982668 3.010380 2.022131 2.019007 1.989830 1.986188 1.995299 3.772545 3.759825 3.281028 3.270926 3.248394 1.845249 1.843029 1.346040 1.342859 1.342116 1.248448 1.253049
-9999.000000 -9999.000000 -9999.000000 -9999.000000 -9999.000000 -9999.000000 -9999.000000 -9999.000000 -9999.000000 5.523304 6.271112 6.285052 6.735075 6.740788 6.739232 7.052570 7.057393 6.880583 6.871245 6.879531 4.045991 4.047615 6.631074 6.628268 6.625310 6.515383 6.513706 5.653658 5.652928 5.648685 4.531938 4.505102 2.082848 2.080938 2.076535 1.775302 1.775214 3.010607 3.014338 3.023467 2.025234 2.024020 1.992342 1.999286 1.998945 3.782262 3.784572 3.285704 3.274947 3.246825 1.846541 1.844761 1.343825 1.343555 1.343254 1.254038 1.258509
-9999.000000 -9999.000000 -9999.000000 -9999.000000 -9999.000000 -9999.000000 -9999.000000 -9999.000000 -9999.000000 -9999.000000 6.103304 6.100191 6.853211 6.860831 6.865503 7.233408 7.238847 7.663401 7.655776 7.663887 6.070524 6.069992 6.052875 6.051706 6.050368 6.461375 6.455540 5.704894 5.701189 5.694226 4.542681 4.531299 2.819809 2.814988 2.816737 2.669604 2.667210 3.460012 3.469835 3.464613 3.886123 3.922634 4.697173 4.696512 4.693471 4.869764 4.866059 3.753774 3.735422 3.689111 2.585492 2.587640 2.022430 2.023002 2.019524 1.472249 1.474831
-9999.000000 -9999.000000 -9999.000000 -9999.000000 -9999.000000 -9999.000000 -9999.000000 -9999.000000 -9999.000000 -9999.000000 -9999.000000 -9999.000000 -9999.000000 6.865690 6.869040 7.238561 7.240113 7.660617 7.663047 7.673541 6.074427 6.074427 6.056962 6.059129 6.057795 6.468050 6.465791 5.712199 5.704191 5.694142 4.534306 4.514372 2.834302 2.843299 2.842110 2.688162 2.691664 3.487557 3.492636 3.501961 3.930176 3.929321 4.700648 4.699197 4.698141 4.869842 4.864283 3.752643 3.735040 3.692542 2.589120 2.589425 2.022716 2.024409 2.019949 1.476495 1.467114
-9999.000000 -9999.000000 -9999.000000 -9999.000000 -9999.000000 -9999.000000 -9999.000000 -9999.000000 -9999.000000 -9999.000000 -9999.000000 -9999.000000 -9999.000000 -9999.000000 -9999.000000 -9999.000000 7.183446 7.853830 7.863163 7.868427 7.980250 7.980030 6.542606 6.540062 6.534970 6.583287 6.581557 6.437992 6.438160 6.430947 6.322683 6.312054 4.782603 4.779988 4.785797 3.986229 3.983945 5.032116 5.030459 5.029102 5.756782 5.754861 5.372778 5.372191 5.371750 4.764980 4.761888 3.250225 3.228963 3.206013 2.822378 2.828787 2.436762 2.433664 2.434689 2.084959 2.086903
-9999.000000 -9999.000000 -9999.000000 -9999.000000 -9999.000000 -9999.000000 -9999.000000 -9999.000000 -9999.000000 -9999.000000 -9999.000000 -9999.000000 -9999.000000 -9999.000000 -9999.000000 -9999.000000 -9999.000000 7.863808 7.867843 7.869595 7.980861 7.980861 6.543508 6.542531 6.541357 6.583181 6.581452 6.442093 6.441090 6.440253 6.331178 6.329031 4.791430 4.790416 4.788678 3.990760 3.989561 5.033637 5.032282 5.030625 5.758324 5.757205 5.374813 5.371291 5.367910 4.763258 4.751973 3.236592 3.228212 3.204269 2.830323 2.831831 2.437553 2.428539 2.434521 2.080620 2.085672
-9999.000000 -9999.000000 -9999.000000 -9999.000000 -9999.000000 -9999.000000 -9999.000000 -9999.000000 -9999.000000 -9999.000000 -9999.000000 -9999.000000 -9999.000000 -9999.000000 -9999.000000 -9999.000000 -9999.000000 -9999.000000 -9999.000000 7.870413 7.982131 7.981691 6.544606 6.544020 6.538739 6.580310 6.581521 6.438498 6.438498 6.440339 6.332722 6.331402 4.794592 4.790686 4.790396 3.992888 3.988813 5.035608 5.033954 5.032900 5.759706 5.757308 5.375527 5.367892 5.360381 4.758440 4.703579 3.221208 3.231150 3.210248 2.827087 2.833703 2.438796 2.436341 2.438824 2.083957 2.089037
-9999.000000 -9999.000000 -9999.000000 -9999.000000 -9999.000000 -9999.000000 -9999.000000 -9999.000000 -9999.000000 -9999.000000 -9999.000000 -9999.000000 -9999.000000 -9999.000000 -9999.000000 -9999.000000 -9999.000000 -9999.000000 7.432746 7.433268 8.152938 8.152741 6.860170 6.858599 6.857813 6.949284 6.946481 7.131128 7.130761 7.131494 6.895738 6.896284 6.462094 6.459916 6.458282 4.115562 4.114677 3.009579 3.008974 3.009201 3.711867 3.709632 4.593859 4.590859 4.581586 4.043148 4.026615 3.104246 3.119465 3.111443 2.031690 2.036886 1.995982 1.993568 1.995966 1.752340 1.752585
-9999.000000 -9999.000000 -9999.000000 -9999.000000 -9999.000000 -9999.000000 -9999.000000 -9999.000000 -9999.000000 -9999.000000 -9999.000000 -9999.000000 -9999.000000 -9999.000000 -9999.000000 -9999.000000 -9999.000000 -9999.000000 -9999.000000 7.428247 8.151525 8.153103 6.861932 6.860166 6.858399 6.952207 6.946979 7.133418 7.130673 7.131222 6.896993 6.895900 6.463779 6.461059 6.460152 4.118080 4.117954 3.011735 3.010529 3.009474 3.712533 3.708813 4.595674 4.584168 4.561117 4.014820 4.010912 3.110251 3.117548 3.116084 2.037901 2.038795 1.992981 1.997294 1.994943 1.753443 1.754090
-9999.000000 -9999.000000 -9999.000000 -9999.000000 -9999.000000 -9999.000000 -9999.000000 -9999.000000 -9999.000000 -9999.000000 -9999.000000 -9999.000000 -9999.000000 -9999.000000 -9999.000000 -9999.000000 -9999.000000 -9999.000000 -9999.000000 6.689717 7.260009 7.264775 7.349608 7.351882 7.349229 6.490352 6.488045 6.914944 6.908691 6.908495 6.986203 6.987193 6.695745 6.692671 6.694401 5.987809 5.987809 5.488269 5.482350 5.482670 4.744872 4.739038 3.545889 3.520135 3.503322 2.302064 2.297799 2.364692 2.365987 2.366418 2.084355 2.087198 2.275151 2.269657 2.265398 1.922562 1.920616
-9999.000000 -9999.000000 -9999.000000 -9999.000000 -9999.000000 -9999.000000 -9999.000000 -9999.000000 -9999.000000 -9999.000000 -9999.000000 -9999.000000 -9999.000000 -9999.000000 -9999.000000 -9999.000000 -9999.000000 -9999.000000 -9999.000000 6.677529 7.246695 7.254055 7.341762 7.344991 7.343662 6.490211 6.489827 6.911554 6.912921 6.909012 6.985721 6.984137 6.695611 6.695035 6.692538 5.990288 5.986918 5.489446 5.483051 5.470700 4.715018 4.718291 3.530647 3.512164 3.495671 2.298196 2.301161 2.367427 2.367026 2.368629 2.087288 2.090691 2.280818 2.281233 2.278403 1.924887 1.923379
-9999.000000 -9999.000000 -9999.000000 -9999.000000 -9999.000000 -9999.000000 -9999.000000 -9999.000000 -9999.000000 -9999.000000 -9999.000000 -9999.000000 -9999.000000 -9999.000000 -9999.000000 -9999.000000 -9999.000000 -9999.000000 -9999.000000 6.665733 7.234333 7.240360 7.322233 7.329311 7.334082 6.479679 6.480835 6.907377 6.908747 6.908747 6.987020 6.986228 6.693750 6.693942 6.692021 5.982121 5.974648 5.459979 5.468193 5.463525 4.713030 4.680188 3.496534 3.486013 3.479492 2.300914 2.300426 2.368808 2.368922 2.370518 2.092536 2.093291 2.284855 2.284881 2.279927 1.919120 1.925909
-9999.000000 -9999.000000 -9999.000000 -9999.000000 -9999.000000 -9999.000000 -9999.000000 -9999.000000 -9999.000000 -9999.000000 -9999.000000 -9999.000000 -9999.000000 -9999.000000 -9999.000000 -9999.000000 -9999.000000 -9999.000000 -9999.000000 5.655465 6.216934 6.219629 6.847154 6.856801 6.862471 6.664684 6.679735 6.441222 6.444105 6.445005 6.248222 6.248047 5.642363 5.636652 5.625670 4.990349 5.003635 4.064720 4.061663 4.036718 3.470954 3.478889 2.330528 2.330385 2.328990 2.231679 2.239025 1.528517 1.526211 1.527507 2.396303 2.382205 2.022684 2.021421 2.019912 1.831825 1.828724
-9999.000000 -9999.000000 -9999.000000 -9999.000000 -9999.000000 -9999.000000 -9999.000000 -9999.000000 -9999.000000 -9999.000000 -9999.000000 -9999.000000 -9999.000000 -9999.000000 -9999.000000 -9999.000000 -9999.000000 -9999.000000 -9999.000000 5.642071 6.198719 6.202586 6.825158 6.831240 6.845253 6.660563 6.671920 6.442851 6.426048 6.432745 6.209833 6.228236 5.625495 5.626133 5.610145 5.009654 5.000053 4.040147 4.007336 4.014406 3.477271 3.488876 2.334459 2.332138 2.322697 2.241359 2.240109 1.531657 1.527439 1.530232 2.396678 2.391061 2.026027 2.025591 2.023441 1.830913 1.833307
-9999.000000 -9999.000000 -9999.000000 -9999.000000 -9999.000000 -9999.000000 -9999.000000 -9999.000000 -9999.000000 -9999.000000 -9999.000000 -9999.000000 -9999.000000 -9999.000000 -9999.000000 -9999.000000 -9999.000000 -9999.000000 -9999.000000 5.238282 4.969354 4.976661 5.954623 5.960052 5.951641 6.393210 6.427572 5.771046 5.764803 5.747728 5.199445 5.182820 4.734254 4.738908 4.734687 4.363453 4.342866 3.586238 3.591707 3.594358 2.903000 2.900791 2.625899 2.612626 2.630871 2.333989 2.327907 1.895326 1.896937 1.895172 2.847117 2.854376 1.995842 1.993119 1.993023 1.754341 1.752520
-9999.000000 -9999.000000 -9999.000000 -9999.000000 -9999.000000 -9999.000000 -9999.000000 -9999.000000 -9999.000000 -9999.000000 -9999.000000 -9999.000000 -9999.000000 -9999.000000 -9999.000000 -9999.000000 -9999.000000 -9999.000000 -9999.000000 5.210866 4.939230 4.908921 5.848095 5.954400 5.993663 6.410488 6.384206 5.696325 5.690114 5.716933 5.185319 5.181568 4.726960 4.707025 4.690413 4.356489 4.361878 3.602963 3.601384 3.600556 2.902648 2.896610 2.630832 2.636593 2.635906 2.334349 2.320048 1.897775 1.898501 1.897138 2.860206 2.860461 1.997094 1.995622 1.993418 1.755362 1.755493
-9999.000000 -9999.000000 -9999.000000 -9999.000000 -9999.000000 -9999.000000 -9999.000000 -9999.000000 -9999.000000 -9999.000000 -9999.000000 -9999.000000 -9999.000000 -9999.000000 -9999.000000 -9999.000000 -9999.000000 -9999.000000 -9999.000000 -9999.000000 -9999.000000 -9999.000000 -9999.000000 -9999.000000 5.995965 6.415586 6.402158 5.742059 5.743847 5.735858 5.177982 5.158954 4.708120 4.703158 4.714932 4.368068 4.371601 3.605672 3.600792 3.594308 2.895835 2.911084 2.642703 2.642703 2.641381 2.335333 2.343080 1.900641 1.898500 1.901395 2.860458 2.853405 1.995963 1.993231 1.995491 1.757707 1.757099
