Data/ET/20200108.L2.pakistan.eto.forecast.txt
ncols    	169
nrows    	134
xllcorner	60.9
yllcorner	23.7
cellsize 	0.1
NODATA_value  -9999
[rows 100 to 124 of 134, columns 57 to 113 of 169]
3.852281 3.860750 3.865625 3.052270 3.102967 3.360713 3.437879 3.471661 5.765389 5.768703 5.303074 5.302886 5.302699 5.102330 5.101961 5.616785 5.616380 5.616582 5.921934 5.922588 6.407563 6.401103 6.398948 6.862723 6.863993 7.166787 7.161041 7.165481 7.413024 7.412760 -9999.000000 -9999.000000 -9999.000000 -9999.000000 -9999.000000 -9999.000000 -9999.000000 -9999.000000 -9999.000000 -9999.000000 -9999.000000 -9999.000000 -9999.000000 -9999.000000 -9999.000000 -9999.000000 -9999.000000 -9999.000000 -9999.000000 -9999.000000 -9999.000000 -9999.000000 -9999.000000 -9999.000000 -9999.000000 -9999.000000 -9999.000000
3.824687 3.868460 3.861969 3.067939 3.093088 3.429452 3.431157 3.475106 5.768638 5.769880 5.305474 5.305287 5.304913 5.105668 5.104747 5.619541 5.619541 5.619339 5.924377 5.925466 6.403822 6.403822 6.409561 6.864898 6.865659 7.172277 7.172016 7.169930 7.416448 -9999.000000 -9999.000000 -9999.000000 -9999.000000 -9999.000000 -9999.000000 -9999.000000 -9999.000000 -9999.000000 -9999.000000 -9999.000000 -9999.000000 -9999.000000 -9999.000000 -9999.000000 -9999.000000 -9999.000000 -9999.000000 -9999.000000 -9999.000000 -9999.000000 -9999.000000 -9999.000000 -9999.000000 -9999.000000 -9999.000000 -9999.000000 -9999.000000
3.598843 3.591615 3.596034 3.229223 3.233130 3.448433 3.585865 3.617761 6.059989 6.063659 5.296849 5.296660 5.296849 5.380671 5.380671 6.192198 6.192420 6.191976 6.493447 6.491303 6.945762 6.944999 6.945508 7.481833 7.479419 7.652539 7.653349 7.645516 7.778279 -9999.000000 -9999.000000 -9999.000000 -9999.000000 -9999.000000 -9999.000000 -9999.000000 -9999.000000 -9999.000000 -9999.000000 -9999.000000 -9999.000000 -9999.000000 -9999.000000 -9999.000000 -9999.000000 -9999.000000 -9999.000000 -9999.000000 -9999.000000 -9999.000000 -9999.000000 -9999.000000 -9999.000000 -9999.000000 -9999.000000 -9999.000000 -9999.000000
3.590454 3.599583 3.598982 3.241633 3.249847 3.476625 3.594651 3.623548 6.064321 6.067125 5.299485 5.299673 5.299109 5.383150 5.383344 6.194955 6.195621 6.195177 6.492692 6.495311 6.947263 6.947772 6.946246 7.484535 7.476757 7.654677 7.649548 7.649548 7.781507 7.779613 -9999.000000 -9999.000000 -9999.000000 -9999.000000 -9999.000000 -9999.000000 -9999.000000 -9999.000000 -9999.000000 -9999.000000 -9999.000000 -9999.000000 -9999.000000 -9999.000000 -9999.000000 -9999.000000 -9999.000000 -9999.000000 -9999.000000 -9999.000000 -9999.000000 -9999.000000 -9999.000000 -9999.000000 -9999.000000 -9999.000000 -9999.000000
3.612212 3.608820 3.629712 3.226919 3.259672 3.505908 3.613075 3.627266 6.069079 6.069725 5.302307 5.301931 5.301931 5.386404 5.386016 6.197266 6.198153 6.197709 6.498600 6.496222 6.949780 6.948001 6.948256 7.486700 7.478657 7.658162 7.658431 7.654926 7.782840 7.782299 7.631884 7.634285 -9999.000000 -9999.000000 -9999.000000 -9999.000000 -9999.000000 -9999.000000 -9999.000000 -9999.000000 -9999.000000 -9999.000000 -9999.000000 -9999.000000 -9999.000000 -9999.000000 -9999.000000 -9999.000000 -9999.000000 -9999.000000 -9999.000000 -9999.000000 -9999.000000 -9999.000000 -9999.000000 -9999.000000 -9999.000000
3.887699 3.854587 3.901084 3.060789 3.076366 3.928641 3.997228 4.031135 5.250604 5.251901 4.803635 4.802801 4.802967 5.275687 5.274943 6.252845 6.253067 6.253067 6.701574 6.700617 7.246250 7.245991 7.250922 7.843024 7.838895 7.817052 7.820049 7.816234 7.739611 7.740150 7.746355 7.739614 7.740963 7.710518 7.712940 7.973227 -9999.000000 -9999.000000 -9999.000000 -9999.000000 -9999.000000 -9999.000000 -9999.000000 -9999.000000 -9999.000000 -9999.000000 -9999.000000 -9999.000000 -9999.000000 -9999.000000 -9999.000000 -9999.000000 -9999.000000 -9999.000000 -9999.000000 -9999.000000 -9999.000000
3.857215 3.866367 3.906700 3.080651 3.025848 3.994508 3.947986 4.029294 5.249545 5.253805 4.806663 4.806330 4.806163 5.278339 5.277967 6.255825 6.255604 6.256047 6.704905 6.705144 7.250608 7.251386 7.253201 7.843786 7.842410 7.823292 7.818390 7.814301 7.740709 7.743946 7.743687 7.742070 7.743957 7.716482 7.714331 7.975060 -9999.000000 -9999.000000 -9999.000000 -9999.000000 -9999.000000 -9999.000000 -9999.000000 -9999.000000 -9999.000000 -9999.000000 -9999.000000 -9999.000000 -9999.000000 -9999.000000 -9999.000000 -9999.000000 -9999.000000 -9999.000000 -9999.000000 -9999.000000 -9999.000000
4.261633 4.290813 4.305125 3.830865 3.838385 4.764215 4.719766 4.796795 4.630620 4.727181 4.944993 4.945493 4.940818 5.375322 5.374766 6.282476 6.282030 6.282476 6.796702 6.796941 7.374531 7.375036 7.374279 8.037497 8.029229 8.073644 8.076701 8.071697 7.975524 7.976630 7.693815 7.695984 7.694086 7.761915 7.760292 7.893908 -9999.000000 -9999.000000 -9999.000000 -9999.000000 -9999.000000 -9999.000000 -9999.000000 -9999.000000 -9999.000000 -9999.000000 -9999.000000 -9999.000000 -9999.000000 -9999.000000 -9999.000000 -9999.000000 -9999.000000 -9999.000000 -9999.000000 -9999.000000 -9999.000000
4.272447 4.264491 4.309291 3.819403 3.843367 4.773051 4.753589 4.721329 4.649249 4.701029 4.908835 4.942987 4.894375 5.377414 5.377785 6.285333 6.284887 6.285556 6.799007 6.799245 7.376929 7.377181 7.376677 8.041045 8.041045 8.076624 8.074957 8.077457 7.977115 7.975734 7.696035 7.694408 7.693865 7.763037 7.762767 7.895251 -9999.000000 -9999.000000 -9999.000000 -9999.000000 -9999.000000 -9999.000000 -9999.000000 -9999.000000 -9999.000000 -9999.000000 -9999.000000 -9999.000000 -9999.000000 -9999.000000 -9999.000000 -9999.000000 -9999.000000 -9999.000000 -9999.000000 -9999.000000 -9999.000000
4.339147 4.289641 4.318603 3.793301 3.805225 4.776746 4.778918 4.750914 4.694025 4.723473 4.815310 4.911202 4.919082 5.372843 5.381911 6.287742 6.287519 6.287965 6.801786 6.802023 7.379324 7.380080 7.380332 8.043765 8.042940 8.083486 8.079324 8.080712 7.981743 7.978429 7.699066 7.699066 7.696085 7.763618 7.765780 7.903590 -9999.000000 -9999.000000 -9999.000000 -9999.000000 -9999.000000 -9999.000000 -9999.000000 -9999.000000 -9999.000000 -9999.000000 -9999.000000 -9999.000000 -9999.000000 -9999.000000 -9999.000000 -9999.000000 -9999.000000 -9999.000000 -9999.000000 -9999.000000 -9999.000000
5.495213 5.419152 5.429561 5.127641 5.135096 4.895655 4.960862 4.948745 5.591062 5.620526 6.702872 6.821875 6.772611 7.005820 7.017869 6.919949 6.922336 6.922574 7.055637 7.055882 7.527295 7.528067 7.527810 8.010538 8.010265 8.042642 8.037638 8.040419 8.057189 8.056909 7.799296 7.797921 7.800946 7.853822 7.859876 -9999.000000 -9999.000000 -9999.000000 -9999.000000 -9999.000000 -9999.000000 -9999.000000 -9999.000000 -9999.000000 -9999.000000 -9999.000000 -9999.000000 -9999.000000 -9999.000000 -9999.000000 -9999.000000 -9999.000000 -9999.000000 -9999.000000 -9999.000000 -9999.000000 -9999.000000
5.529313 5.503496 5.370523 5.062432 5.148506 4.967196 4.916977 4.954447 5.597962 5.526650 6.723268 6.788149 6.805848 6.990561 7.013991 6.924181 6.925849 6.925134 7.058254 7.058988 7.530052 7.530567 7.530052 8.011757 8.012030 8.044316 8.044594 8.045149 8.064152 8.062192 7.803746 7.805394 7.803197 7.859908 7.861283 -9999.000000 -9999.000000 -9999.000000 -9999.000000 -9999.000000 -9999.000000 -9999.000000 -9999.000000 -9999.000000 -9999.000000 -9999.000000 -9999.000000 -9999.000000 -9999.000000 -9999.000000 -9999.000000 -9999.000000 -9999.000000 -9999.000000 -9999.000000 -9999.000000 -9999.000000
6.650627 6.615558 6.537193 6.127225 6.167080 6.030847 6.041825 6.059791 7.052511 7.067405 8.161670 8.250934 8.243719 8.203932 8.226751 7.765789 7.775334 7.779714 7.454458 7.454458 7.672983 7.673769 7.674816 8.001197 8.001469 7.990558 7.991110 7.988903 8.081800 8.081800 8.069332 8.072454 8.064219 8.050737 8.043393 8.132649 -9999.000000 -9999.000000 -9999.000000 -9999.000000 -9999.000000 -9999.000000 -9999.000000 -9999.000000 -9999.000000 -9999.000000 -9999.000000 -9999.000000 -9999.000000 -9999.000000 -9999.000000 -9999.000000 -9999.000000 -9999.000000 -9999.000000 -9999.000000 -9999.000000
6.658275 6.640278 6.568864 6.164064 6.105324 6.041642 6.043710 6.066193 7.049365 7.068323 8.155774 8.265023 8.260812 8.204100 8.221481 7.756703 7.770909 7.780699 7.456316 7.456316 7.675527 7.676312 7.676574 8.002751 8.003568 7.993136 7.993687 7.993687 8.083185 8.087686 8.076121 8.071582 8.067892 8.055245 8.051860 8.137645 8.129801 -9999.000000 -9999.000000 -9999.000000 -9999.000000 -9999.000000 -9999.000000 -9999.000000 -9999.000000 -9999.000000 -9999.000000 -9999.000000 -9999.000000 -9999.000000 -9999.000000 -9999.000000 -9999.000000 -9999.000000 -9999.000000 -9999.000000 -9999.000000
6.662370 6.651232 6.614403 6.191328 6.128869 6.052614 6.090217 6.078743 7.015316 7.070590 8.258032 8.205082 8.271649 8.218538 8.225785 7.768287 7.764674 7.783228 7.460454 7.458426 7.678331 7.678854 7.678854 8.005664 8.005936 7.994885 7.995711 7.995711 8.085694 8.086256 8.076666 8.074115 8.074682 8.055520 8.049596 8.131998 8.131158 8.130037 8.364929 8.361609 8.598615 -9999.000000 -9999.000000 -9999.000000 -9999.000000 -9999.000000 -9999.000000 -9999.000000 -9999.000000 -9999.000000 -9999.000000 -9999.000000 -9999.000000 -9999.000000 -9999.000000 -9999.000000 -9999.000000
9.008627 8.992107 8.949645 9.384406 9.351211 9.246764 9.392180 9.381827 9.029644 9.032160 9.035828 9.028139 9.068004 8.877350 8.877621 8.414700 8.439792 8.453101 8.068635 8.068093 7.863501 7.863769 7.864306 8.084143 8.084696 7.986663 7.987213 7.987763 7.922966 7.923243 8.136516 8.138810 8.136229 8.222305 8.221436 8.222529 8.224530 8.217667 8.397446 8.387539 8.644690 -9999.000000 -9999.000000 -9999.000000 -9999.000000 -9999.000000 -9999.000000 -9999.000000 -9999.000000 -9999.000000 -9999.000000 -9999.000000 -9999.000000 -9999.000000 -9999.000000 -9999.000000 -9999.000000
9.012608 9.002138 8.991649 9.393898 9.377093 9.393197 9.393197 9.316350 9.047760 9.050513 9.044699 9.027220 9.074176 8.873868 8.885796 8.431114 8.452861 8.456385 8.069657 8.070740 7.865242 7.866583 7.866583 8.086608 8.087160 7.988475 7.989574 7.990124 7.925010 7.925286 8.139683 8.141116 8.133088 8.226620 8.223146 8.229626 8.221341 8.221055 8.400139 8.388541 8.649208 -9999.000000 -9999.000000 -9999.000000 -9999.000000 -9999.000000 -9999.000000 -9999.000000 -9999.000000 -9999.000000 -9999.000000 -9999.000000 -9999.000000 -9999.000000 -9999.000000 -9999.000000 -9999.000000
11.362095 11.353097 11.322638 10.931295 10.942542 10.760521 10.685600 10.699878 10.104169 10.118032 9.577840 9.593140 9.599028 9.335844 9.344810 9.028236 9.029406 9.037297 8.770733 8.769839 8.726341 8.726940 8.727240 8.279466 8.280314 8.133501 8.133780 8.134059 8.161356 8.160500 8.320864 8.312855 8.312855 8.326828 8.328306 8.328001 8.330917 8.326542 8.539575 8.532061 8.917699 8.926080 -9999.000000 -9999.000000 -9999.000000 -9999.000000 -9999.000000 -9999.000000 -9999.000000 -9999.000000 -9999.000000 -9999.000000 -9999.000000 -9999.000000 -9999.000000 -9999.000000 -9999.000000
-9999.000000 11.358364 11.299343 10.937053 10.966428 10.762136 10.723237 10.716293 10.108730 10.128823 9.582485 9.589195 9.580336 9.337206 9.350922 9.024810 9.038549 9.039717 8.772158 8.772456 8.729851 8.728952 8.730151 8.281663 8.282227 8.135076 8.135634 8.135634 8.163159 8.163159 8.322313 8.317570 8.309557 8.332988 8.325601 8.329685 8.333183 8.325018 8.538551 8.535084 8.928385 8.927808 -9999.000000 -9999.000000 -9999.000000 -9999.000000 -9999.000000 -9999.000000 -9999.000000 -9999.000000 -9999.000000 -9999.000000 -9999.000000 -9999.000000 -9999.000000 -9999.000000 -9999.000000
-9999.000000 11.353296 11.325191 10.960669 10.968215 10.753867 10.746159 10.714038 10.139058 10.147345 9.576916 9.603718 9.606921 9.347526 9.356465 9.032500 9.042134 9.042426 8.775368 8.774773 8.731861 8.731861 8.732460 8.283858 8.284422 8.138044 8.137487 8.138323 8.166385 8.164961 8.324353 8.312791 8.308932 8.328216 8.326147 8.337486 8.330785 8.327578 8.538104 8.539836 8.932995 8.931841 8.929246 -9999.000000 -9999.000000 -9999.000000 -9999.000000 -9999.000000 -9999.000000 -9999.000000 -9999.000000 -9999.000000 -9999.000000 -9999.000000 -9999.000000 -9999.000000 -9999.000000
-9999.000000 11.751375 11.741240 11.311437 11.292513 11.495269 11.485858 11.483345 10.791427 10.783376 10.083912 10.142993 10.150067 9.805468 9.813786 9.316541 9.313810 9.318664 9.083975 9.083671 8.908426 8.909028 8.908426 8.570272 8.570563 8.505484 8.506351 8.506930 8.400525 8.400525 8.569248 8.572291 8.563767 8.464436 8.462336 8.627409 8.615219 8.620276 8.682227 8.681934 8.890986 8.897444 8.889517 -9999.000000 -9999.000000 -9999.000000 -9999.000000 -9999.000000 -9999.000000 -9999.000000 -9999.000000 -9999.000000 -9999.000000 -9999.000000 -9999.000000 -9999.000000 -9999.000000
-9999.000000 11.761652 11.745126 11.307230 11.310753 11.506444 11.503944 11.496120 10.808710 10.782028 10.131920 10.152598 10.163600 9.815166 9.818428 9.319670 9.319367 9.320276 9.085954 9.086561 8.911664 8.910462 8.910762 8.573530 8.573240 8.508378 8.509244 8.509244 8.402323 8.400548 8.570381 8.570685 8.559722 8.467064 8.467962 8.629941 8.624596 8.624893 8.683815 8.684985 8.901917 8.893117 8.905139 9.023910 -9999.000000 -9999.000000 -9999.000000 -9999.000000 -9999.000000 -9999.000000 -9999.000000 -9999.000000 -9999.000000 -9999.000000 -9999.000000 -9999.000000 -9999.000000
-9999.000000 -9999.000000 -9999.000000 -9999.000000 12.255622 11.787561 11.779029 11.777320 11.298524 11.290181 10.487858 10.497365 10.496139 9.985671 9.990641 9.639224 9.639846 9.639535 9.368989 9.368989 9.254222 9.254222 9.254222 8.962229 8.961927 8.788659 8.788659 8.789266 8.830229 8.824291 8.989108 8.984066 8.985327 8.816621 8.818791 8.900818 8.897438 8.894979 8.867715 8.871051 8.980260 8.987244 8.988760 9.103759 -9999.000000 -9999.000000 -9999.000000 -9999.000000 -9999.000000 -9999.000000 -9999.000000 -9999.000000 -9999.000000 -9999.000000 -9999.000000 -9999.000000 -9999.000000
-9999.000000 -9999.000000 -9999.000000 -9999.000000 -9999.000000 -9999.000000 -9999.000000 -9999.000000 11.311744 11.310146 10.502643 10.503255 10.502949 9.992776 9.992155 9.641172 9.641794 9.641794 9.371287 9.371287 9.257134 9.256828 9.256828 8.964274 8.965784 8.790434 8.790737 8.791344 8.830727 8.822603 8.984488 8.988584 8.989843 8.826369 8.818008 8.903685 8.899079 8.897236 8.879639 8.874189 8.994316 8.992801 8.996437 9.111469 9.106615 -9999.000000 -9999.000000 -9999.000000 -9999.000000 -9999.000000 -9999.000000 -9999.000000 -9999.000000 -9999.000000 -9999.000000 -9999.000000 -9999.000000
-9999.000000 -9999.000000 -9999.000000 -9999.000000 -9999.000000 -9999.000000 11.792849 11.793189 11.313120 11.311842 10.505774 10.504857 10.495675 9.995529 9.995529 9.643740 9.644672 9.644051 9.373892 9.373582 9.259737 9.259431 9.259124 8.967223 8.967525 8.793117 8.793420 8.788569 8.832162 8.827165 8.992467 8.995613 8.987744 8.827442 8.822180 8.909923 8.907470 8.908390 8.888210 8.889116 8.998653 9.005309 9.007726 9.118257 9.124008 -9999.000000 -9999.000000 -9999.000000 -9999.000000 -9999.000000 -9999.000000 -9999.000000 -9999.000000 -9999.000000 -9999.000000 -9999.000000 -9999.000000
