Data/ET/20200108.L1.pakistan.eto.forecast.txt
ncols    	169
nrows    	134
xllcorner	60.9
yllcorner	23.7
cellsize 	0.1
NODATA_value  -9999
[rows 100 to 124 of 134, columns 57 to 113 of 169]
2.419341 2.422358 2.424100 2.064215 2.076668 1.594551 1.584639 1.580561 2.944955 2.946183 2.775247 2.775182 2.775117 2.877372 2.877226 3.651896 3.651667 3.651781 4.063146 4.063560 4.852513 4.847678 4.846065 5.213830 5.214806 5.472184 5.467688 5.471163 5.697944 5.697733 -9999.000000 -9999.000000 -9999.000000 -9999.000000 -9999.000000 -9999.000000 -9999.000000 -9999.000000 -9999.000000 -9999.000000 -9999.000000 -9999.000000 -9999.000000 -9999.000000 -9999.000000 -9999.000000 -9999.000000 -9999.000000 -9999.000000 -9999.000000 -9999.000000 -9999.000000 -9999.000000 -9999.000000 -9999.000000 -9999.000000 -9999.000000
2.411695 2.427157 2.424844 2.070199 2.076342 1.588736 1.588521 1.583121 2.948311 2.948771 2.778476 2.778411 2.778281 2.880872 2.880507 3.655073 3.655073 3.654959 4.066052 4.066741 4.850703 4.850703 4.854998 5.216400 5.216985 5.477337 5.477133 5.475500 5.701474 -9999.000000 -9999.000000 -9999.000000 -9999.000000 -9999.000000 -9999.000000 -9999.000000 -9999.000000 -9999.000000 -9999.000000 -9999.000000 -9999.000000 -9999.000000 -9999.000000 -9999.000000 -9999.000000 -9999.000000 -9999.000000 -9999.000000 -9999.000000 -9999.000000 -9999.000000 -9999.000000 -9999.000000 -9999.000000 -9999.000000 -9999.000000 -9999.000000
2.118389 2.116907 2.117812 2.064974 2.065797 1.804256 1.806245 1.807059 2.910866 2.912136 2.566311 2.566259 2.566311 2.849157 2.849157 3.722424 3.722539 3.722309 4.342776 4.341411 5.043733 5.043174 5.043546 5.380466 5.378667 5.690585 5.691217 5.685108 6.022148 -9999.000000 -9999.000000 -9999.000000 -9999.000000 -9999.000000 -9999.000000 -9999.000000 -9999.000000 -9999.000000 -9999.000000 -9999.000000 -9999.000000 -9999.000000 -9999.000000 -9999.000000 -9999.000000 -9999.000000 -9999.000000 -9999.000000 -9999.000000 -9999.000000 -9999.000000 -9999.000000 -9999.000000 -9999.000000 -9999.000000 -9999.000000 -9999.000000
2.119043 2.120899 2.120777 2.069941 2.071679 1.807351 1.809157 1.809875 2.914565 2.915534 2.569707 2.569759 2.569603 2.852459 2.852528 3.725714 3.726058 3.725828 4.343672 4.345339 5.045907 5.046279 5.045163 5.383514 5.377722 5.693124 5.689124 5.689124 6.025516 6.023969 -9999.000000 -9999.000000 -9999.000000 -9999.000000 -9999.000000 -9999.000000 -9999.000000 -9999.000000 -9999.000000 -9999.000000 -9999.000000 -9999.000000 -9999.000000 -9999.000000 -9999.000000 -9999.000000 -9999.000000 -9999.000000 -9999.000000 -9999.000000 -9999.000000 -9999.000000 -9999.000000 -9999.000000 -9999.000000 -9999.000000 -9999.000000
2.125832 2.125139 2.129440 2.069239 2.076091 1.810475 1.812277 1.812627 2.918407 2.918630 2.573151 2.573047 2.573047 2.856034 2.855896 3.728771 3.729229 3.729000 4.348807 4.347294 5.048824 5.047523 5.047709 5.386161 5.380174 5.696711 5.696922 5.694188 6.027335 6.026893 6.101519 6.103515 -9999.000000 -9999.000000 -9999.000000 -9999.000000 -9999.000000 -9999.000000 -9999.000000 -9999.000000 -9999.000000 -9999.000000 -9999.000000 -9999.000000 -9999.000000 -9999.000000 -9999.000000 -9999.000000 -9999.000000 -9999.000000 -9999.000000 -9999.000000 -9999.000000 -9999.000000 -9999.000000 -9999.000000 -9999.000000
1.709916 1.711916 1.709141 2.065812 2.069265 2.185401 2.199987 2.207396 2.629707 2.630102 2.717240 2.716938 2.716998 2.664785 2.664564 3.874542 3.874662 3.874662 4.604722 4.604087 5.384334 5.384138 5.387875 5.682024 5.678878 5.928591 5.930990 5.927937 6.241195 6.241650 6.417677 6.411899 6.413055 6.587203 6.589328 6.793297 -9999.000000 -9999.000000 -9999.000000 -9999.000000 -9999.000000 -9999.000000 -9999.000000 -9999.000000 -9999.000000 -9999.000000 -9999.000000 -9999.000000 -9999.000000 -9999.000000 -9999.000000 -9999.000000 -9999.000000 -9999.000000 -9999.000000 -9999.000000 -9999.000000
1.714755 1.714177 1.711741 2.072636 2.060818 2.201743 2.191863 2.209293 2.631677 2.632971 2.720575 2.720454 2.720394 2.668112 2.668002 3.878015 3.877896 3.878135 4.608352 4.608510 5.388644 5.389234 5.390609 5.683597 5.682550 5.934367 5.930445 5.927174 6.242748 6.245476 6.415994 6.414607 6.416225 6.592964 6.591077 6.795413 -9999.000000 -9999.000000 -9999.000000 -9999.000000 -9999.000000 -9999.000000 -9999.000000 -9999.000000 -9999.000000 -9999.000000 -9999.000000 -9999.000000 -9999.000000 -9999.000000 -9999.000000 -9999.000000 -9999.000000 -9999.000000 -9999.000000 -9999.000000 -9999.000000
1.443084 1.437286 1.434457 1.817244 1.817224 2.231214 2.223243 2.237176 1.931346 1.936941 1.225089 1.224963 1.226141 1.886232 1.886222 3.957517 3.957263 3.957517 4.748799 4.748965 5.311786 5.312154 5.311602 5.834665 5.828384 6.170198 6.172680 6.168618 6.501046 6.501991 6.491396 6.493273 6.491631 6.688941 6.687505 6.983584 -9999.000000 -9999.000000 -9999.000000 -9999.000000 -9999.000000 -9999.000000 -9999.000000 -9999.000000 -9999.000000 -9999.000000 -9999.000000 -9999.000000 -9999.000000 -9999.000000 -9999.000000 -9999.000000 -9999.000000 -9999.000000 -9999.000000 -9999.000000 -9999.000000
1.444293 1.445888 1.436945 1.820460 1.820346 2.235417 2.231908 2.226171 1.935248 1.938175 1.238159 1.229497 1.241833 1.889774 1.889780 3.960906 3.960652 3.961033 4.751720 4.751886 5.314669 5.314853 5.314486 5.838366 5.838366 6.173387 6.172034 6.174063 6.503031 6.501849 6.493881 6.492474 6.492005 6.690433 6.690193 6.985205 -9999.000000 -9999.000000 -9999.000000 -9999.000000 -9999.000000 -9999.000000 -9999.000000 -9999.000000 -9999.000000 -9999.000000 -9999.000000 -9999.000000 -9999.000000 -9999.000000 -9999.000000 -9999.000000 -9999.000000 -9999.000000 -9999.000000 -9999.000000 -9999.000000
1.434308 1.444196 1.438398 1.823887 1.823762 2.238680 2.239072 2.234050 1.940597 1.942306 1.266065 1.241504 1.239494 1.893222 1.893350 3.964039 3.963912 3.964166 4.754970 4.755135 5.317550 5.318101 5.318285 5.841436 5.840810 6.179725 6.176347 6.177473 6.507610 6.504778 6.497067 6.497067 6.494489 6.691446 6.693357 6.993182 -9999.000000 -9999.000000 -9999.000000 -9999.000000 -9999.000000 -9999.000000 -9999.000000 -9999.000000 -9999.000000 -9999.000000 -9999.000000 -9999.000000 -9999.000000 -9999.000000 -9999.000000 -9999.000000 -9999.000000 -9999.000000 -9999.000000 -9999.000000 -9999.000000
1.977588 1.973304 1.973873 1.911020 1.911258 1.963415 1.966937 1.966259 2.509729 2.517102 2.578465 2.606725 2.594893 2.868659 2.872033 4.005747 4.006993 4.007117 5.124939 5.125122 5.599488 5.600075 5.599880 5.847719 5.847513 6.352044 6.347924 6.350213 6.633874 6.633634 6.792405 6.791184 6.793869 7.013192 7.018688 -9999.000000 -9999.000000 -9999.000000 -9999.000000 -9999.000000 -9999.000000 -9999.000000 -9999.000000 -9999.000000 -9999.000000 -9999.000000 -9999.000000 -9999.000000 -9999.000000 -9999.000000 -9999.000000 -9999.000000 -9999.000000 -9999.000000 -9999.000000 -9999.000000 -9999.000000
1.982453 1.980942 1.973702 1.912244 1.914758 1.970308 1.967601 1.969603 2.513836 2.496326 2.585588 2.600916 2.605153 2.866842 2.873372 4.009899 4.010769 4.010396 5.127982 5.128529 5.602581 5.602972 5.602581 5.849655 5.849860 6.354138 6.354366 6.354824 6.640438 6.638757 6.796825 6.798288 6.796337 7.019113 7.020361 -9999.000000 -9999.000000 -9999.000000 -9999.000000 -9999.000000 -9999.000000 -9999.000000 -9999.000000 -9999.000000 -9999.000000 -9999.000000 -9999.000000 -9999.000000 -9999.000000 -9999.000000 -9999.000000 -9999.000000 -9999.000000 -9999.000000 -9999.000000 -9999.000000 -9999.000000
2.354717 2.349494 2.338029 2.388343 2.395289 2.679494 2.682419 2.687226 3.251498 3.257324 4.104473 4.152751 4.148820 4.626324 4.640333 4.960410 4.966822 4.969766 5.585779 5.585779 5.955385 5.956008 5.956837 6.196123 6.196338 6.511207 6.511668 6.509822 6.895595 6.895595 7.183543 7.186369 7.178916 7.259858 7.253141 7.409449 -9999.000000 -9999.000000 -9999.000000 -9999.000000 -9999.000000 -9999.000000 -9999.000000 -9999.000000 -9999.000000 -9999.000000 -9999.000000 -9999.000000 -9999.000000 -9999.000000 -9999.000000 -9999.000000 -9999.000000 -9999.000000 -9999.000000 -9999.000000 -9999.000000
2.358644 2.355961 2.345465 2.397582 2.387441 2.684953 2.685503 2.691508 3.252423 3.259824 4.102989 4.162065 4.159765 4.627886 4.638545 4.955714 4.965244 4.971821 5.588168 5.588168 5.958258 5.958879 5.959086 6.198235 6.198881 6.514035 6.514496 6.514496 6.897302 6.901234 7.190075 7.185967 7.182628 7.264320 7.261224 7.414351 7.407103 -9999.000000 -9999.000000 -9999.000000 -9999.000000 -9999.000000 -9999.000000 -9999.000000 -9999.000000 -9999.000000 -9999.000000 -9999.000000 -9999.000000 -9999.000000 -9999.000000 -9999.000000 -9999.000000 -9999.000000 -9999.000000 -9999.000000 -9999.000000
2.362034 2.360377 2.354939 2.405167 2.394331 2.690451 2.700512 2.697430 3.241386 3.262851 4.159873 4.131156 4.167304 4.638191 4.642638 4.964882 4.962459 4.974911 5.592326 5.590752 5.961334 5.961748 5.961748 6.201421 6.201636 6.516170 6.516861 6.516861 6.899992 6.900483 7.190955 7.188646 7.189159 7.264911 7.259493 7.409418 7.408641 7.407606 7.615270 7.612181 7.602250 -9999.000000 -9999.000000 -9999.000000 -9999.000000 -9999.000000 -9999.000000 -9999.000000 -9999.000000 -9999.000000 -9999.000000 -9999.000000 -9999.000000 -9999.000000 -9999.000000 -9999.000000 -9999.000000
2.477934 2.475573 2.469556 3.971577 3.956062 4.782953 4.875467 4.868800 5.455109 5.457018 5.240610 5.235261 5.263064 5.336836 5.337025 5.903868 5.923464 5.933876 6.346916 6.346461 6.178790 6.179003 6.179428 6.354309 6.354748 6.638667 6.639131 6.639596 6.845019 6.845260 7.265020 7.267083 7.264762 7.469940 7.469145 7.539017 7.540858 7.534544 7.735722 7.726557 7.747622 -9999.000000 -9999.000000 -9999.000000 -9999.000000 -9999.000000 -9999.000000 -9999.000000 -9999.000000 -9999.000000 -9999.000000 -9999.000000 -9999.000000 -9999.000000 -9999.000000 -9999.000000 -9999.000000
2.481458 2.479965 2.478473 3.978222 3.970348 4.877747 4.877747 4.828583 5.470060 5.472153 5.248048 5.235887 5.268629 5.335683 5.344008 5.917683 5.934682 5.937440 6.348582 6.349491 6.181013 6.182076 6.182076 6.357073 6.357512 6.640837 6.641765 6.642229 6.847281 6.847522 7.268225 7.269514 7.262295 7.474170 7.470991 7.545777 7.538155 7.537892 7.738437 7.727707 7.752052 -9999.000000 -9999.000000 -9999.000000 -9999.000000 -9999.000000 -9999.000000 -9999.000000 -9999.000000 -9999.000000 -9999.000000 -9999.000000 -9999.000000 -9999.000000 -9999.000000 -9999.000000 -9999.000000
5.477089 5.471282 5.451686 6.510594 6.519771 7.055305 6.987086 7.000034 6.677696 6.690002 6.204708 6.217132 6.221920 6.298982 6.306249 6.901921 6.902930 6.909740 6.925778 6.925036 7.286806 7.287327 7.287587 6.850316 6.851021 6.888950 6.889186 6.889422 7.028908 7.028172 7.453979 7.446816 7.446816 7.611463 7.612808 7.720108 7.722780 7.718771 7.910245 7.903357 8.202307 8.210005 -9999.000000 -9999.000000 -9999.000000 -9999.000000 -9999.000000 -9999.000000 -9999.000000 -9999.000000 -9999.000000 -9999.000000 -9999.000000 -9999.000000 -9999.000000 -9999.000000 -9999.000000
-9999.000000 5.476268 5.438372 6.516573 6.540579 7.057704 7.022204 7.015886 6.682623 6.700470 6.209380 6.214826 6.207636 6.300979 6.312095 6.899665 6.911517 6.912525 6.927688 6.927935 7.290423 7.289643 7.290683 6.852756 6.853225 6.890859 6.891330 6.891330 7.030955 7.030955 7.455605 7.451364 7.444200 7.617307 7.610584 7.721829 7.725033 7.717554 7.909485 7.906307 8.212315 8.211785 -9999.000000 -9999.000000 -9999.000000 -9999.000000 -9999.000000 -9999.000000 -9999.000000 -9999.000000 -9999.000000 -9999.000000 -9999.000000 -9999.000000 -9999.000000 -9999.000000 -9999.000000
-9999.000000 5.474589 5.456525 6.537138 6.543313 7.051064 7.044025 7.014771 6.710449 6.717831 6.205766 6.227527 6.230132 6.310232 6.317480 6.906995 6.915308 6.915559 6.931079 6.930585 7.292737 7.292737 7.293257 6.855193 6.855662 6.893944 6.893473 6.894180 7.034225 7.033001 7.457760 7.447423 7.443973 7.613202 7.611319 7.729152 7.723015 7.720077 7.909254 7.910842 8.216742 8.215683 8.213299 -9999.000000 -9999.000000 -9999.000000 -9999.000000 -9999.000000 -9999.000000 -9999.000000 -9999.000000 -9999.000000 -9999.000000 -9999.000000 -9999.000000 -9999.000000 -9999.000000
-9999.000000 7.936723 7.927532 7.768682 7.751610 8.094403 8.085693 8.083368 7.470232 7.462993 7.037569 7.089070 7.095256 7.234167 7.241388 7.266369 7.264041 7.268180 7.221773 7.221515 7.248527 7.249034 7.248527 7.108261 7.108507 7.125331 7.126068 7.126559 7.313899 7.313899 7.609383 7.612081 7.604522 7.854195 7.852280 8.009931 7.998761 8.003395 8.191216 8.190945 8.513593 8.519624 8.512221 -9999.000000 -9999.000000 -9999.000000 -9999.000000 -9999.000000 -9999.000000 -9999.000000 -9999.000000 -9999.000000 -9999.000000 -9999.000000 -9999.000000 -9999.000000 -9999.000000
-9999.000000 7.946964 7.931969 7.765833 7.769012 8.105524 8.103207 8.095962 7.486576 7.462574 7.080222 7.098293 7.107923 7.243385 7.246217 7.269772 7.269513 7.270289 7.224176 7.224691 7.251897 7.250884 7.251137 7.111593 7.111347 7.128361 7.129097 7.129097 7.315896 7.314359 7.610711 7.610981 7.601261 7.856773 7.857593 8.012406 8.007508 8.007780 8.192804 8.193885 8.523872 8.515654 8.526882 8.812920 -9999.000000 -9999.000000 -9999.000000 -9999.000000 -9999.000000 -9999.000000 -9999.000000 -9999.000000 -9999.000000 -9999.000000 -9999.000000 -9999.000000 -9999.000000
-9999.000000 -9999.000000 -9999.000000 -9999.000000 9.517750 8.478143 8.470237 8.468655 8.086193 8.078588 7.487837 7.496039 7.494982 7.531920 7.536185 7.426911 7.427434 7.427172 7.585201 7.585201 7.481658 7.481658 7.481658 7.422595 7.422336 7.517138 7.517138 7.517666 7.832898 7.827617 8.033347 8.028827 8.029957 8.158757 8.160737 8.380569 8.377452 8.375184 8.508388 8.511495 8.769115 8.775670 8.777094 8.763396 -9999.000000 -9999.000000 -9999.000000 -9999.000000 -9999.000000 -9999.000000 -9999.000000 -9999.000000 -9999.000000 -9999.000000 -9999.000000 -9999.000000 -9999.000000
-9999.000000 -9999.000000 -9999.000000 -9999.000000 -9999.000000 -9999.000000 -9999.000000 -9999.000000 8.099131 8.097672 7.501528 7.502056 7.501792 7.538863 7.538330 7.429355 7.429877 7.429877 7.587836 7.587836 7.484808 7.484547 7.484547 7.424944 7.426237 7.519137 7.519401 7.519928 7.833666 7.826441 8.029478 8.033150 8.034279 8.167827 8.160198 8.383336 8.379087 8.377387 8.519574 8.514498 8.782333 8.780911 8.784323 8.770690 8.766131 -9999.000000 -9999.000000 -9999.000000 -9999.000000 -9999.000000 -9999.000000 -9999.000000 -9999.000000 -9999.000000 -9999.000000 -9999.000000 -9999.000000
-9999.000000 -9999.000000 -9999.000000 -9999.000000 -9999.000000 -9999.000000 8.484730 8.485045 8.101261 8.100095 7.505163 7.504371 7.496449 7.542071 7.542071 7.432319 7.433102 7.432580 7.590733 7.590469 7.487694 7.487433 7.487172 7.428066 7.428324 7.521925 7.522189 7.517970 7.835267 7.830824 8.036903 8.039723 8.032670 8.168980 8.164180 8.389210 8.386948 8.387796 8.527636 8.528480 8.786428 8.792674 8.794943 8.777118 8.782517 -9999.000000 -9999.000000 -9999.000000 -9999.000000 -9999.000000 -9999.000000 -9999.000000 -9999.000000 -9999.000000 -9999.000000 -9999.000000 -9999.000000
