Data/ET/20200108.L7.pakistan.eto.forecast.weekly.txt
ncols    	169
nrows    	134
xllcorner	60.9
yllcorner	23.7
cellsize 	0.1
NODATA_value  -9999
[rows 75 to 99 of 134, columns 56 to 111 of 169]
15.229638 14.069339 14.076779 14.076873 13.762479 13.763725 14.593668 14.620871 14.624168 19.470116 19.535265 31.543186 31.590468 31.595189 29.346528 29.341767 19.686544 19.661030 19.474317 17.451674 17.397542 18.367977 18.428878 18.461470 21.072128 21.089354 21.914595 21.953792 21.950564 21.303924 21.421914 23.674848 23.673860 23.462306 29.559192 29.862161 37.032197 37.048418 37.062467 41.003722 41.009530 41.393184 41.392023 41.389701 41.810337 41.812729 40.850889 40.853270 40.852080 39.351824 39.348308 37.633810 37.630408 37.628139 36.905107 36.903984
15.242690 14.087728 14.082455 14.075149 13.772595 13.774219 14.603110 14.608448 14.616375 19.513708 19.571815 31.598427 31.607859 31.618856 29.369788 29.364358 19.702760 19.679758 19.619640 17.550191 17.516289 18.498863 18.469465 18.514279 21.113195 21.130330 21.999474 21.934686 21.976174 21.428421 21.461945 23.766400 23.779629 23.571388 29.733668 29.877009 37.043576 37.068421 37.084611 41.024654 41.028134 41.413354 41.413354 41.413354 41.827859 41.830248 40.870828 40.869638 40.866069 39.369691 39.365008 37.650718 37.648452 37.649585 36.919664 36.914050
15.365150 14.831518 14.823288 14.822354 15.654622 15.656918 16.526512 16.552808 16.568468 21.118005 21.161042 30.568691 30.592861 30.595360 35.026819 35.030561 26.746929 26.707343 26.663985 19.659118 19.646468 19.698704 19.693766 19.696090 21.431544 21.434895 24.382662 24.385595 24.431936 26.464145 26.495131 31.054295 31.076144 31.014277 38.679385 38.883643 42.427235 42.460154 42.479127 43.405875 43.405875 44.303743 44.299876 44.305032 44.312432 44.312432 42.883013 42.881743 42.874123 42.437179 42.434572 41.553740 41.545978 41.540803 41.067874 41.063975
15.339700 14.822596 14.801478 14.824426 15.583205 15.668246 16.559489 16.552329 16.573108 21.123617 21.202022 30.611703 30.620020 30.618357 35.052515 35.049713 26.772420 26.761494 26.728666 19.523659 19.488134 19.569291 19.632195 19.672083 21.476948 21.474355 24.404753 24.403778 24.409140 26.558428 26.572038 31.031671 31.092688 31.121975 38.678290 38.969803 42.465644 42.502294 42.504820 43.426645 43.426645 44.323726 44.322439 44.321151 44.333508 44.333508 42.899502 42.898233 42.893158 42.456209 42.452302 41.572247 41.567078 41.560615 41.090976 41.088380
15.376592 14.835882 14.824983 14.821999 15.648485 15.639131 16.541910 16.514094 16.662012 21.116055 21.238326 30.634681 30.642985 30.638834 35.075376 35.065113 26.791206 26.788177 26.696421 19.674175 19.696735 19.830765 19.803922 19.766379 21.473009 21.390967 24.354128 24.399053 24.452052 26.511989 26.626671 31.067878 31.130218 31.412169 38.958447 39.027404 42.511558 42.527959 42.529221 43.446147 43.446147 44.337259 44.346264 44.338546 44.350627 44.348003 42.918516 42.913446 42.910911 42.471321 42.468719 41.585575 41.581701 41.579118 41.102380 41.101082
18.225058 16.679343 16.624926 16.661172 13.873149 13.873279 15.715278 15.733269 15.795850 18.806037 18.818564 31.442974 31.442072 31.438461 36.637694 36.624006 33.410658 33.400005 33.372456 23.405158 23.368235 19.783796 19.806485 19.816342 21.269452 21.260167 28.596902 28.570048 28.519660 33.030015 33.185067 38.700012 38.754669 39.300351 44.693878 44.723209 45.615732 45.624984 45.624984 46.260779 46.256768 46.943505 46.942119 46.940734 47.253963 47.238335 47.713940 47.710955 47.703490 44.930747 44.927905 43.946109 43.941889 43.937668 42.606785 42.606785
18.227898 16.665725 16.620086 16.670506 13.884216 13.883639 15.731172 15.742521 15.801652 18.835682 18.840364 31.466502 31.463798 31.461094 36.656160 36.650902 33.434729 33.424093 33.405465 23.452394 23.424804 19.758518 19.643979 19.737817 21.173252 21.068131 28.596845 28.655866 28.641475 33.267551 33.197641 39.238261 39.302416 39.395575 44.735081 44.756377 45.637594 45.644195 45.644195 46.277344 46.277344 46.962393 46.959625 46.961009 47.272049 47.263533 47.731845 47.727371 47.719912 44.948982 44.946143 43.965448 43.965448 43.958421 42.615013 42.617758
18.310746 15.140518 15.152188 15.157012 13.439241 13.422738 16.033332 16.058710 16.060938 21.657416 21.663841 30.247169 30.248872 30.245466 36.479128 36.476962 37.227704 37.215573 37.205643 32.469680 32.411827 27.402254 27.342847 27.297656 30.706592 30.724947 38.502091 38.612541 38.390009 44.602305 44.626013 47.747869 47.839766 47.943778 48.023001 48.020206 46.971749 46.966307 46.966307 47.736641 47.728151 48.874989 48.870550 48.876469 48.458480 48.453957 47.281637 47.277121 47.272603 45.674548 45.667166 44.221387 44.224253 44.217089 43.872654 43.869795
18.301672 15.160037 15.163747 15.169730 13.438562 13.438360 15.974285 16.000393 16.118403 21.676216 21.683084 30.270534 30.269684 30.268833 36.499902 36.499902 37.255342 37.250938 37.239924 32.503737 32.475836 27.447304 27.415807 27.403799 30.816923 30.816923 38.671950 38.704562 38.634460 44.618424 44.522125 47.812864 47.919742 48.009600 48.043550 48.047738 46.988476 46.987117 46.983039 47.753022 47.750194 48.893551 48.892073 48.890594 48.477899 48.471873 47.296376 47.293367 47.290358 45.679280 45.682231 44.236533 44.237965 44.233670 43.896307 43.890595
18.283817 15.173208 15.182875 15.170407 13.450274 13.445195 16.013503 16.085259 16.135714 21.697743 21.703680 30.288775 30.293020 30.288775 36.521735 36.523896 37.280743 37.280743 37.275244 32.559806 32.540614 27.513918 27.478774 27.454075 30.864772 30.917642 38.713113 38.696218 38.773369 44.732989 44.776184 47.963521 48.018748 48.035291 48.062687 48.062687 47.006549 47.003834 47.002476 47.773629 47.773629 48.901757 48.907667 48.898802 48.489775 48.485258 47.315614 47.309602 47.306595 45.695810 45.695810 44.257391 44.251670 44.248808 43.904241 43.901387
18.126302 15.567082 15.618677 15.614918 15.076974 15.119677 16.662019 16.719549 16.803483 25.083339 25.096727 32.167856 32.175363 32.169733 35.751256 35.755534 36.860225 36.860225 36.861318 35.577747 35.583183 33.572124 33.530433 33.532572 38.304982 38.284836 46.157926 46.134145 46.171296 51.451445 51.461079 50.972315 50.958365 50.984710 48.588887 48.587437 49.615063 49.615063 49.613561 49.974777 49.977863 48.544968 48.540410 48.540410 48.313128 48.308516 47.417048 47.406281 47.406281 45.809767 45.806779 44.409718 44.406836 44.405395 44.319351 44.315016
18.284097 15.639043 15.637039 15.636657 15.112883 15.117180 16.726755 16.780124 16.811060 25.100020 25.109567 32.194230 32.197041 32.195167 35.774569 35.773501 36.878072 36.883528 36.885710 35.600646 35.602818 33.604270 33.600002 33.592533 38.350117 38.346347 46.250851 46.239000 46.234555 51.509653 51.508050 51.003489 51.006584 51.001941 48.609863 48.611312 49.634271 49.634271 49.632770 49.996749 49.995207 48.561815 48.561815 48.546631 48.324905 48.314149 47.422804 47.419730 47.413580 45.819036 45.827993 44.417728 44.419168 44.414848 44.330175 44.337396
21.506729 16.472155 16.455171 16.485879 15.824322 15.889607 16.320400 16.367557 16.318962 25.693445 25.700781 31.894331 31.893408 31.893408 34.028982 34.032909 34.569706 34.569706 34.572705 35.979775 35.980892 34.543771 34.538237 34.534916 39.498474 39.497186 46.049355 46.049355 46.044952 49.670036 49.665361 50.258760 50.258760 50.261863 51.313279 51.316472 51.384773 51.381531 51.383152 50.417579 50.422435 49.557740 49.535326 49.536927 48.740359 48.730876 47.097296 47.094223 47.089613 46.076039 46.080563 45.338623 45.331227 45.319391 44.995350 44.995350
21.483759 16.478598 16.406504 16.444463 15.903610 15.889368 16.302722 16.277812 16.392804 25.718295 25.724951 31.915992 31.916914 31.916914 34.055401 34.056382 34.590044 34.591043 34.590044 36.002063 35.995370 34.558167 34.555956 34.553745 39.517354 39.514779 46.066679 46.065213 46.060812 49.688125 49.686568 50.278444 50.283095 50.276893 51.335706 51.334111 51.403654 51.398795 51.402034 50.436042 50.424717 49.548738 49.548738 49.547137 48.744348 48.744348 47.110781 47.093889 47.100032 46.104636 46.103130 45.337359 45.335881 45.349186 45.022090 45.014765
21.532129 16.518799 16.545627 16.554256 15.892173 15.901623 16.341450 16.251731 16.395684 25.725163 25.739121 31.938553 31.939473 31.938553 34.076894 34.077872 34.615352 34.612361 34.609370 36.016531 36.012074 34.574771 34.575875 34.573667 39.536221 39.531076 46.085457 46.078129 46.078129 49.704645 49.706200 50.299660 50.298111 50.301209 51.353330 51.348548 51.420901 51.419283 51.420901 50.439941 50.435090 49.571738 49.562142 49.560542 48.760970 48.765706 47.107377 47.096630 47.099701 46.097070 46.112128 45.361221 45.365652 45.355312 45.026842 -9999.000000
23.891320 18.333322 18.323316 18.398435 17.939375 17.926087 16.622350 16.523186 16.642071 24.620981 24.694915 31.627567 31.624940 31.626692 35.283869 35.281768 35.307681 35.305589 35.305589 37.540077 37.538899 37.490931 37.487312 37.488518 41.031139 41.031139 45.783295 45.784758 45.784758 49.817561 49.817561 51.822361 51.819058 51.815754 52.844211 52.847642 51.741957 51.743642 51.730157 50.588195 50.560154 49.583629 49.559436 49.527152 48.924347 48.945114 48.547333 48.528248 48.567997 47.928111 47.934422 47.001994 46.991197 46.988111 -9999.000000 -9999.000000
23.924163 18.300002 18.260667 18.270567 18.028612 17.956971 16.567252 16.588592 16.643163 24.416819 24.717189 31.646464 31.648213 31.648213 35.305456 35.302308 35.328545 35.325411 35.324366 37.565351 37.555941 37.504392 37.505597 37.505597 41.045781 41.045781 45.806795 45.805333 45.808257 49.840713 49.837556 51.840052 51.838401 51.838401 52.862903 52.864618 51.777316 51.750372 -9999.000000 -9999.000000 -9999.000000 49.550174 49.529193 49.577592 48.937498 48.935901 48.552358 48.571426 48.555537 47.953792 47.952216 47.009043 47.001334 46.995166 -9999.000000 -9999.000000
27.078799 23.704395 23.470797 23.745796 18.994573 19.010803 16.961198 17.020818 17.090980 27.304984 28.014309 36.155477 36.155477 36.155477 35.365366 35.362297 36.109082 36.106948 36.108015 38.219102 38.213184 40.159974 40.150951 40.150951 44.107918 44.110811 48.607376 48.610559 48.607376 52.064066 52.060654 52.506545 52.501367 52.504819 53.011408 53.007928 52.518692 -9999.000000 -9999.000000 -9999.000000 -9999.000000 50.690741 50.715556 50.725477 50.036191 50.021513 49.027791 49.042326 49.045556 48.904770 48.886971 47.972040 -9999.000000 -9999.000000 -9999.000000 -9999.000000
27.146160 23.776227 23.802942 23.714931 19.055455 19.068192 17.048119 16.983130 17.033716 27.809704 28.023453 36.176788 36.176788 36.175738 35.385257 35.382193 36.129291 36.129291 36.126094 38.235060 38.233878 40.176341 40.178916 40.169903 44.138790 44.130123 48.627198 48.627198 48.625608 52.057758 52.074815 52.504694 52.523669 52.508144 53.023002 53.003868 -9999.000000 -9999.000000 -9999.000000 -9999.000000 -9999.000000 -9999.000000 50.721807 50.720154 50.024673 50.057272 -9999.000000 -9999.000000 -9999.000000 -9999.000000 -9999.000000 -9999.000000 -9999.000000 -9999.000000 -9999.000000 -9999.000000
27.204489 23.805341 23.831149 23.656647 18.929373 18.981259 16.981006 16.998063 17.131148 27.991372 28.046586 36.194935 36.195983 36.193886 35.405135 35.404115 36.149486 36.145228 36.146293 38.254555 38.253374 40.195273 40.195273 40.188841 44.149420 44.152306 48.648592 48.647003 48.634293 52.094080 52.078741 52.539057 52.526991 52.532162 53.034589 53.017205 -9999.000000 -9999.000000 -9999.000000 -9999.000000 -9999.000000 -9999.000000 -9999.000000 -9999.000000 -9999.000000 -9999.000000 -9999.000000 -9999.000000 -9999.000000 -9999.000000 -9999.000000 -9999.000000 -9999.000000 -9999.000000 -9999.000000 -9999.000000
24.151721 26.409568 26.428958 26.421505 20.838590 20.922251 18.481570 18.471362 18.686213 28.779367 28.845333 36.756499 36.756499 36.754438 36.796646 36.795614 37.886800 37.882333 37.880100 39.428323 39.428323 41.123395 41.119481 41.122090 45.696244 45.776637 50.308834 50.302095 50.290298 52.291527 52.284552 53.022066 53.025569 53.004546 53.983179 -9999.000000 -9999.000000 -9999.000000 -9999.000000 -9999.000000 -9999.000000 -9999.000000 -9999.000000 -9999.000000 -9999.000000 -9999.000000 -9999.000000 -9999.000000 -9999.000000 -9999.000000 -9999.000000 -9999.000000 -9999.000000 -9999.000000 -9999.000000 -9999.000000
24.339697 26.416584 26.431977 26.561659 20.849362 20.958545 18.514336 18.511265 18.710669 28.834833 28.876640 36.778491 36.774374 36.775403 36.818641 36.815548 37.905337 37.906453 37.903107 39.452504 39.451296 41.142925 41.142925 41.132496 45.769058 45.791776 50.324450 50.305926 50.322766 52.287543 52.324133 53.033599 53.038850 53.038850 -9999.000000 -9999.000000 -9999.000000 -9999.000000 -9999.000000 -9999.000000 -9999.000000 -9999.000000 -9999.000000 -9999.000000 -9999.000000 -9999.000000 -9999.000000 -9999.000000 -9999.000000 -9999.000000 -9999.000000 -9999.000000 -9999.000000 -9999.000000 -9999.000000 -9999.000000
26.185839 22.898085 22.966297 23.049827 23.143787 23.166532 22.543924 22.842635 23.066076 36.496327 36.568171 40.295560 40.296760 40.293161 40.369538 40.365887 41.227495 41.236464 41.223651 42.586102 42.583414 46.155842 46.142238 46.052932 49.149101 49.175545 51.477986 51.460552 51.430897 52.881528 52.867381 53.942166 53.891901 -9999.000000 -9999.000000 -9999.000000 -9999.000000 -9999.000000 -9999.000000 -9999.000000 -9999.000000 -9999.000000 -9999.000000 -9999.000000 -9999.000000 -9999.000000 -9999.000000 -9999.000000 -9999.000000 -9999.000000 -9999.000000 -9999.000000 -9999.000000 -9999.000000 -9999.000000 -9999.000000
26.462676 22.932750 22.990350 22.965103 23.171130 23.222875 22.368468 22.914506 23.098623 36.511289 36.581976 40.315561 40.316760 40.314363 40.388193 40.384547 41.251312 41.246192 41.244912 42.604629 42.601944 46.175261 46.131447 46.083038 49.171395 49.189562 51.484545 51.507188 51.461889 52.880693 52.891298 53.957287 -9999.000000 -9999.000000 -9999.000000 -9999.000000 -9999.000000 -9999.000000 -9999.000000 -9999.000000 -9999.000000 -9999.000000 -9999.000000 -9999.000000 -9999.000000 -9999.000000 -9999.000000 -9999.000000 -9999.000000 -9999.000000 -9999.000000 -9999.000000 -9999.000000 -9999.000000 -9999.000000 -9999.000000
26.495528 22.987938 22.921701 22.911323 23.168487 23.191932 22.626480 22.872825 23.128077 36.584924 36.608795 40.337940 40.336743 40.335546 40.406836 40.399550 41.264875 41.264875 41.267433 42.624484 42.621802 46.191646 46.159949 46.123689 49.187066 49.187066 51.473682 51.510254 51.468455 52.878094 52.888697 -9999.000000 -9999.000000 -9999.000000 -9999.000000 -9999.000000 -9999.000000 -9999.000000 -9999.000000 -9999.000000 -9999.000000 -9999.000000 -9999.000000 -9999.000000 -9999.000000 -9999.000000 -9999.000000 -9999.000000 -9999.000000 -9999.000000 -9999.000000 -9999.000000 -9999.000000 -9999.000000 -9999.000000 -9999.000000
