Data/ET/20200108.L4.pakistan.eto.forecast.txt
ncols    	169
nrows    	134
xllcorner	60.9
yllcorner	23.7
cellsize 	0.1
NODATA_value  -9999
[rows 50 to 74 of 134, columns 57 to 113 of 169]
-9999.000000 -9999.000000 -9999.000000 -9999.000000 -9999.000000 -9999.000000 -9999.000000 -9999.000000 -9999.000000 -9999.000000 -9999.000000 -9999.000000 -9999.000000 -9999.000000 -9999.000000 -9999.000000 -9999.000000 -9999.000000 -9999.000000 -9999.000000 -9999.000000 -9999.000000 -9999.000000 -9999.000000 -9999.000000 -9999.000000 -9999.000000 0.749417 1.144233 1.146597 0.996721 0.994193 0.993327 1.498702 1.498763 3.235193 3.236728 3.240985 4.653762 4.655076 4.338036 4.338535 4.339784 4.400664 4.400533 5.609373 5.607072 5.606743 6.400559 6.400559 6.387148 6.386602 6.387694 6.129756 6.129756 5.872382 5.872946
-9999.000000 -9999.000000 -9999.000000 -9999.000000 -9999.000000 -9999.000000 -9999.000000 -9999.000000 -9999.000000 -9999.000000 -9999.000000 -9999.000000 -9999.000000 -9999.000000 -9999.000000 -9999.000000 -9999.000000 -9999.000000 -9999.000000 -9999.000000 -9999.000000 -9999.000000 -9999.000000 -9999.000000 -9999.000000 -9999.000000 -9999.000000 0.752682 1.142850 1.144983 1.004711 1.005599 1.014571 1.499991 1.499992 3.209623 3.241043 3.242828 4.655492 4.657460 4.339501 4.340624 4.341747 4.401888 4.402543 5.610540 5.608898 5.608733 6.401927 6.402279 6.388904 6.389086 6.388722 6.130857 6.131417 5.874171 5.876613
-9999.000000 -9999.000000 -9999.000000 -9999.000000 -9999.000000 -9999.000000 -9999.000000 -9999.000000 -9999.000000 -9999.000000 -9999.000000 -9999.000000 -9999.000000 -9999.000000 -9999.000000 2.626230 -9999.000000 -9999.000000 -9999.000000 2.555691 -9999.000000 -9999.000000 -9999.000000 -9999.000000 -9999.000000 -9999.000000 0.997537 1.002102 1.179211 1.182190 0.868407 0.858908 0.878334 1.326866 1.319632 3.601751 3.615226 3.617817 5.147748 5.148582 5.125706 5.126555 5.126979 5.188950 5.188653 5.683439 5.683603 5.683111 6.314417 6.314238 6.693485 6.693108 6.693296 6.926049 6.926826 6.712426 6.714776
-9999.000000 -9999.000000 -9999.000000 -9999.000000 -9999.000000 -9999.000000 -9999.000000 -9999.000000 -9999.000000 -9999.000000 -9999.000000 -9999.000000 -9999.000000 -9999.000000 -9999.000000 2.630230 2.630944 2.629814 2.561499 2.562156 2.042581 -9999.000000 -9999.000000 -9999.000000 -9999.000000 1.001308 1.021956 1.000309 1.180791 1.183329 0.857875 0.864618 0.879667 1.325692 1.321658 3.596136 3.613541 3.619460 5.148722 5.150944 5.126253 5.128373 5.129362 5.190554 5.190703 5.685414 5.685414 5.685086 6.316176 6.315819 6.694632 6.695008 6.695008 6.928006 6.927618 6.713869 6.716218
-9999.000000 -9999.000000 -9999.000000 -9999.000000 -9999.000000 -9999.000000 -9999.000000 -9999.000000 -9999.000000 -9999.000000 -9999.000000 -9999.000000 -9999.000000 2.710454 2.709962 2.633095 2.632002 2.632416 2.563461 2.564113 2.043843 2.045546 -9999.000000 1.446922 1.446885 1.014198 1.013631 0.999818 1.183405 1.182174 0.871669 0.881254 0.873291 1.337975 1.325055 3.563987 3.596126 3.619072 5.150113 5.153164 5.129484 5.130613 5.132588 5.192008 5.192305 5.686569 5.687223 5.686732 6.317755 6.317755 6.696906 6.696343 6.696719 6.930155 6.929573 6.718636 6.718245
-9999.000000 -9999.000000 -9999.000000 -9999.000000 -9999.000000 -9999.000000 -9999.000000 -9999.000000 -9999.000000 2.656794 -9999.000000 2.578285 2.577772 2.824761 2.823537 2.059860 2.060127 2.059718 2.070448 2.071213 1.820211 1.820544 1.821220 1.528542 1.528831 1.402271 1.401942 1.401661 1.512998 1.513684 1.133547 1.143505 1.135304 1.602385 1.606184 3.545893 3.551357 3.583149 5.736814 5.739458 5.845572 5.846496 5.846958 5.748921 5.747814 6.118315 6.118659 6.118487 6.789917 6.789917 7.084135 7.083355 7.083940 7.114951 7.114951 6.760578 6.759786
-9999.000000 -9999.000000 -9999.000000 -9999.000000 -9999.000000 -9999.000000 -9999.000000 -9999.000000 -9999.000000 -9999.000000 2.573909 2.574673 2.572375 2.822717 2.824169 2.057742 2.059776 2.060752 2.071375 2.072449 1.822639 1.823636 1.818434 1.529564 1.530097 1.404565 1.403292 1.402311 1.514377 1.514086 1.140294 1.139899 1.137599 1.600178 1.607294 3.540334 3.549804 3.581447 5.736629 5.741035 5.846371 5.849296 5.848835 5.750205 5.749415 6.119858 6.120201 6.120201 6.791713 6.791713 7.085647 7.085452 7.085452 7.116868 7.115888 6.762153 6.761955
-9999.000000 -9999.000000 -9999.000000 -9999.000000 -9999.000000 -9999.000000 -9999.000000 -9999.000000 -9999.000000 -9999.000000 -9999.000000 2.320371 2.319710 2.619683 2.620644 2.229989 2.230472 2.231207 1.977583 1.977120 1.844527 1.843692 1.841025 1.538779 1.538488 1.644996 1.646944 1.648138 0.882397 0.886992 1.279629 1.280816 1.281410 1.615063 1.612662 3.223370 3.235898 3.258263 5.847485 5.853171 6.341751 6.343512 6.343832 6.323177 6.322346 6.648745 6.649097 6.649097 7.052771 7.052959 7.184355 7.184158 7.183369 6.988980 6.988780 6.620236 6.620635
-9999.000000 -9999.000000 2.564046 3.053314 3.056908 -9999.000000 -9999.000000 -9999.000000 2.632709 2.632228 2.321666 2.319228 2.319889 2.620170 2.621832 2.229581 2.230133 2.231875 1.975345 1.972124 1.841766 1.838519 1.844043 1.539486 1.540165 1.645994 1.648055 1.648124 0.889383 0.903510 1.280762 1.280810 1.278596 1.612437 1.614628 3.218553 3.233386 3.253837 5.849080 5.853866 6.342921 6.345000 6.344840 6.324492 6.323994 6.650000 6.650527 6.650527 7.053943 7.054130 7.186291 7.185700 7.184912 6.990721 6.992115 6.621792 6.622190
-9999.000000 2.549426 2.559950 3.053007 3.046416 3.090091 3.086965 3.085930 2.633819 2.628996 2.313016 2.316487 2.314006 2.615914 2.618621 2.225334 2.223607 2.223887 1.974934 1.977234 1.846384 1.846556 1.845866 1.540282 1.540602 1.647318 1.648716 1.647833 0.894677 0.894413 1.282960 1.282601 1.277372 1.614955 1.618170 3.220380 3.230722 3.251873 5.848729 5.854709 6.343131 6.346648 6.346648 6.325806 6.325474 6.651605 6.651781 6.651781 7.055676 7.056238 7.187241 7.187635 7.186847 6.992461 6.994450 6.623745 6.623346
2.656495 2.660142 2.650322 2.615876 2.618153 2.434976 2.436880 2.437554 2.019920 2.018761 1.664571 1.666140 1.666730 1.873056 1.871990 2.284584 2.284665 2.286822 1.805893 1.806540 1.720806 1.718983 1.717383 1.408280 1.408020 0.814622 0.815777 0.826297 1.655155 1.657377 1.042087 1.041436 1.026870 1.660134 1.659474 3.179787 3.230228 3.228421 5.659120 5.668845 6.782457 6.784439 6.785100 6.820403 6.820574 6.918486 6.918486 6.918836 7.205869 7.206241 7.290695 7.290302 7.289123 6.984146 6.984347 6.637619 6.636614
2.655202 2.658129 2.652858 2.613598 2.613938 2.435194 2.434918 2.433028 2.019353 2.018109 1.664254 1.663401 1.665308 1.867901 1.871809 2.292182 2.294188 2.289766 1.804628 1.808584 1.721707 1.722820 1.723087 1.408807 1.408467 0.819427 0.821192 0.819990 1.657210 1.656907 1.043399 1.040349 1.028983 1.663157 1.662321 3.206158 3.220628 3.230119 5.657337 5.670834 6.783341 6.786148 6.786478 6.821483 6.821997 6.919586 6.919936 6.920111 7.207577 7.207763 7.291448 7.291055 7.293412 6.985322 6.985924 6.638577 6.638376
2.375101 2.373751 2.373781 2.251573 2.253572 1.919698 1.919485 1.920822 1.604746 1.603492 1.408545 1.406900 1.406244 1.308080 1.307749 2.038764 2.039154 2.038764 2.550982 2.544799 2.295331 2.296107 2.297219 2.230149 2.230180 1.608743 1.608229 1.608028 1.253971 1.252300 1.424270 1.419931 1.419048 2.062336 2.050146 3.306394 3.343144 3.344604 5.385508 5.405888 7.007063 7.008239 7.007903 7.138285 7.138803 7.076087 7.076265 7.076443 7.258270 7.257890 7.385240 7.385240 7.386041 7.035738 7.035331 6.596318 6.596116
2.386333 2.386064 2.388123 2.268249 2.267281 1.927294 1.923078 1.920880 1.605416 1.605972 1.408632 1.408670 1.408482 1.312910 1.313347 2.034461 2.040521 2.041228 2.555283 2.555849 2.297856 2.298260 2.298394 2.226948 2.225125 1.609949 1.609782 1.609900 1.251255 1.256197 1.421608 1.421806 1.420225 2.060915 2.053233 3.273780 3.347990 3.359659 5.361909 5.406203 7.005436 7.009468 7.009468 7.139611 7.139439 7.077881 7.077525 7.077347 7.259251 7.259821 7.386754 7.387555 7.387956 7.036755 7.036349 6.598570 6.597762
2.391057 2.390939 2.391087 2.271813 2.270441 1.927862 1.921582 1.923921 1.606913 1.606356 1.413465 1.411907 1.411895 1.318137 1.315402 2.035067 2.035113 2.038465 2.552321 2.552280 2.295637 2.293443 2.294456 2.225188 2.226381 1.611441 1.611734 1.610762 1.251619 1.252288 1.422420 1.421310 1.420805 2.070948 2.072734 3.322356 3.353579 3.361638 5.337914 5.408231 7.006667 7.010865 7.010697 7.140764 7.141109 7.078962 7.079496 7.079496 7.260611 7.260231 7.388667 7.389668 7.389067 7.037975 7.038178 6.599810 6.599003
1.226233 1.226143 1.226555 1.817769 1.816329 1.829756 1.830433 1.827607 1.514885 1.515634 1.161513 1.163573 1.160878 1.369069 1.367934 1.881894 1.880394 1.882949 2.230398 2.230973 1.814410 1.818188 1.819823 1.435967 1.434979 1.532860 1.532813 1.532728 1.453274 1.452774 1.597050 1.597289 1.597539 2.116614 2.101766 3.302419 3.338182 3.344102 5.420955 5.458045 7.390362 7.395921 7.395921 7.425195 7.425369 7.328113 7.328295 7.328660 7.473609 7.473801 7.519545 7.517948 7.517748 7.223288 7.223699 7.023709 7.022666
1.227209 1.227287 1.228939 1.819016 1.818291 1.828494 1.829931 1.829959 1.516192 1.516596 1.162256 1.165042 1.173483 1.373708 1.372049 1.880051 1.883491 1.886260 2.238991 2.240850 1.819586 1.822211 1.824068 1.435931 1.435635 1.533966 1.534250 1.534162 1.455561 1.454672 1.598548 1.598437 1.598784 2.115326 2.118658 3.267239 3.330950 3.341028 5.414327 5.455310 7.392422 7.397802 7.397802 7.427054 7.426880 7.329590 7.330136 7.330136 7.475321 7.476087 7.519666 7.519666 7.518669 7.224799 7.225004 7.024808 7.024182
1.634798 1.634400 1.633888 1.872819 1.862169 1.399491 1.400931 1.398657 0.963769 0.958485 1.115282 1.122436 1.119110 1.003699 1.006072 1.329359 1.328367 1.327613 1.132328 1.128476 0.788539 0.785501 0.786070 1.614110 1.614398 1.767189 1.771792 1.770942 1.897548 1.896259 2.197224 2.196182 2.198117 2.427801 2.439622 3.655318 3.763563 3.776384 6.313414 6.358012 7.644356 7.645972 7.645972 7.513290 7.513471 7.526178 7.526732 7.527471 7.611620 7.611044 7.624122 7.623327 7.623923 7.498446 7.496988 7.392382 7.392168
1.635215 1.632849 1.635238 1.873636 1.872029 1.399185 1.405629 1.401113 0.957634 0.945351 1.105484 1.102088 1.113280 0.989864 0.999757 1.331131 1.328377 1.327171 1.131528 1.127798 0.796206 0.790569 0.778201 1.616113 1.616119 1.774224 1.772844 1.771456 1.897658 1.898699 2.197542 2.193581 2.200063 2.428919 2.422427 3.713689 3.769340 3.768443 6.332500 6.360639 7.646761 7.647299 7.647120 7.513963 7.514868 7.527832 7.527278 7.528571 7.612736 7.612736 7.624507 7.624904 7.625103 7.499372 7.499372 7.393716 7.393930
1.635741 1.635945 1.635007 1.873603 1.867847 1.404565 1.399008 1.401166 0.961878 0.949233 1.098759 1.097324 1.095323 0.973082 1.000806 1.333147 1.330973 1.328591 1.125982 1.122337 0.776617 0.783892 0.772576 1.617232 1.616846 1.776208 1.771963 1.773958 1.901881 1.892759 2.194088 2.191014 2.203033 2.439647 2.427859 3.749161 3.785769 3.796283 6.346073 6.366587 7.648804 7.648446 7.648625 7.515540 7.516082 7.528932 7.530039 7.529854 7.613658 7.613466 7.626678 7.626281 7.625686 7.501337 7.500713 7.396976 7.396548
1.556857 1.556977 1.556522 1.504597 1.505341 1.260257 1.259588 1.259366 2.428891 2.448330 3.113555 3.104532 3.120394 2.179189 2.179998 1.586614 1.585705 1.585163 1.463166 1.461177 2.087580 2.088204 2.088367 2.211584 2.210677 2.052800 2.053505 2.050152 2.323074 2.304985 2.987646 2.998909 3.007173 2.795572 2.765598 4.969308 4.996670 5.015605 7.151054 7.158518 7.721856 7.722959 7.722959 7.549576 7.550301 7.587682 7.587682 7.587682 7.738638 7.737848 7.689389 7.689389 7.688779 7.644317 7.644107 7.617206 7.616773
1.558012 1.558074 1.557899 1.505798 1.505848 1.258932 1.255149 1.263710 2.433348 2.452246 3.131070 3.135155 3.140421 2.185445 2.187664 1.588605 1.588210 1.586800 1.467261 1.461127 2.089729 2.089621 2.089756 2.203991 2.197861 2.047881 2.042720 2.050730 2.320158 2.317725 3.011542 2.998706 3.006850 2.773656 2.781205 4.988635 5.020851 5.033037 7.155161 7.164656 7.723966 7.724150 7.723966 7.551008 7.552094 7.589186 7.589002 7.589186 7.739571 7.739571 7.691070 7.690663 7.690460 7.645785 7.645155 7.619043 7.618610
1.502095 1.502054 1.502150 1.173382 1.172982 1.724282 1.729865 1.731541 3.017477 3.012284 4.324764 4.355696 4.366794 3.667096 3.663243 2.442346 2.409444 2.408853 2.457151 2.453151 2.668997 2.667020 2.660025 2.939534 2.944067 2.847441 2.820247 2.816764 3.664287 3.666182 3.187645 3.214721 3.214650 4.025560 4.082288 6.711254 6.735125 6.748782 7.720304 7.723176 7.896971 7.896603 7.896787 7.803089 7.803089 7.843898 7.843898 7.844088 7.881185 7.880784 7.866546 7.865916 7.865496 7.824965 7.824965 7.803687 7.803240
1.503594 1.504532 1.503581 1.183232 1.178035 1.725953 1.725937 1.734467 3.056724 3.036330 4.331459 4.367902 4.366160 3.669215 3.658834 2.464707 2.449377 2.444461 2.446969 2.462018 2.639026 2.659402 2.664939 2.935656 2.947263 2.843726 2.856152 2.858192 3.673278 3.665898 3.222594 3.222382 3.205309 4.044394 4.135165 6.737228 6.746332 6.752574 7.721574 7.724444 7.898388 7.897837 7.898021 7.803822 7.804544 7.845190 7.845380 7.845000 7.882778 7.881976 7.867318 7.867318 7.867108 7.827432 7.826996 7.805600 7.805823
1.505058 1.504686 1.506448 1.177817 1.174889 1.727835 1.733164 1.736541 3.064103 3.063551 4.374841 4.387820 4.393607 3.700643 3.687298 2.461892 2.462859 2.447155 2.456416 2.452107 2.672262 2.674692 2.653798 2.952295 2.958551 2.862882 2.855614 2.861722 3.677694 3.656208 3.215584 3.199226 3.231048 4.053468 4.143063 6.748993 6.755228 6.759754 7.725711 7.725711 7.899437 7.899254 7.899254 7.804915 7.805636 7.846291 7.846481 7.846481 7.883367 7.883567 7.869138 7.868928 7.867880 7.829025 7.828589 7.807510 7.806840
