Data/ET/20200108.L5.pakistan.eto.forecast.txt
ncols    	169
nrows    	134
xllcorner	60.9
yllcorner	23.7
cellsize 	0.1
NODATA_value  -9999
[rows 100 to 124 of 134, columns 0 to 56 of 169]
-9999.000000 -9999.000000 -9999.000000 -9999.000000 -9999.000000 -9999.000000 -9999.000000 -9999.000000 -9999.000000 -9999.000000 -9999.000000 -9999.000000 -9999.000000 -9999.000000 -9999.000000 -9999.000000 -9999.000000 -9999.000000 -9999.000000 -9999.000000 -9999.000000 -9999.000000 -9999.000000 5.542750 5.542300 6.268007 6.266527 6.267107 6.262308 6.254891 6.085116 6.084438 5.846509 5.846636 5.845873 5.480883 5.477369 5.422966 5.416426 5.423999 5.561174 5.564655 5.573366 5.573905 5.563594 5.325704 5.344554 4.641374 4.585450 4.673018 5.454250 5.428706 4.827063 4.805034 4.823339 5.490423 5.494525
-9999.000000 -9999.000000 -9999.000000 -9999.000000 -9999.000000 -9999.000000 -9999.000000 -9999.000000 -9999.000000 -9999.000000 -9999.000000 -9999.000000 -9999.000000 -9999.000000 -9999.000000 -9999.000000 -9999.000000 -9999.000000 -9999.000000 -9999.000000 -9999.000000 -9999.000000 -9999.000000 5.541478 5.543730 6.266250 6.268740 6.270631 6.270036 6.268024 6.093945 6.091874 5.851096 5.847045 5.843541 5.477544 5.469330 5.425776 5.430726 5.432365 5.562656 5.561047 5.569734 5.576823 5.550757 5.351878 5.337670 4.618720 4.675239 4.683566 5.448210 5.448579 4.824362 4.815480 4.825661 5.485294 5.518436
-9999.000000 -9999.000000 -9999.000000 -9999.000000 -9999.000000 -9999.000000 -9999.000000 -9999.000000 -9999.000000 -9999.000000 -9999.000000 -9999.000000 -9999.000000 -9999.000000 -9999.000000 -9999.000000 -9999.000000 -9999.000000 -9999.000000 -9999.000000 -9999.000000 -9999.000000 -9999.000000 5.986482 5.997164 6.353120 6.355981 6.410382 6.409476 6.408416 6.300931 6.293679 5.910358 5.900879 5.911110 5.715216 5.713551 5.861444 5.861504 5.859879 6.301342 6.297342 6.144282 6.134610 6.131273 6.250082 6.194175 5.408558 5.508431 5.480838 5.903275 5.944376 5.225767 5.194471 5.231549 5.947253 5.923222
-9999.000000 -9999.000000 -9999.000000 -9999.000000 -9999.000000 -9999.000000 -9999.000000 -9999.000000 -9999.000000 -9999.000000 -9999.000000 -9999.000000 -9999.000000 -9999.000000 -9999.000000 -9999.000000 -9999.000000 -9999.000000 -9999.000000 -9999.000000 -9999.000000 -9999.000000 -9999.000000 5.991751 5.991059 6.346954 6.351353 6.405166 6.410095 6.408809 6.302569 6.300805 5.921982 5.915505 5.910078 5.712381 5.712937 5.855804 5.856168 5.852880 6.313056 6.318159 6.136838 6.102399 6.176914 6.251671 6.258080 5.512176 5.508255 5.416957 5.911955 5.936907 5.227636 5.204515 5.234496 5.960726 5.895111
-9999.000000 -9999.000000 -9999.000000 -9999.000000 -9999.000000 -9999.000000 -9999.000000 -9999.000000 -9999.000000 -9999.000000 -9999.000000 -9999.000000 -9999.000000 -9999.000000 -9999.000000 -9999.000000 -9999.000000 -9999.000000 6.048941 6.046370 5.793966 5.789065 6.002226 6.003890 6.005023 6.354678 6.355749 6.410260 6.410185 6.409504 6.302296 6.298023 5.910738 5.906463 5.900308 5.709416 5.718138 5.861580 5.868798 5.876264 6.328940 6.335425 6.160737 6.181015 6.180188 6.281293 6.284258 5.509919 5.519692 5.473487 5.954224 5.955406 5.252841 5.215807 5.262976 5.981317 5.963521
-9999.000000 -9999.000000 -9999.000000 -9999.000000 -9999.000000 -9999.000000 -9999.000000 -9999.000000 -9999.000000 -9999.000000 -9999.000000 -9999.000000 -9999.000000 -9999.000000 5.977829 6.442337 6.437558 6.926970 6.916486 6.901771 6.754586 6.750374 6.917589 6.928982 6.923938 7.037921 7.044776 7.051462 7.049775 7.043992 7.048877 7.049774 7.014349 7.020655 7.020211 6.693674 6.686300 6.542985 6.522433 6.537642 7.223148 7.204373 6.594208 6.594651 6.605981 6.944717 6.971140 5.615529 5.614100 5.610605 5.672255 5.664767 4.533177 4.609324 4.639635 5.618063 5.548129
-9999.000000 -9999.000000 -9999.000000 -9999.000000 -9999.000000 -9999.000000 -9999.000000 -9999.000000 -9999.000000 -9999.000000 -9999.000000 -9999.000000 -9999.000000 6.001346 5.983445 6.368886 6.391393 6.896260 6.926359 6.919100 6.767694 6.769762 6.947881 6.946300 6.934525 7.051975 7.063692 7.062503 7.055463 7.064233 7.065230 7.065376 7.026401 7.028956 7.030048 6.701998 6.695225 6.537700 6.534184 6.534615 7.254912 7.268348 6.607621 6.611573 6.592760 6.989641 6.982755 5.634616 5.630043 5.634773 5.689860 5.633474 4.612404 4.631713 4.660716 5.612247 5.578605
-9999.000000 -9999.000000 -9999.000000 -9999.000000 -9999.000000 -9999.000000 -9999.000000 -9999.000000 -9999.000000 -9999.000000 -9999.000000 -9999.000000 5.642232 5.668899 5.644995 7.266639 7.252922 7.867473 7.875416 7.877000 7.612736 7.610504 7.575833 7.574320 7.578168 7.829064 7.819786 7.416453 7.413856 7.416254 7.429557 7.415650 7.308065 7.308065 7.299830 7.284876 7.280092 7.338620 7.377210 7.398377 7.920683 7.926814 7.156596 7.171426 7.176938 7.111103 7.144110 6.005645 6.010994 6.004608 5.786285 5.799581 5.363644 5.421104 5.417735 5.981627 5.939325
-9999.000000 -9999.000000 -9999.000000 -9999.000000 -9999.000000 -9999.000000 -9999.000000 -9999.000000 -9999.000000 5.574637 5.640079 5.662466 5.669147 5.673598 5.657134 7.288593 7.270267 7.876886 7.876454 7.883061 7.618466 7.619947 7.574957 7.578254 7.579763 7.837252 7.826240 7.416093 7.416791 7.419181 7.432349 7.431124 7.318237 7.307595 7.282450 7.322011 7.340530 7.408381 7.412745 7.408026 7.924752 7.912183 7.133520 7.169595 7.181582 7.148405 7.146655 5.999750 6.018894 6.018034 5.827760 5.821846 5.387971 5.434684 5.435390 5.973847 5.964350
-9999.000000 -9999.000000 -9999.000000 -9999.000000 -9999.000000 -9999.000000 -9999.000000 -9999.000000 -9999.000000 5.624499 5.689441 5.692870 5.699396 5.697529 5.697699 7.325536 7.299156 7.897351 7.876916 7.879360 7.618408 7.614403 7.543058 7.556215 7.539962 7.821595 7.780670 7.385806 7.380120 7.408516 7.428398 7.425013 7.304619 7.314302 7.322803 7.350234 7.352778 7.416657 7.415601 7.400469 7.907640 7.906346 7.153726 7.188791 7.197779 7.152516 7.116093 6.021107 6.033274 5.949486 5.834447 5.837228 5.371128 5.439930 5.441341 6.013057 5.991905
-9999.000000 -9999.000000 -9999.000000 -9999.000000 -9999.000000 -9999.000000 -9999.000000 -9999.000000 -9999.000000 3.986022 4.978611 4.970503 4.884432 4.890738 4.883785 6.574458 6.582321 7.353984 7.359657 7.357040 7.986216 7.987651 7.586958 7.573016 7.570823 8.049072 8.036461 7.740364 7.729000 7.733669 7.585779 7.579467 7.679198 7.680217 7.682139 7.985871 7.980121 7.788660 7.782698 7.794304 8.590481 8.611353 7.861003 7.869876 7.864865 6.262277 6.207561 5.298573 5.392234 5.369069 5.590705 5.542135 6.252043 6.345431 6.356276 6.717004 6.708116
-9999.000000 -9999.000000 -9999.000000 -9999.000000 -9999.000000 -9999.000000 -9999.000000 -9999.000000 -9999.000000 4.000165 4.994212 4.981511 4.900207 4.892141 4.886810 6.527868 6.580533 7.358826 7.357953 7.341997 7.982201 7.987126 7.582757 7.568786 7.539181 7.993030 8.002742 7.708689 7.718963 7.720720 7.580950 7.573605 7.660584 7.653067 7.669994 7.981942 7.973412 7.793151 7.807330 7.810415 8.607855 8.619598 7.869925 7.879149 7.848461 6.163814 6.258647 5.410628 5.403660 5.384895 5.554534 5.556667 6.288514 6.355859 6.361069 6.721048 6.719750
-9999.000000 -9999.000000 -9999.000000 -9999.000000 -9999.000000 -9999.000000 -9999.000000 -9999.000000 -9999.000000 3.975247 4.218515 4.222171 4.862245 4.871697 4.873022 5.335522 5.335522 7.500222 7.497944 7.486761 8.366345 8.361084 8.226761 8.226962 8.212049 9.114313 9.117922 9.238898 9.234820 9.201317 8.466380 8.461993 8.672331 8.742565 8.757845 9.038379 9.045331 8.368701 8.358849 8.398480 8.567830 8.574420 7.937185 7.944940 7.945755 5.879037 5.882359 5.500007 5.440856 5.470288 5.343364 5.351570 5.447379 5.457392 5.461573 6.251205 6.252038
-9999.000000 -9999.000000 -9999.000000 -9999.000000 -9999.000000 -9999.000000 -9999.000000 -9999.000000 3.972824 3.986571 4.236484 4.238867 4.875655 4.877144 4.877971 5.339471 5.340555 7.502306 7.499346 7.495700 8.376008 8.364855 8.249030 8.249229 8.241051 9.143202 9.130123 9.263138 9.231924 9.236156 8.524142 8.520827 8.766056 8.780940 8.768050 9.059809 9.042373 8.360252 8.393799 8.406919 8.567164 8.578976 7.948466 7.958217 7.965304 5.884501 5.831601 5.448276 5.482113 5.488639 5.384397 5.360283 5.361541 5.466254 5.465710 6.256636 6.256220
-9999.000000 -9999.000000 -9999.000000 -9999.000000 -9999.000000 -9999.000000 -9999.000000 -9999.000000 3.994717 3.987042 4.240818 4.244737 4.880930 4.879773 4.874316 5.335828 5.334924 7.483864 7.485236 7.478830 8.372993 8.374085 8.260020 8.263586 8.263190 9.161269 9.157580 9.274828 9.265588 9.192978 8.525807 8.534589 8.792235 8.796842 8.814700 9.063905 9.063281 8.397943 8.411034 8.412921 8.583523 8.585449 7.952799 7.941194 7.893649 5.832103 5.891610 5.494922 5.484634 5.478275 5.375424 5.410711 5.456227 5.470384 5.469841 6.260188 6.258734
-9999.000000 -9999.000000 -9999.000000 -9999.000000 -9999.000000 -9999.000000 -9999.000000 3.144884 3.145970 3.146804 4.141519 4.143256 5.437179 5.319075 5.405387 5.652572 5.672521 7.855468 7.858482 7.859873 8.688969 8.638646 8.352029 8.396942 8.406435 9.629477 9.631168 10.126336 10.127997 10.122455 10.018859 10.010256 8.439150 8.453734 8.468710 9.543995 9.504676 8.847937 8.775079 8.834655 9.277945 9.332216 7.789698 7.801827 7.800415 6.323661 6.379077 6.506070 6.506713 6.511428 5.667963 5.641190 5.883553 -9999.000000 -9999.000000 6.373385 6.373162
-9999.000000 -9999.000000 -9999.000000 -9999.000000 -9999.000000 -9999.000000 -9999.000000 3.150027 3.149527 3.149527 4.143083 4.143617 5.438640 5.430443 5.438822 5.674551 5.568678 7.820911 7.861428 7.864437 8.691239 8.691008 8.408037 8.405103 8.410516 9.642137 9.639401 10.147411 10.129250 10.138078 10.051059 -9999.000000 -9999.000000 8.490021 8.488879 9.552602 9.551139 8.917532 8.921547 8.921547 9.350067 9.336237 7.816844 7.781923 7.819450 6.378875 6.385976 6.555218 6.553734 6.554158 5.673297 5.673489 -9999.000000 -9999.000000 -9999.000000 6.375293 -9999.000000
-9999.000000 -9999.000000 -9999.000000 -9999.000000 -9999.000000 -9999.000000 -9999.000000 4.102295 4.102030 4.102163 5.162515 5.161631 6.153080 6.164852 6.160788 6.976784 6.976784 9.191340 9.193830 9.197978 9.000835 8.968810 9.155494 9.155987 9.155001 10.697705 -9999.000000 -9999.000000 -9999.000000 -9999.000000 10.639318 10.639592 9.493217 9.493480 9.493217 10.405302 10.405046 10.397323 10.397874 10.396773 11.137592 11.141515 9.661561 -9999.000000 -9999.000000 -9999.000000 -9999.000000 -9999.000000 -9999.000000 -9999.000000 -9999.000000 -9999.000000 -9999.000000 -9999.000000 -9999.000000 -9999.000000 -9999.000000
-9999.000000 -9999.000000 -9999.000000 -9999.000000 -9999.000000 -9999.000000 -9999.000000 4.104708 4.104576 4.104576 5.167017 5.166134 6.170208 6.170635 6.169995 6.984887 -9999.000000 -9999.000000 9.168205 9.201470 9.000489 9.002884 -9999.000000 9.158469 9.157976 10.695757 -9999.000000 -9999.000000 -9999.000000 -9999.000000 -9999.000000 -9999.000000 -9999.000000 -9999.000000 -9999.000000 10.403822 -9999.000000 -9999.000000 -9999.000000 -9999.000000 -9999.000000 -9999.000000 -9999.000000 -9999.000000 -9999.000000 -9999.000000 -9999.000000 -9999.000000 -9999.000000 -9999.000000 -9999.000000 -9999.000000 -9999.000000 -9999.000000 -9999.000000 -9999.000000 -9999.000000
-9999.000000 -9999.000000 -9999.000000 -9999.000000 -9999.000000 -9999.000000 -9999.000000 -9999.000000 4.106987 4.106062 5.159334 5.169750 -9999.000000 -9999.000000 -9999.000000 -9999.000000 -9999.000000 -9999.000000 -9999.000000 -9999.000000 -9999.000000 -9999.000000 -9999.000000 -9999.000000 -9999.000000 -9999.000000 -9999.000000 -9999.000000 -9999.000000 -9999.000000 -9999.000000 -9999.000000 -9999.000000 -9999.000000 -9999.000000 -9999.000000 -9999.000000 -9999.000000 -9999.000000 -9999.000000 -9999.000000 -9999.000000 -9999.000000 -9999.000000 -9999.000000 -9999.000000 -9999.000000 -9999.000000 -9999.000000 -9999.000000 -9999.000000 -9999.000000 -9999.000000 -9999.000000 -9999.000000 -9999.000000 -9999.000000
-9999.000000 -9999.000000 -9999.000000 -9999.000000 -9999.000000 -9999.000000 -9999.000000 -9999.000000 6.330397 6.321329 -9999.000000 -9999.000000 -9999.000000 -9999.000000 -9999.000000 -9999.000000 -9999.000000 -9999.000000 -9999.000000 -9999.000000 -9999.000000 -9999.000000 -9999.000000 -9999.000000 -9999.000000 -9999.000000 -9999.000000 -9999.000000 -9999.000000 -9999.000000 -9999.000000 -9999.000000 -9999.000000 -9999.000000 -9999.000000 -9999.000000 -9999.000000 -9999.000000 -9999.000000 -9999.000000 -9999.000000 -9999.000000 -9999.000000 -9999.000000 -9999.000000 -9999.000000 -9999.000000 -9999.000000 -9999.000000 -9999.000000 -9999.000000 -9999.000000 -9999.000000 -9999.000000 -9999.000000 -9999.000000 -9999.000000
-9999.000000 -9999.000000 -9999.000000 -9999.000000 -9999.000000 -9999.000000 -9999.000000 -9999.000000 -9999.000000 -9999.000000 -9999.000000 -9999.000000 -9999.000000 -9999.000000 -9999.000000 -9999.000000 -9999.000000 -9999.000000 -9999.000000 -9999.000000 -9999.000000 -9999.000000 -9999.000000 -9999.000000 -9999.000000 -9999.000000 -9999.000000 -9999.000000 -9999.000000 -9999.000000 -9999.000000 -9999.000000 -9999.000000 -9999.000000 -9999.000000 -9999.000000 -9999.000000 -9999.000000 -9999.000000 -9999.000000 -9999.000000 -9999.000000 -9999.000000 -9999.000000 -9999.000000 -9999.000000 -9999.000000 -9999.000000 -9999.000000 -9999.000000 -9999.000000 -9999.000000 -9999.000000 -9999.000000 -9999.000000 -9999.000000 -9999.000000
-9999.000000 -9999.000000 -9999.000000 -9999.000000 -9999.000000 -9999.000000 -9999.000000 -9999.000000 -9999.000000 -9999.000000 -9999.000000 -9999.000000 -9999.000000 -9999.000000 -9999.000000 -9999.000000 -9999.000000 -9999.000000 -9999.000000 -9999.000000 -9999.000000 -9999.000000 -9999.000000 -9999.000000 -9999.000000 -9999.000000 -9999.000000 -9999.000000 -9999.000000 -9999.000000 -9999.000000 -9999.000000 -9999.000000 -9999.000000 -9999.000000 -9999.000000 -9999.000000 -9999.000000 -9999.000000 -9999.000000 -9999.000000 -9999.000000 -9999.000000 -9999.000000 -9999.000000 -9999.000000 -9999.000000 -9999.000000 -9999.000000 -9999.000000 -9999.000000 -9999.000000 -9999.000000 -9999.000000 -9999.000000 -9999.000000 -9999.000000
-9999.000000 -9999.000000 -9999.000000 -9999.000000 -9999.000000 -9999.000000 -9999.000000 -9999.000000 -9999.000000 -9999.000000 -9999.000000 -9999.000000 -9999.000000 -9999.000000 -9999.000000 -9999.000000 -9999.000000 -9999.000000 -9999.000000 -9999.000000 -9999.000000 -9999.000000 -9999.000000 -9999.000000 -9999.000000 -9999.000000 -9999.000000 -9999.000000 -9999.000000 -9999.000000 -9999.000000 -9999.000000 -9999.000000 -9999.000000 -9999.000000 -9999.000000 -9999.000000 -9999.000000 -9999.000000 -9999.000000 -9999.000000 -9999.000000 -9999.000000 -9999.000000 -9999.000000 -9999.000000 -9999.000000 -9999.000000 -9999.000000 -9999.000000 -9999.000000 -9999.000000 -9999.000000 -9999.000000 -9999.000000 -9999.000000 -9999.000000
-9999.000000 -9999.000000 -9999.000000 -9999.000000 -9999.000000 -9999.000000 -9999.000000 -9999.000000 -9999.000000 -9999.000000 -9999.000000 -9999.000000 -9999.000000 -9999.000000 -9999.000000 -9999.000000 -9999.000000 -9999.000000 -9999.000000 -9999.000000 -9999.000000 -9999.000000 -9999.000000 -9999.000000 -9999.000000 -9999.000000 -9999.000000 -9999.000000 -9999.000000 -9999.000000 -9999.000000 -9999.000000 -9999.000000 -9999.000000 -9999.000000 -9999.000000 -9999.000000 -9999.000000 -9999.000000 -9999.000000 -9999.000000 -9999.000000 -9999.000000 -9999.000000 -9999.000000 -9999.000000 -9999.000000 -9999.000000 -9999.000000 -9999.000000 -9999.000000 -9999.000000 -9999.000000 -9999.000000 -9999.000000 -9999.000000 -9999.000000
