Data/ET/20200108.L6.pakistan.eto.forecast.txt
ncols    	169
nrows    	134
xllcorner	60.9
yllcorner	23.7
cellsize 	0.1
NODATA_value  -9999
[rows 50 to 74 of 134, columns 57 to 113 of 169]
-9999.000000 -9999.000000 -9999.000000 -9999.000000 -9999.000000 -9999.000000 -9999.000000 -9999.000000 -9999.000000 -9999.000000 -9999.000000 -9999.000000 -9999.000000 -9999.000000 -9999.000000 -9999.000000 -9999.000000 -9999.000000 -9999.000000 -9999.000000 -9999.000000 -9999.000000 -9999.000000 -9999.000000 -9999.000000 -9999.000000 -9999.000000 2.273758 2.742318 2.736653 3.530615 3.536061 3.537924 3.903030 3.924001 6.280574 6.283149 6.290281 6.622733 6.624286 5.961744 5.962366 5.963921 4.396380 4.396250 2.864783 2.863762 2.863616 3.631645 3.631645 4.232999 4.232604 4.233393 4.225462 4.225462 4.000018 4.000372
-9999.000000 -9999.000000 -9999.000000 -9999.000000 -9999.000000 -9999.000000 -9999.000000 -9999.000000 -9999.000000 -9999.000000 -9999.000000 -9999.000000 -9999.000000 -9999.000000 -9999.000000 -9999.000000 -9999.000000 -9999.000000 -9999.000000 -9999.000000 -9999.000000 -9999.000000 -9999.000000 -9999.000000 -9999.000000 -9999.000000 -9999.000000 2.273273 2.749257 2.744180 3.516951 3.515032 3.495555 3.866960 3.925492 6.236164 6.289229 6.292217 6.624467 6.626794 5.963181 5.964579 5.965977 4.397905 4.398554 2.867078 2.866350 2.866278 3.634021 3.634238 4.235464 4.235595 4.235332 4.227364 4.227748 4.002197 4.003727
-9999.000000 -9999.000000 -9999.000000 -9999.000000 -9999.000000 -9999.000000 -9999.000000 -9999.000000 -9999.000000 -9999.000000 -9999.000000 -9999.000000 -9999.000000 -9999.000000 -9999.000000 1.202419 -9999.000000 -9999.000000 -9999.000000 1.328814 -9999.000000 -9999.000000 -9999.000000 -9999.000000 -9999.000000 -9999.000000 1.918472 1.916520 2.109770 2.104699 1.936334 1.940985 1.931474 2.622154 2.660255 3.990215 4.006187 4.009258 6.026791 6.027737 6.773076 6.774046 6.774530 6.336604 6.336273 4.960719 4.960868 4.960423 4.171833 4.171702 4.431583 4.431303 4.431443 4.537675 4.538234 4.244971 4.246508
-9999.000000 -9999.000000 -9999.000000 -9999.000000 -9999.000000 -9999.000000 -9999.000000 -9999.000000 -9999.000000 -9999.000000 -9999.000000 -9999.000000 -9999.000000 -9999.000000 -9999.000000 1.202291 1.202053 1.202430 1.328647 1.328514 1.321336 -9999.000000 -9999.000000 -9999.000000 -9999.000000 1.918006 1.909280 1.918428 2.109379 2.105102 1.942811 1.939535 1.932225 2.634505 2.655547 3.983527 4.004158 4.011175 6.027859 6.030379 6.773310 6.775733 6.776863 6.338228 6.338393 4.963240 4.963240 4.962944 4.174289 4.174028 4.433608 4.433888 4.433888 4.540273 4.539994 4.247071 4.248606
-9999.000000 -9999.000000 -9999.000000 -9999.000000 -9999.000000 -9999.000000 -9999.000000 -9999.000000 -9999.000000 -9999.000000 -9999.000000 -9999.000000 -9999.000000 1.332350 1.332456 1.202525 1.202893 1.202754 1.329244 1.329110 1.322115 1.321533 -9999.000000 1.473042 1.472962 1.913758 1.913994 1.919764 2.107287 2.109344 1.937474 1.932854 1.936692 2.579734 2.643941 3.945394 3.983483 4.010683 6.029399 6.032860 6.776613 6.777904 6.780160 6.339686 6.340016 4.965018 4.965610 4.965166 4.176612 4.176612 4.436471 4.436052 4.436331 4.543009 4.542591 4.251342 4.251086
-9999.000000 -9999.000000 -9999.000000 -9999.000000 -9999.000000 -9999.000000 -9999.000000 -9999.000000 -9999.000000 1.655210 -9999.000000 1.839231 1.839146 1.832236 1.832086 1.678902 1.678922 1.678892 1.442123 1.441976 1.317746 1.317563 1.317193 1.351768 1.351053 1.575458 1.575592 1.575712 1.479880 1.479708 1.192595 1.198832 1.193685 1.928445 1.940059 2.888229 2.892596 2.918135 5.219238 5.221963 6.489642 6.490639 6.491137 6.762599 6.761414 6.208329 6.208672 6.208500 5.504830 5.504830 4.977133 4.976498 4.976975 4.742144 4.742144 4.413215 4.412671
-9999.000000 -9999.000000 -9999.000000 -9999.000000 -9999.000000 -9999.000000 -9999.000000 -9999.000000 -9999.000000 -9999.000000 1.839119 1.839243 1.838870 1.832670 1.832844 1.679458 1.679594 1.679660 1.443036 1.442824 1.317905 1.317354 1.320289 1.352622 1.351250 1.575951 1.576353 1.576727 1.480765 1.480844 1.197068 1.196820 1.195377 1.918462 1.941179 2.884536 2.892090 2.917473 5.219491 5.224029 6.490542 6.493696 6.493198 6.764014 6.763168 6.210298 6.210640 6.210640 5.507165 5.507165 4.979442 4.979284 4.979284 4.744827 4.744087 4.415569 4.415433
-9999.000000 -9999.000000 -9999.000000 -9999.000000 -9999.000000 -9999.000000 -9999.000000 -9999.000000 -9999.000000 -9999.000000 -9999.000000 1.796605 1.796475 1.662714 1.662766 1.526159 1.526111 1.526039 1.638937 1.638900 1.506765 1.506842 1.507098 1.604194 1.604076 1.494666 1.494338 1.494148 1.201247 1.202776 1.756369 1.755205 1.754625 1.848310 1.842435 2.480419 2.488571 2.503214 4.601097 4.606324 6.101699 6.103538 6.103872 6.810914 6.810056 6.777921 6.778274 6.778274 6.246548 6.246732 5.038977 5.038815 5.038169 4.446200 4.446060 4.104787 4.105037
-9999.000000 -9999.000000 1.133167 1.093079 1.091673 -9999.000000 -9999.000000 -9999.000000 1.487018 1.487053 1.797241 1.796765 1.796894 1.663384 1.663470 1.527172 1.527114 1.526933 1.639469 1.639241 1.507901 1.508257 1.507665 1.604853 1.605119 1.495720 1.495355 1.495343 1.204176 1.209008 1.757057 1.757010 1.759166 1.840164 1.845694 2.478174 2.487798 2.501152 4.603281 4.607678 6.103309 6.105480 6.105313 6.812574 6.812060 6.779626 6.780156 6.780156 6.248333 6.248516 5.041724 5.041240 5.040594 4.448856 4.449833 4.107241 4.107491
-9999.000000 1.139922 1.136072 1.094706 1.097317 1.247137 1.247969 1.248245 1.487778 1.488152 1.795959 1.796626 1.796149 1.663826 1.663956 1.528627 1.528824 1.528792 1.640156 1.640312 1.508284 1.508266 1.508339 1.605554 1.605672 1.496704 1.496444 1.496606 1.206574 1.206484 1.756737 1.757077 1.762108 1.844854 1.852836 2.480236 2.486935 2.500713 4.603676 4.609168 6.103915 6.107587 6.107587 6.814233 6.813890 6.781683 6.781860 6.781860 6.250665 6.251214 5.043662 5.043984 5.043339 4.451511 4.452903 4.109944 4.109693
0.880101 0.877425 0.884643 1.043088 1.041771 0.952687 0.951132 0.950582 0.989179 0.990545 1.677330 1.677813 1.677995 1.630994 1.630904 1.616038 1.616040 1.616115 1.649546 1.649632 1.710825 1.710213 1.709677 1.918572 1.920026 2.172779 2.172132 2.166232 1.882419 1.885790 2.186105 2.186708 2.200232 2.013731 2.011446 2.666278 2.705062 2.703664 4.518472 4.527458 6.091434 6.093483 6.094165 6.873521 6.873697 7.057295 7.057295 7.057656 6.416495 6.416864 5.018336 5.018022 5.017081 3.902743 3.902861 3.604331 3.603807
0.882822 0.880656 0.884559 1.045877 1.045677 0.954367 0.954595 0.956159 0.991976 0.993472 1.677607 1.677354 1.677922 1.631232 1.631530 1.617004 1.617073 1.616923 1.650067 1.650568 1.711658 1.712027 1.712116 1.920916 1.922794 2.171702 2.170719 2.171389 1.885122 1.884660 2.187208 2.190011 2.200486 2.020724 2.017863 2.687161 2.698300 2.705630 4.517552 4.530016 6.092941 6.095841 6.096182 6.875095 6.875620 7.058851 7.059212 7.059392 6.418771 6.418956 5.020106 5.019793 5.021672 3.905094 3.905448 3.606528 3.606423
0.774630 0.775883 0.775854 1.140191 1.139209 1.226481 1.226644 1.225630 1.081116 1.090445 1.676531 1.676896 1.677053 1.824834 1.825028 2.380961 2.381312 2.380961 2.570134 2.565763 2.427182 2.427808 2.428706 2.803819 2.803854 2.966565 2.961740 2.959819 2.502804 2.506249 2.010019 2.020129 2.022279 1.894102 1.887513 3.016472 3.049123 3.050424 4.535076 4.554008 6.354689 6.355920 6.355568 6.981130 6.981665 7.109917 7.110101 7.110286 6.533703 6.533332 4.859740 4.859740 4.860341 3.185627 3.185455 3.078157 3.078076
0.766230 0.766478 0.764577 1.133587 1.134053 1.222575 1.225746 1.227435 1.085408 1.081315 1.677535 1.677528 1.677566 1.823493 1.823253 2.377128 2.382610 2.383246 2.573511 2.573910 2.429438 2.429763 2.429871 2.800075 2.798047 2.967360 2.965774 2.966896 2.512680 2.502579 2.021581 2.021114 2.024878 1.894349 1.890225 2.988174 3.053922 3.064328 4.513909 4.554975 6.353530 6.357749 6.357749 6.983054 6.982876 7.112225 7.111856 7.111672 6.535229 6.535785 4.862147 4.862747 4.863047 3.188038 3.187866 3.081013 3.080693
0.763809 0.763919 0.763782 1.133330 1.133994 1.223912 1.228762 1.226933 1.083574 1.088073 1.677694 1.677935 1.677937 1.822111 1.823550 2.377743 2.377785 2.380820 2.571770 2.571741 2.427869 2.426099 2.426916 2.797918 2.799248 2.970922 2.973710 2.964323 2.516154 2.514794 2.025046 2.027657 2.028863 1.900795 1.901767 3.031624 3.059383 3.066569 4.492464 4.557535 6.355362 6.359752 6.359577 6.984798 6.985154 7.113795 7.114347 7.114347 6.537123 6.536753 4.864852 4.865600 4.865151 3.190533 3.190619 3.083467 3.083147
1.067898 1.067777 1.068331 0.854539 0.857716 0.734492 0.732122 0.742102 1.094579 1.101069 1.578217 1.578531 1.578121 2.217613 2.219545 1.494764 1.494991 1.494607 2.268603 2.269017 2.996882 3.007900 3.012608 3.262652 3.270302 3.167086 3.168715 3.171659 2.442678 2.445831 1.729493 1.729919 1.730360 1.526809 1.530203 3.205756 3.240215 3.245929 4.978674 5.015402 6.947078 6.952964 6.952964 7.309377 7.309560 7.023908 7.024092 7.024462 6.325436 6.325612 4.747745 4.746579 4.746433 3.141049 3.141218 2.250930 2.250741
1.068991 1.069095 1.071321 0.855340 0.856954 0.744231 0.739042 0.738945 1.097216 1.100583 1.579129 1.579566 1.580951 2.212962 2.215669 1.496142 1.495594 1.495173 2.275053 2.276383 3.009708 3.017270 3.022566 3.274882 3.277162 3.180025 3.170508 3.173392 2.438883 2.444260 1.731607 1.731405 1.732031 1.529385 1.528634 3.172386 3.233630 3.243350 4.972590 5.013145 6.949731 6.955427 6.955427 7.311814 7.311632 7.025871 7.026424 7.026424 6.327703 6.328409 4.749108 4.749108 4.748380 3.143659 3.143744 2.253607 2.253494
0.897739 0.899637 0.902114 0.957637 0.978413 1.623582 1.623872 1.623421 2.497510 2.501389 2.036286 2.030616 2.033241 1.900641 1.899602 1.627686 1.627939 1.628138 2.242379 2.246630 3.015931 3.019178 3.018570 2.836656 2.841209 2.723831 2.741085 2.737935 2.633906 2.631297 2.367478 2.366446 2.368361 2.152459 2.159741 3.510617 3.615897 3.628424 5.850955 5.895392 7.354743 7.356423 7.356423 7.440351 7.440535 7.061126 7.061685 7.062429 6.235392 6.234850 4.634134 4.633562 4.633991 2.984806 2.984268 1.089146 1.089184
0.901882 0.913999 0.901765 0.959263 0.962357 1.624229 1.625646 1.624622 2.503759 2.512671 2.046493 2.049254 2.040237 1.908585 1.904214 1.628709 1.629374 1.629687 2.246148 2.250237 3.010860 3.016868 3.030001 2.847886 2.847978 2.746766 2.741651 2.736462 2.633742 2.635850 2.368431 2.364520 2.370921 2.154145 2.150184 3.567559 3.621802 3.620926 5.870426 5.898474 7.357705 7.358265 7.358078 7.441499 7.442421 7.063283 7.062725 7.064027 6.237186 6.237186 4.635770 4.636055 4.636198 2.987243 2.987243 1.092174 1.092137
0.905662 0.904616 0.909479 0.962557 0.974015 1.626099 1.624883 1.625329 2.502428 2.511537 2.054200 2.055371 2.057011 1.917886 1.905582 1.629707 1.630176 1.630736 2.255049 2.259038 3.034691 3.027019 3.038943 2.845165 2.838651 2.750810 2.734912 2.742434 2.641898 2.623367 2.365671 2.362643 2.374489 2.161707 2.154506 3.602375 3.638118 3.648402 5.884414 5.904866 7.360290 7.359918 7.360104 7.443568 7.444121 7.064880 7.065995 7.065810 6.238799 6.238619 4.638688 4.638403 4.637975 2.990061 2.989831 1.094862 1.094937
0.664712 0.657598 0.708470 1.287806 1.290675 2.491957 2.492867 2.493169 2.808559 2.833680 2.589059 2.582802 2.593816 1.125623 1.124766 2.359719 2.341753 2.329138 2.512274 2.524594 3.281034 3.282541 3.282933 2.733792 2.732552 2.545597 2.546602 2.541815 2.740196 2.718858 2.637571 2.645616 2.651538 2.296009 2.278575 4.013529 4.035968 4.051540 6.364109 6.371307 7.427731 7.428855 7.428855 7.219970 7.220700 6.606102 6.606102 6.606102 5.597415 5.596730 4.331059 4.331059 4.330660 2.273133 2.273094 1.924418 1.924383
0.662194 0.658191 0.671065 1.288969 1.289158 2.496106 2.501212 2.489688 2.814581 2.838997 2.602584 2.605437 2.609122 1.122977 1.120623 2.375006 2.368115 2.339151 2.498657 2.535536 3.284716 3.284455 3.284781 2.723457 2.715027 2.538659 2.531256 2.542734 2.737074 2.734210 2.655760 2.646579 2.652400 2.284418 2.288787 4.030103 4.056577 4.066618 6.368671 6.377829 7.430332 7.430519 7.430332 7.221877 7.222971 6.608175 6.607993 6.608175 5.599225 5.599225 4.333665 4.333399 4.333266 2.275878 2.275763 1.927253 1.927218
0.948623 0.948234 0.949128 1.641945 1.641958 3.065436 3.092099 3.099749 4.538489 4.530384 3.366725 3.388961 3.396966 1.893366 1.892856 3.488260 3.425972 3.424846 3.313034 3.306742 3.020168 3.017999 3.010319 3.397567 3.402531 2.898484 2.873296 2.870073 2.583469 2.584438 2.598457 2.615941 2.615895 2.300194 2.320014 4.873951 4.892988 4.903904 6.728632 6.731418 7.396079 7.395702 7.395890 6.969366 6.969366 6.159351 6.159351 6.159529 5.325354 5.325026 4.007840 4.007473 4.007229 2.166322 2.166322 2.647265 2.647145
0.952918 0.960974 0.952802 1.642570 1.642684 3.068687 3.068610 3.108751 4.598532 4.567051 3.372715 3.398924 3.397668 1.896093 1.894735 3.529336 3.500658 3.491423 3.296925 3.320604 2.987837 3.010209 3.016283 3.393711 3.406418 2.895714 2.907219 2.909108 2.589534 2.585763 2.622255 2.622117 2.611070 2.308258 2.340376 4.895620 4.902893 4.907884 6.730470 6.733253 7.397997 7.397432 7.397620 6.970633 6.971364 6.161398 6.161575 6.161220 5.327816 5.327161 4.009903 4.009903 4.009781 2.169215 2.169152 2.649995 2.650055
0.956668 0.953510 0.967964 1.643565 1.643633 3.073020 3.098597 3.113947 4.609167 4.608318 3.405086 3.414458 3.418643 1.902693 1.900913 3.523304 3.525110 3.495677 3.311727 3.304944 3.024877 3.027538 3.004641 3.412309 3.419142 2.914109 2.907383 2.913035 2.593250 2.582315 2.618923 2.608387 2.628938 2.312942 2.344663 4.905968 4.910952 4.914572 6.735088 6.735088 7.399536 7.399348 7.399348 6.972264 6.972995 6.163265 6.163443 6.163443 5.329458 5.329621 4.012576 4.012454 4.011844 2.171979 2.171915 2.652723 2.652544
