Data/ET/20200108.L6.pakistan.eto.forecast.txt
ncols    	169
nrows    	134
xllcorner	60.9
yllcorner	23.7
cellsize 	0.1
NODATA_value  -9999
[rows 75 to 99 of 134, columns 57 to 113 of 169]
1.136754 1.133862 1.133826 1.806725 1.807589 2.541489 2.568144 2.571272 2.984183 3.000562 5.259621 5.269035 5.269975 4.132991 4.132110 2.390105 2.386568 2.360946 3.355534 3.332725 3.013616 3.029224 3.037550 3.229782 3.233147 2.075171 2.077183 2.077017 1.664569 1.663848 2.100518 2.100470 2.090304 3.260176 3.293900 5.508292 5.510801 5.512974 6.795406 6.796342 7.141133 7.140945 7.140567 6.804303 6.804678 6.045281 6.045639 6.045460 5.270405 5.269910 3.490646 3.490340 3.490137 2.921131 2.921056 3.256799 3.256149
1.135248 1.137350 1.140339 1.807286 1.808648 2.539950 2.545480 2.553570 2.993077 3.007721 5.269161 5.271040 5.273230 4.136184 4.135179 2.392400 2.389213 2.380914 3.391906 3.377692 3.044954 3.037441 3.048888 3.236658 3.240006 2.081033 2.077716 2.079837 1.666440 1.666238 2.106373 2.107018 2.096959 3.279767 3.295740 5.509189 5.513033 5.515537 6.797532 6.798093 7.143178 7.143178 7.143178 6.806058 6.806433 6.047618 6.047439 6.046901 5.272593 5.271933 3.493060 3.492857 3.492958 2.923538 2.923164 3.258593 3.258315
1.359740 1.361123 1.361282 2.188312 2.188724 2.863595 2.872611 2.877946 2.783083 2.789659 5.174689 5.179335 5.179815 5.551729 5.552403 3.173499 3.168037 3.162063 3.108006 3.105018 2.994790 2.993663 2.994193 2.355459 2.355775 1.844213 1.844261 1.845026 2.234216 2.235802 3.034234 3.036278 3.030495 4.720454 4.746650 6.151846 6.156653 6.159424 6.899449 6.899449 7.006290 7.005710 7.006483 6.432809 6.432809 6.025830 6.025648 6.024557 4.697269 4.696971 3.173868 3.173341 3.172990 3.345146 3.344850 3.587646 3.587311
1.364413 1.368319 1.364085 2.174159 2.189852 2.872099 2.869635 2.876772 2.783495 2.795481 5.181673 5.183272 5.182952 5.555271 5.554766 3.177004 3.175495 3.170965 3.074247 3.065825 2.963617 2.977985 2.987098 2.360530 2.360285 1.846665 1.846649 1.846736 2.240508 2.241206 3.032743 3.038443 3.041183 4.720228 4.757615 6.156762 6.162114 6.162483 6.901641 6.901641 7.008458 7.008264 7.008071 6.435308 6.435308 6.027721 6.027540 6.026813 4.699746 4.699300 3.176454 3.176104 3.175666 3.348132 3.347936 3.590332 3.590109
1.365273 1.367307 1.367874 2.185307 2.183580 2.863139 2.853395 2.904251 2.781893 2.800590 5.184808 5.186405 5.185606 5.558303 5.556454 3.179582 3.179164 3.166514 3.108198 3.113540 3.021790 3.015645 3.007051 2.360945 2.353248 1.847972 1.848673 1.849514 2.239604 2.245461 3.036746 3.042570 3.069057 4.756070 4.764918 6.162774 6.165170 6.165354 6.903637 6.903637 7.009659 7.011009 7.009852 6.437240 6.436864 6.029975 6.029249 6.028886 4.701776 4.701479 3.178689 3.178427 3.178252 3.350232 3.350133 3.592571 3.592459
1.844241 1.842124 1.843528 2.341501 2.339510 2.483250 2.489884 2.512709 1.426882 1.426196 5.156461 5.156300 5.155655 5.805363 5.803081 4.672138 4.670399 4.665902 1.784569 1.784197 2.449266 2.452248 2.453544 2.345256 2.344383 2.509423 2.507611 2.504219 3.358243 3.373842 4.471146 4.477889 4.545370 5.991466 5.995599 6.565759 6.567140 6.567140 6.897142 6.896547 6.645132 6.644940 6.644747 6.408303 6.406199 5.739364 5.738996 5.738076 4.034512 4.034256 3.604263 3.603930 3.603596 3.477233 3.477233 3.437110 3.436901
1.844279 1.842548 1.844462 2.343902 2.353043 2.485695 2.489905 2.511624 1.428746 1.428488 5.159656 5.159173 5.158689 5.807578 5.806701 4.675471 4.673734 4.670693 1.787645 1.787369 2.446144 2.431171 2.443432 2.337042 2.327272 2.510620 2.514601 2.513629 3.382688 3.375641 4.537686 4.545633 4.557180 5.996765 5.999767 6.568255 6.569240 6.569240 6.898799 6.898799 6.647250 6.646865 6.647058 6.410477 6.409330 5.741699 5.741148 5.740229 4.037000 4.036744 3.606889 3.606889 3.606333 3.479070 3.479281 3.439192 3.439609
2.083264 2.087821 2.089662 2.234597 2.253687 1.783956 1.785279 1.785397 1.878967 1.879122 4.620386 4.620675 4.620098 5.762459 5.762107 5.286771 5.284978 5.283511 2.268156 2.266049 2.821077 2.815779 2.811754 3.835907 3.838220 4.833363 4.847291 4.819229 5.572227 5.575334 5.999727 6.012293 6.026519 6.267956 6.267570 6.467482 6.466711 6.466711 6.542323 6.541153 6.490533 6.489942 6.490730 5.749990 5.749436 4.843178 4.842699 4.842220 3.750498 3.749904 3.408388 3.408594 3.408080 3.221125 3.220938 3.214229 3.214417
2.087589 2.089057 2.091391 2.250338 2.250570 1.782242 1.783486 1.789560 1.881628 1.881792 4.623577 4.623433 4.623289 5.765066 5.765066 5.290444 5.289793 5.288165 2.271583 2.270569 2.826094 2.823285 2.822215 3.850005 3.850005 4.854814 4.858926 4.850087 5.574147 5.561528 6.008335 6.022953 6.035246 6.270388 6.270966 6.469320 6.469127 6.468550 6.544134 6.543744 6.492729 6.492533 6.492336 5.752503 5.751765 4.845177 4.844858 4.844539 3.751865 3.752102 3.410743 3.410846 3.410538 3.224113 3.223741 3.217332 3.216022
2.089454 2.093322 2.088312 2.252033 2.257746 1.785338 1.788894 1.791555 1.884352 1.884491 4.625900 4.626619 4.625900 5.767845 5.768197 5.293787 5.293787 5.292974 2.275805 2.275108 2.833031 2.829896 2.827694 3.856228 3.862889 4.860036 4.857906 4.867633 5.588969 5.594631 6.028664 6.036220 6.038483 6.272624 6.272624 6.471349 6.470964 6.470772 6.546528 6.546528 6.493548 6.494334 6.493154 5.754092 5.753539 4.847652 4.847015 4.846697 3.754179 3.754179 3.413506 3.413096 3.412891 3.226075 3.225889 3.219216 3.219310
2.053122 2.060083 2.059580 2.475667 2.504570 1.257611 1.246113 1.229758 2.140734 2.141284 4.310614 4.311666 4.310877 5.390002 5.390664 5.035257 5.035257 5.035409 3.183246 3.183658 2.754318 2.751871 2.751996 4.728526 4.726011 5.680413 5.677424 5.682094 6.121907 6.123100 6.194278 6.192489 6.195868 6.205705 6.205511 6.400335 6.400335 6.400137 6.257817 6.258211 5.615487 5.614937 5.614937 4.875165 4.874674 4.125416 4.124461 4.124461 3.539293 3.539074 3.146736 3.146559 3.146470 3.088925 3.088667 2.695827 2.696275
2.062402 2.062135 2.062084 2.492922 2.495860 1.250179 1.239574 1.233519 2.143283 2.143673 4.314059 4.314453 4.314190 5.392882 5.392717 5.037358 5.038116 5.038420 3.186324 3.186489 2.757916 2.757666 2.757228 4.734243 4.733772 5.692092 5.690602 5.690043 6.129159 6.128961 6.198177 6.198573 6.197978 6.208247 6.208442 6.402646 6.402646 6.402449 6.260520 6.260323 5.617625 5.617625 5.615792 4.876805 4.875661 4.126711 4.126439 4.125894 3.541196 3.541851 3.148725 3.148813 3.148548 3.091130 3.091560 2.698377 2.697931
2.150142 2.147871 2.151971 2.346378 2.366304 1.095673 1.081075 1.096123 2.388283 2.388716 4.190493 4.190369 4.190369 4.856083 4.856670 4.814882 4.814882 4.815331 4.119159 4.119286 2.785088 2.784770 2.784579 3.990770 3.990644 5.311045 5.311045 5.310510 5.875101 5.874518 6.072567 6.072567 6.072960 6.063192 6.063585 5.855320 5.854937 5.855128 5.348811 5.349351 4.676238 4.674015 4.674174 4.093431 4.092615 3.619909 3.619682 3.619343 3.343737 3.344034 3.116337 3.115901 3.115205 2.751911 2.751911 2.404138 -9999.000000
2.150597 2.140891 2.146017 2.368107 2.363767 1.109025 1.117078 1.080653 2.391260 2.391652 4.193158 4.193283 4.193283 4.859303 4.859450 4.817266 4.817416 4.817266 4.122073 4.121310 2.787680 2.787553 2.787426 3.993400 3.993149 5.313387 5.313209 5.312674 5.877483 5.877289 6.075091 6.075681 6.074894 6.066043 6.065847 5.857748 5.857173 5.857556 5.351195 5.349938 4.675908 4.675908 4.675750 4.094663 4.094663 3.622119 3.620874 3.621327 3.346984 3.346885 3.117795 3.117708 3.118490 2.754908 2.754575 -9999.000000 -9999.000000
2.155560 2.159125 2.160268 2.362102 2.365009 1.104410 1.133908 1.087166 2.393179 2.393998 4.195945 4.196069 4.195945 4.861787 4.861933 4.820395 4.819947 4.819499 4.124095 4.123587 2.790398 2.790461 2.790335 3.996029 3.995528 5.315906 5.315016 5.315016 5.879671 5.879864 6.077809 6.077613 6.078006 6.068303 6.067714 5.859981 5.859790 5.859981 5.351962 5.351423 4.678752 4.677801 4.677642 4.096982 4.097389 3.623084 3.622294 3.622520 3.347859 3.348846 3.120730 3.120990 3.120383 2.756905 -9999.000000 -9999.000000 -9999.000000
2.817609 2.815157 2.833487 2.630951 2.628077 1.512755 1.523900 1.510649 2.726091 2.733051 4.351981 4.351590 4.351850 4.820541 4.820242 4.820135 4.819832 4.819832 4.629332 4.629186 3.695301 3.694972 3.695081 4.121620 4.121620 5.092523 5.092692 5.092692 5.333087 5.333087 5.664629 5.664250 5.663872 5.822350 5.822742 5.252627 5.252807 5.251370 4.760273 4.757504 4.334370 4.332180 4.329259 4.149748 4.151541 3.799392 3.797933 3.800973 3.377139 3.377542 2.988393 2.987836 2.987677 -9999.000000 -9999.000000 -9999.000000 -9999.000000
2.807306 2.797550 2.800011 2.649011 2.633525 1.523194 1.520729 1.514626 2.707654 2.735838 4.354224 4.354484 4.354484 4.823081 4.822634 4.822585 4.822131 4.821980 4.632501 4.631335 3.697440 3.697549 3.697549 4.123808 4.123808 5.095592 5.095422 5.095761 5.336201 5.335844 5.667072 5.666883 5.666883 5.824824 5.825020 5.256893 5.254021 -9999.000000 -9999.000000 -9999.000000 4.332178 4.330280 4.334658 4.151823 4.151685 3.800919 3.802377 3.801162 3.380194 3.380094 2.990425 2.990027 2.989709 -9999.000000 -9999.000000 -9999.000000 -9999.000000
3.751373 3.708198 3.758967 2.333501 2.335275 1.570026 1.564749 1.558867 3.190687 3.270047 5.030364 5.030364 5.030364 5.082089 5.081618 5.106191 5.105873 5.106032 4.690870 4.690134 4.063710 4.062825 4.062825 4.288310 4.288586 4.698774 4.699087 4.698774 5.160331 5.159981 5.399867 5.399315 5.399683 5.392938 5.392568 5.116151 -9999.000000 -9999.000000 -9999.000000 -9999.000000 4.467166 4.469430 4.470335 3.923709 3.922563 3.527213 3.528188 3.528405 3.357046 3.355950 3.075143 -9999.000000 -9999.000000 -9999.000000 -9999.000000 -9999.000000 -9999.000000
3.763425 3.768316 3.752175 2.340759 2.342153 1.566195 1.572018 1.567458 3.247314 3.271269 5.032883 5.032883 5.032728 5.084333 5.083862 5.108489 5.108489 5.108013 4.692834 4.692687 4.065985 4.066238 4.065354 4.292128 4.291300 4.701543 4.701543 4.701387 5.160328 5.162078 5.400131 5.402153 5.400499 5.394638 5.392607 -9999.000000 -9999.000000 -9999.000000 -9999.000000 -9999.000000 -9999.000000 4.470816 4.470665 3.923942 3.926485 -9999.000000 -9999.000000 -9999.000000 -9999.000000 -9999.000000 -9999.000000 -9999.000000 -9999.000000 -9999.000000 -9999.000000 -9999.000000 -9999.000000
3.767645 3.772370 3.740288 2.327676 2.333290 1.576260 1.574646 1.562815 3.267870 3.274060 5.034934 5.035089 5.034778 5.086575 5.086418 5.110785 5.110151 5.110310 4.695238 4.695091 4.068511 4.068511 4.067880 4.294012 4.294288 4.704466 4.704310 4.703062 5.164699 5.163125 5.404254 5.402968 5.403519 5.396338 5.394493 -9999.000000 -9999.000000 -9999.000000 -9999.000000 -9999.000000 -9999.000000 -9999.000000 -9999.000000 -9999.000000 -9999.000000 -9999.000000 -9999.000000 -9999.000000 -9999.000000 -9999.000000 -9999.000000 -9999.000000 -9999.000000 -9999.000000 -9999.000000 -9999.000000 -9999.000000
4.572744 4.576549 4.575087 3.070127 3.087010 1.305224 1.306516 1.279888 3.567538 3.576071 5.056711 5.056711 5.056400 5.174457 5.174298 5.006012 5.005391 5.005081 4.564175 4.564175 3.896387 3.896038 3.896270 4.279635 4.286981 5.141889 5.141193 5.139974 5.575086 5.574327 5.674063 5.674451 5.672122 5.614133 -9999.000000 -9999.000000 -9999.000000 -9999.000000 -9999.000000 -9999.000000 -9999.000000 -9999.000000 -9999.000000 -9999.000000 -9999.000000 -9999.000000 -9999.000000 -9999.000000 -9999.000000 -9999.000000 -9999.000000 -9999.000000 -9999.000000 -9999.000000 -9999.000000 -9999.000000 -9999.000000
4.572745 4.575769 4.601154 3.071224 3.093276 1.305413 1.305804 1.280952 3.574527 3.579936 5.059246 5.058625 5.058780 5.177024 5.176546 5.008114 5.008269 5.007805 4.567122 4.566981 3.898987 3.898987 3.898057 4.287151 4.289227 5.144019 5.142106 5.143845 5.574997 5.578976 5.675636 5.676218 5.676218 -9999.000000 -9999.000000 -9999.000000 -9999.000000 -9999.000000 -9999.000000 -9999.000000 -9999.000000 -9999.000000 -9999.000000 -9999.000000 -9999.000000 -9999.000000 -9999.000000 -9999.000000 -9999.000000 -9999.000000 -9999.000000 -9999.000000 -9999.000000 -9999.000000 -9999.000000 -9999.000000 -9999.000000
3.731065 3.745281 3.762639 3.683344 3.688355 2.004598 2.014776 2.022746 4.125510 4.133807 4.752271 4.752416 4.751980 4.908845 4.908391 4.950179 4.951249 4.949721 4.600149 4.599864 4.841166 4.839766 4.830576 5.144305 5.147077 5.689870 5.687924 5.684613 5.975472 5.973836 5.921676 5.915906 -9999.000000 -9999.000000 -9999.000000 -9999.000000 -9999.000000 -9999.000000 -9999.000000 -9999.000000 -9999.000000 -9999.000000 -9999.000000 -9999.000000 -9999.000000 -9999.000000 -9999.000000 -9999.000000 -9999.000000 -9999.000000 -9999.000000 -9999.000000 -9999.000000 -9999.000000 -9999.000000 -9999.000000 -9999.000000
3.736993 3.749001 3.743741 3.687966 3.699369 2.000653 2.018895 2.025461 4.127441 4.135603 4.754668 4.754813 4.754522 4.911047 4.910594 4.953082 4.952471 4.952319 4.602567 4.602283 4.843625 4.839117 4.834137 5.147062 5.148966 5.690885 5.693412 5.688356 5.975550 5.976776 5.923634 -9999.000000 -9999.000000 -9999.000000 -9999.000000 -9999.000000 -9999.000000 -9999.000000 -9999.000000 -9999.000000 -9999.000000 -9999.000000 -9999.000000 -9999.000000 -9999.000000 -9999.000000 -9999.000000 -9999.000000 -9999.000000 -9999.000000 -9999.000000 -9999.000000 -9999.000000 -9999.000000 -9999.000000 -9999.000000 -9999.000000
3.747208 3.733375 3.731205 3.685975 3.691149 2.010733 2.019048 2.028057 4.136146 4.138903 4.757353 4.757208 4.757063 4.913247 4.912341 4.954762 4.954762 4.955067 4.605125 4.604841 4.845772 4.842511 4.838781 5.149125 5.149125 5.689955 5.694037 5.689372 5.975423 5.976649 -9999.000000 -9999.000000 -9999.000000 -9999.000000 -9999.000000 -9999.000000 -9999.000000 -9999.000000 -9999.000000 -9999.000000 -9999.000000 -9999.000000 -9999.000000 -9999.000000 -9999.000000 -9999.000000 -9999.000000 -9999.000000 -9999.000000 -9999.000000 -9999.000000 -9999.000000 -9999.000000 -9999.000000 -9999.000000 -9999.000000 -9999.000000
