Data/ET/20200108.L0.pakistan.eto.forecast.txt
ncols    	169
nrows    	134
xllcorner	60.9
yllcorner	23.7
cellsize 	0.1
NODATA_value  -9999
[rows 75 to 99 of 134, columns 0 to 56 of 169]
-9999.000000 -9999.000000 1.825545 1.829638 1.835989 1.499983 1.499375 1.889208 1.889157 1.888732 1.599996 -9999.000000 -9999.000000 -9999.000000 -9999.000000 -9999.000000 -9999.000000 -9999.000000 -9999.000000 -9999.000000 -9999.000000 -9999.000000 -9999.000000 -9999.000000 -9999.000000 -9999.000000 -9999.000000 -9999.000000 -9999.000000 -9999.000000 -9999.000000 -9999.000000 -9999.000000 -9999.000000 -9999.000000 2.106351 2.112458 2.647641 2.670968 2.677118 2.617313 2.616141 2.914390 2.912043 2.911598 2.908872 2.909373 2.880868 2.880501 2.880501 1.935640 1.934161 1.512341 1.514169 1.513964 1.646999 1.646926
-9999.000000 -9999.000000 -9999.000000 1.830658 1.833910 1.504109 1.502478 1.890438 1.890354 1.889630 1.602224 1.602149 2.067001 2.066866 -9999.000000 -9999.000000 -9999.000000 -9999.000000 -9999.000000 -9999.000000 1.814368 1.813673 2.406272 2.401533 2.398376 2.164695 2.162682 2.423733 2.424021 2.425784 2.494894 -9999.000000 2.201597 2.201093 2.206038 2.119235 2.116632 2.671733 2.678187 2.679243 2.619304 2.618897 2.916067 2.915434 2.915055 2.911806 2.911369 2.883026 2.883087 2.880644 1.937985 1.934091 1.515549 1.516940 1.516149 1.648081 1.648539
-9999.000000 -9999.000000 -9999.000000 -9999.000000 1.863557 1.133806 1.117625 1.578220 1.578051 1.578193 2.065940 2.067566 2.409999 2.410504 2.409620 2.760585 2.753352 2.354581 2.354652 2.355708 3.712567 3.711789 3.683932 3.673596 3.663449 2.260970 2.290884 2.963790 2.957618 2.954151 3.008115 3.010724 2.666221 2.671247 2.673627 2.265014 2.268250 2.781275 2.783787 2.783787 2.811360 2.811002 2.733994 2.733660 2.733326 2.888165 2.887919 2.762570 2.762514 2.764936 2.564770 2.564439 2.257635 2.255427 2.254580 1.967007 1.967482
-9999.000000 -9999.000000 -9999.000000 -9999.000000 1.870686 1.136066 1.126597 1.580885 1.580482 1.581003 2.067751 2.065514 2.408077 2.409170 2.407404 2.754449 2.745114 2.347340 2.347340 2.351333 3.709574 3.718377 3.691980 3.686299 3.670758 2.290702 2.298821 2.983050 2.975501 2.975806 3.042815 3.030399 2.673304 2.686191 2.687645 2.268123 2.272869 2.783953 2.785803 2.785624 2.813314 2.812957 2.736118 2.735785 2.735340 2.888012 2.891264 2.768591 2.767768 2.762331 2.567197 2.549155 2.257497 2.259585 2.253328 1.967211 1.962510
-9999.000000 -9999.000000 -9999.000000 -9999.000000 -9999.000000 1.137594 1.128521 1.583483 1.583565 1.583043 2.069142 2.066892 2.407597 2.406800 2.401547 2.743220 2.746120 2.348802 2.336283 2.339522 3.709437 3.723475 3.701745 3.697285 3.688493 2.304295 2.302195 2.993916 2.990602 2.987099 3.050823 3.051502 2.682047 2.690506 2.695639 2.273430 2.276086 2.786508 2.787579 2.787579 2.814673 2.813901 2.736466 2.739070 2.739623 2.895393 2.894904 2.767201 2.715727 2.749240 2.558406 2.555406 2.264379 2.261422 2.248558 1.968730 1.968187
-9999.000000 -9999.000000 -9999.000000 -9999.000000 -9999.000000 -9999.000000 1.448375 2.737793 2.735800 2.737031 3.548625 3.554467 3.952365 3.949523 3.930057 4.089717 4.086809 3.109582 3.097245 3.089398 4.387810 4.405683 5.101676 5.096106 5.093182 3.941262 3.940068 3.658075 3.654424 3.647877 4.039654 4.039654 3.613010 3.615668 3.615943 3.363820 3.358883 4.008783 4.002520 4.009737 3.340205 3.342596 2.279233 2.278657 2.279030 3.098787 3.066312 3.883051 3.891204 3.880763 3.269603 3.254263 2.839223 2.827622 2.831467 2.651201 2.644363
-9999.000000 -9999.000000 -9999.000000 -9999.000000 -9999.000000 -9999.000000 1.447271 2.742650 2.742241 2.744109 3.564566 3.565764 3.957964 3.962154 3.959222 4.105445 4.104056 3.127756 3.124872 3.129269 4.415000 4.419955 5.113613 5.110583 5.106624 3.952359 3.952036 3.668998 3.665654 3.664984 4.047422 4.048279 3.620867 3.622054 3.625338 3.370040 3.373036 4.014677 4.015099 4.015205 3.342520 3.343179 2.279193 2.277673 2.263539 3.073812 3.085666 3.901603 3.896390 3.886605 3.250018 3.237363 2.835031 2.830195 2.838483 2.645151 2.643777
-9999.000000 -9999.000000 -9999.000000 -9999.000000 -9999.000000 -9999.000000 -9999.000000 2.115225 2.111890 2.115818 3.388283 3.389806 4.160426 4.162591 4.162110 4.599850 4.597809 3.743733 3.744735 3.747297 3.640917 3.639644 5.468006 5.466124 5.459211 4.477037 4.473318 4.345151 4.343879 4.342224 4.481997 4.479863 3.774546 3.779859 3.778701 3.772118 3.771465 2.988830 2.988510 2.985563 2.598457 2.626871 3.132216 3.179250 3.188333 4.650204 4.637652 4.597590 4.587037 4.563652 3.321479 3.326270 3.467686 3.457109 3.462532 3.043433 3.037538
-9999.000000 -9999.000000 -9999.000000 -9999.000000 -9999.000000 -9999.000000 -9999.000000 -9999.000000 2.115734 2.116055 3.390223 3.395408 4.169337 4.170296 4.167179 4.607081 4.611688 3.752910 3.754576 3.757128 3.649760 3.649125 5.480629 5.478132 5.472817 4.488189 4.485412 4.360052 4.357395 4.356635 4.496093 4.491600 3.782976 3.780279 3.777385 3.768348 3.767227 2.979541 2.931161 2.957731 2.628049 2.619552 3.187867 3.172419 3.210695 4.664782 4.649383 4.605452 4.591442 4.559989 3.339188 3.322590 3.452457 3.464082 3.466801 3.043177 3.032189
-9999.000000 -9999.000000 -9999.000000 -9999.000000 -9999.000000 -9999.000000 -9999.000000 -9999.000000 -9999.000000 2.120493 3.381242 3.391179 4.170558 4.175823 4.174388 4.614831 4.619692 3.764267 3.757401 3.763492 3.655932 3.657409 5.489302 5.486347 5.483233 4.499157 4.497578 4.370205 4.369575 4.365919 4.498296 4.472758 3.773656 3.765908 3.747881 3.738003 3.736104 2.957903 2.961478 2.970221 2.632940 2.629641 3.192281 3.221296 3.219890 4.675985 4.678775 4.610747 4.595833 4.556539 3.338068 3.324550 3.467362 3.468342 3.469436 3.034421 3.023874
-9999.000000 -9999.000000 -9999.000000 -9999.000000 -9999.000000 -9999.000000 -9999.000000 -9999.000000 -9999.000000 -9999.000000 2.746663 2.745253 4.048133 4.054337 4.058149 4.865102 4.870214 4.942973 4.935789 4.943431 3.373389 3.373097 4.930663 4.929602 4.928388 5.012465 5.006974 3.560735 3.558293 3.553710 3.720924 3.711603 3.328454 3.321955 3.324313 3.589130 3.585074 1.348576 1.346195 1.347459 0.999361 0.983590 2.905645 2.905305 2.903741 5.374533 5.370668 4.330217 4.308919 4.254981 3.716385 3.720635 4.026895 4.029431 4.013953 3.492769 3.475559
-9999.000000 -9999.000000 -9999.000000 -9999.000000 -9999.000000 -9999.000000 -9999.000000 -9999.000000 -9999.000000 -9999.000000 -9999.000000 -9999.000000 -9999.000000 4.059354 4.062088 4.870668 4.872126 4.941142 4.943432 4.953336 3.376673 3.376673 4.934759 4.936726 4.935515 5.019327 5.017198 3.566649 3.561369 3.554758 3.714639 3.698349 3.347345 3.359431 3.357834 3.618999 3.624890 1.344673 1.343443 1.341193 0.983409 0.983781 2.908795 2.908049 2.907506 5.374505 5.368704 4.328649 4.308211 4.258707 3.722531 3.723135 4.023925 4.031469 4.011499 3.475357 3.538242
-9999.000000 -9999.000000 -9999.000000 -9999.000000 -9999.000000 -9999.000000 -9999.000000 -9999.000000 -9999.000000 -9999.000000 -9999.000000 -9999.000000 -9999.000000 -9999.000000 -9999.000000 -9999.000000 4.976216 5.583715 5.592805 5.597939 3.676590 3.676468 3.947328 3.945692 3.942419 5.163148 5.161589 4.040517 4.040638 4.035448 3.378355 3.372350 2.030074 2.029690 2.030544 1.451916 1.452217 1.948551 1.948367 1.948217 2.415247 2.414728 4.752594 4.752070 4.751677 4.941900 4.938829 4.031850 4.002846 3.971411 4.163929 4.176728 4.295062 4.286819 4.289550 3.531393 3.538705
-9999.000000 -9999.000000 -9999.000000 -9999.000000 -9999.000000 -9999.000000 -9999.000000 -9999.000000 -9999.000000 -9999.000000 -9999.000000 -9999.000000 -9999.000000 -9999.000000 -9999.000000 -9999.000000 -9999.000000 5.593964 5.597898 5.599607 3.677784 3.677784 3.948697 3.948069 3.947314 5.163517 5.161958 4.044438 4.043716 4.043113 3.384586 3.383370 2.033673 2.033525 2.033270 1.454107 1.454266 1.950763 1.950613 1.950431 2.417339 2.417037 4.754755 4.751614 4.748599 4.940086 4.928872 4.012694 4.001238 3.968409 4.178990 4.182001 4.295636 4.271552 4.287553 3.513247 3.532312
-9999.000000 -9999.000000 -9999.000000 -9999.000000 -9999.000000 -9999.000000 -9999.000000 -9999.000000 -9999.000000 -9999.000000 -9999.000000 -9999.000000 -9999.000000 -9999.000000 -9999.000000 -9999.000000 -9999.000000 -9999.000000 -9999.000000 5.600933 3.679342 3.679100 3.950192 3.949815 3.946422 5.161393 5.162484 4.042819 4.042819 4.044143 3.386879 3.386132 2.036435 2.035865 2.035823 1.456612 1.457160 1.953023 1.952842 1.952727 2.419387 2.418741 4.755738 4.748932 4.742237 4.935195 4.880597 3.991059 4.004676 3.976018 4.171713 4.184942 4.297413 4.290860 4.297488 3.524045 3.543240
-9999.000000 -9999.000000 -9999.000000 -9999.000000 -9999.000000 -9999.000000 -9999.000000 -9999.000000 -9999.000000 -9999.000000 -9999.000000 -9999.000000 -9999.000000 -9999.000000 -9999.000000 -9999.000000 -9999.000000 -9999.000000 5.240791 5.241265 5.139598 5.139430 3.252165 3.251450 3.251092 5.243698 5.241347 5.033363 5.033062 5.033664 4.024469 4.024827 1.520702 1.520847 1.520956 1.839268 1.839203 2.724650 2.724175 2.724353 3.739609 3.737440 4.638018 4.635072 4.625963 4.225920 4.208021 4.398296 4.421243 4.409165 4.421484 4.447454 4.685537 4.672491 4.685451 3.873147 3.876652
-9999.000000 -9999.000000 -9999.000000 -9999.000000 -9999.000000 -9999.000000 -9999.000000 -9999.000000 -9999.000000 -9999.000000 -9999.000000 -9999.000000 -9999.000000 -9999.000000 -9999.000000 -9999.000000 -9999.000000 -9999.000000 -9999.000000 5.237308 5.139085 5.140428 3.254348 3.253544 3.252741 5.246663 5.242278 5.035855 5.033601 5.034052 4.026373 4.025658 1.523225 1.523408 1.523470 1.841651 1.841641 2.726464 2.725517 2.724688 3.739762 3.736148 4.639572 4.628268 4.605607 4.195053 4.190819 4.406485 4.417494 4.415287 4.447535 4.451984 4.664573 4.688044 4.675292 3.874126 3.883473
-9999.000000 -9999.000000 -9999.000000 -9999.000000 -9999.000000 -9999.000000 -9999.000000 -9999.000000 -9999.000000 -9999.000000 -9999.000000 -9999.000000 -9999.000000 -9999.000000 -9999.000000 -9999.000000 -9999.000000 -9999.000000 -9999.000000 4.716950 4.906734 4.910744 4.000265 4.001682 4.000028 4.915858 4.914087 5.353969 5.348910 5.348752 4.716064 4.716769 3.028700 3.027487 3.028169 2.185376 2.185376 2.605856 2.603940 2.604043 3.927124 3.922637 4.270698 4.241156 4.221759 4.350659 4.338468 4.936473 4.940364 4.941657 4.156763 4.171308 4.269683 4.248779 4.232494 4.526081 4.508540
-9999.000000 -9999.000000 -9999.000000 -9999.000000 -9999.000000 -9999.000000 -9999.000000 -9999.000000 -9999.000000 -9999.000000 -9999.000000 -9999.000000 -9999.000000 -9999.000000 -9999.000000 -9999.000000 -9999.000000 -9999.000000 -9999.000000 4.706920 4.896248 4.902424 3.996523 3.998531 3.997704 4.916237 4.915942 5.351705 5.352811 5.349650 4.716465 4.715337 3.030245 3.030018 3.029034 2.187766 2.187205 2.607733 2.605666 2.601685 3.904408 3.906924 4.252613 4.231327 4.212241 4.336274 4.344811 4.941673 4.940466 4.945285 4.166085 4.183505 4.287716 4.289286 4.278555 4.536234 4.522626
-9999.000000 -9999.000000 -9999.000000 -9999.000000 -9999.000000 -9999.000000 -9999.000000 -9999.000000 -9999.000000 -9999.000000 -9999.000000 -9999.000000 -9999.000000 -9999.000000 -9999.000000 -9999.000000 -9999.000000 -9999.000000 -9999.000000 4.697264 4.886596 4.891640 3.985563 3.989945 3.992902 4.908649 4.909535 5.348808 5.349915 5.349915 4.718136 4.717573 3.031111 3.031187 3.030432 2.188393 2.187161 2.599759 2.602391 2.600894 3.903122 3.877904 4.212580 4.200353 4.192757 4.340781 4.339370 4.942809 4.943153 4.947957 4.187343 4.191201 4.299600 4.299697 4.280879 4.471821 4.534694
-9999.000000 -9999.000000 -9999.000000 -9999.000000 -9999.000000 -9999.000000 -9999.000000 -9999.000000 -9999.000000 -9999.000000 -9999.000000 -9999.000000 -9999.000000 -9999.000000 -9999.000000 -9999.000000 -9999.000000 -9999.000000 -9999.000000 4.411621 4.292488 4.294607 4.574959 4.582367 4.586728 4.908599 4.920210 5.378126 5.380480 5.381215 5.026301 5.026162 4.093968 4.089976 4.082306 3.741450 3.750903 4.045302 4.042424 4.018912 4.467346 4.476751 4.682069 4.681667 4.677713 4.660934 4.686928 4.986505 5.004911 4.994553 4.108132 4.060344 4.344926 4.335175 4.323448 4.352379 4.310723
-9999.000000 -9999.000000 -9999.000000 -9999.000000 -9999.000000 -9999.000000 -9999.000000 -9999.000000 -9999.000000 -9999.000000 -9999.000000 -9999.000000 -9999.000000 -9999.000000 -9999.000000 -9999.000000 -9999.000000 -9999.000000 -9999.000000 4.400158 4.278744 4.281774 4.558718 4.563368 4.574101 4.905848 4.914603 5.379626 5.365912 5.371378 4.996245 5.010773 4.082740 4.083185 4.072037 3.755566 3.748733 4.021903 3.990897 3.997587 4.474108 4.487838 4.689385 4.682818 4.655726 4.690975 4.686576 4.977903 5.011120 4.989085 4.105396 4.086351 4.359081 4.355723 4.339051 4.323167 4.355549
-9999.000000 -9999.000000 -9999.000000 -9999.000000 -9999.000000 -9999.000000 -9999.000000 -9999.000000 -9999.000000 -9999.000000 -9999.000000 -9999.000000 -9999.000000 -9999.000000 -9999.000000 -9999.000000 -9999.000000 -9999.000000 -9999.000000 5.063733 4.299568 4.306172 5.068204 5.072976 5.065584 5.733313 5.763687 5.881403 5.875755 5.860298 5.890755 5.875499 5.372672 5.376918 5.373068 5.143774 5.123110 5.020437 5.027303 5.030625 5.139090 5.135194 5.084225 5.051657 5.096298 5.322339 5.299379 5.050757 5.077543 5.048137 4.619707 4.636594 4.528762 4.506173 4.505370 4.580982 4.504603
-9999.000000 -9999.000000 -9999.000000 -9999.000000 -9999.000000 -9999.000000 -9999.000000 -9999.000000 -9999.000000 -9999.000000 -9999.000000 -9999.000000 -9999.000000 -9999.000000 -9999.000000 -9999.000000 -9999.000000 -9999.000000 -9999.000000 5.036367 4.272429 4.245135 4.974840 5.068038 5.102569 5.748552 5.725320 5.813419 5.807769 5.832149 5.877447 5.873999 5.365603 5.347340 5.332064 5.136183 5.141589 5.040499 5.038526 5.037490 5.136751 5.126053 5.093284 5.107239 5.105581 5.318172 5.263201 5.061950 5.074226 5.050982 4.648255 4.648847 4.527464 4.515172 4.496592 4.563881 4.569268
-9999.000000 -9999.000000 -9999.000000 -9999.000000 -9999.000000 -9999.000000 -9999.000000 -9999.000000 -9999.000000 -9999.000000 -9999.000000 -9999.000000 -9999.000000 -9999.000000 -9999.000000 -9999.000000 -9999.000000 -9999.000000 -9999.000000 -9999.000000 -9999.000000 -9999.000000 -9999.000000 -9999.000000 5.104624 5.753025 5.741155 5.854733 5.856354 5.849109 5.870350 5.852813 5.347924 5.343366 5.354176 5.147186 5.150725 5.043001 5.036895 5.028762 5.122918 5.149914 5.119110 5.119110 5.115926 5.316318 5.345462 5.080539 5.043120 5.093176 4.646957 4.630526 4.505979 4.482577 4.501963 4.600605 4.575662
