Data/ET/20200108.L7.pakistan.eto.forecast.txt
ncols    	169
nrows    	134
xllcorner	60.9
yllcorner	23.7
cellsize 	0.1
NODATA_value  -9999
[rows 75 to 99 of 134, columns 0 to 56 of 169]
-9999.000000 -9999.000000 2.756250 2.770530 2.791159 4.513194 4.518721 5.161779 5.161530 5.159454 4.763312 -9999.000000 -9999.000000 -9999.000000 -9999.000000 -9999.000000 -9999.000000 -9999.000000 -9999.000000 -9999.000000 -9999.000000 -9999.000000 -9999.000000 -9999.000000 -9999.000000 -9999.000000 -9999.000000 -9999.000000 -9999.000000 -9999.000000 -9999.000000 -9999.000000 -9999.000000 -9999.000000 -9999.000000 2.211458 2.217690 3.218212 3.246914 3.254419 3.760158 3.758337 3.812727 3.809791 3.809234 2.910441 2.910877 2.344935 2.344735 2.344735 1.451451 1.452430 0.745202 0.761849 0.760015 1.275421 1.276229
-9999.000000 -9999.000000 -9999.000000 2.767611 2.778687 4.496338 4.510704 5.158525 5.158109 5.154521 4.750586 4.755876 4.141244 4.140876 -9999.000000 -9999.000000 -9999.000000 -9999.000000 -9999.000000 -9999.000000 3.335362 3.331889 2.923428 2.918022 2.914408 2.058801 2.057590 1.872347 1.872406 1.872772 1.846530 -9999.000000 1.818831 1.818738 1.819669 2.224130 2.221489 3.246755 3.254643 3.255931 3.761418 3.760786 3.813917 3.813125 3.812649 2.913054 2.912673 2.346835 2.346868 2.345542 1.452922 1.455565 0.760113 0.772188 0.765368 1.283997 1.277502
-9999.000000 -9999.000000 -9999.000000 -9999.000000 2.324032 3.895080 3.920817 4.778801 4.782169 4.779354 4.699560 4.703582 4.212221 4.212954 4.211671 3.313980 3.307740 2.988787 2.988868 2.990078 4.115362 4.114787 3.929084 3.921121 3.913278 1.699342 1.698206 1.005687 1.009847 1.012187 1.335198 1.334306 1.851179 1.852023 1.852426 2.613074 2.617266 3.315964 3.318919 3.318919 3.364943 3.364530 3.199047 3.198665 3.198282 2.345937 2.345806 1.816810 1.816802 1.817158 1.532300 1.532355 0.702487 0.707152 0.708943 1.192318 1.191680
-9999.000000 -9999.000000 -9999.000000 -9999.000000 2.336485 3.895948 3.910979 4.769221 4.776661 4.767096 4.699947 4.694338 4.207659 4.209257 4.206674 3.308322 3.300211 2.979759 2.979759 2.984376 4.113072 4.119582 3.935199 3.930834 3.918855 1.700260 1.700037 0.996084 1.001180 1.000973 1.326105 1.330314 1.853823 1.855995 1.856243 2.616034 2.622181 3.318257 3.320433 3.320223 3.366455 3.366043 3.200824 3.200442 3.199934 2.346605 2.348336 1.819152 1.819032 1.818243 1.533838 1.536958 0.707855 0.703414 0.716731 1.195468 1.202003
-9999.000000 -9999.000000 -9999.000000 -9999.000000 -9999.000000 3.897973 3.912282 4.761891 4.760500 4.769483 4.699280 4.693602 4.205169 4.203995 4.196220 3.298176 3.300710 2.980756 2.966118 2.969928 4.112894 4.123270 3.942617 3.939200 3.932450 1.701905 1.701961 0.992070 0.994313 0.996687 1.326027 1.325797 1.856728 1.858147 1.859018 2.621848 2.625285 3.320404 3.321665 3.321665 3.367280 3.366387 3.200567 3.203550 3.204184 2.351281 2.351021 1.820412 1.813379 1.817879 1.537325 1.537859 0.698242 0.704566 0.732166 1.196835 1.197593
-9999.000000 -9999.000000 -9999.000000 -9999.000000 -9999.000000 -9999.000000 3.508878 5.019300 5.017094 5.018457 5.154903 5.159089 5.086692 5.084824 5.071954 4.552125 4.550145 2.439025 2.433362 2.429762 4.679601 4.693529 5.013362 5.009499 5.007470 2.780129 2.779570 1.694258 1.694256 1.694257 3.210137 3.210137 3.282344 3.284329 3.284534 3.559071 3.554527 3.782014 3.777102 3.782762 2.869365 2.870933 1.911010 1.910813 1.910941 2.247750 2.234349 2.675183 2.679368 2.674010 1.336607 1.341360 1.168674 1.175421 1.173181 1.255227 1.258759
-9999.000000 -9999.000000 -9999.000000 -9999.000000 -9999.000000 -9999.000000 3.526331 5.023147 5.022697 5.024754 5.165708 5.166559 5.090064 5.092808 5.090888 4.562693 4.561753 2.448236 2.446913 2.448930 4.700703 4.704548 5.021787 5.019691 5.016950 2.786135 2.785984 1.696211 1.696211 1.696211 3.215389 3.215924 3.288396 3.289282 3.291732 3.564593 3.567345 3.786810 3.787141 3.787224 2.871376 2.871807 1.912117 1.911601 1.906854 2.238411 2.243282 2.685522 2.682843 2.677825 1.344892 1.348878 1.173467 1.176304 1.171446 1.260478 1.261198
-9999.000000 -9999.000000 -9999.000000 -9999.000000 -9999.000000 -9999.000000 -9999.000000 4.673094 4.663379 4.674807 5.304981 5.306345 5.558002 5.559579 5.559229 5.269111 5.267634 2.967704 2.968256 2.969665 4.826567 4.825193 5.456450 5.455089 5.450085 3.853540 3.850972 3.472475 3.471647 3.470569 4.267396 4.265702 3.971700 3.976392 3.975369 3.333116 3.332652 2.208942 2.208817 2.207671 1.629881 1.626787 1.777960 1.780745 1.781327 2.295588 2.292256 3.032623 3.026758 3.013809 0.993336 0.990184 0.963192 0.969488 0.966260 1.198281 1.201406
-9999.000000 -9999.000000 -9999.000000 -9999.000000 -9999.000000 -9999.000000 -9999.000000 -9999.000000 4.668987 4.669925 5.305748 5.310386 5.564056 5.564752 5.562487 5.274139 5.277464 2.973509 2.974424 2.975826 4.835206 4.834523 5.465675 5.463871 5.460031 3.861566 3.859649 3.482509 3.480779 3.480285 4.278549 4.274986 3.978966 3.976585 3.974029 3.330703 3.329905 2.206375 2.187829 2.197976 1.628704 1.629621 1.782999 1.782049 1.784480 2.300943 2.296849 3.037812 3.030025 3.012630 0.984293 0.995280 0.974496 0.967542 0.965914 1.200603 1.206485
-9999.000000 -9999.000000 -9999.000000 -9999.000000 -9999.000000 -9999.000000 -9999.000000 -9999.000000 -9999.000000 4.677275 5.296681 5.305633 5.564515 5.568337 5.567296 5.279534 5.283037 2.980500 2.976732 2.980075 4.840964 4.842551 5.472037 5.469905 5.467658 3.869456 3.868367 3.489448 3.489038 3.486659 4.280267 4.259997 3.970555 3.963699 3.947708 3.309368 3.308014 2.199119 2.200486 2.203837 1.630218 1.630576 1.784976 1.786840 1.786746 2.305393 2.306138 3.041568 3.033281 3.011575 0.987667 0.996659 0.967778 0.967188 0.966530 1.207523 1.213238
-9999.000000 -9999.000000 -9999.000000 -9999.000000 -9999.000000 -9999.000000 -9999.000000 -9999.000000 -9999.000000 -9999.000000 4.913982 4.911993 5.593002 5.597932 5.600955 5.678874 5.682506 5.042239 5.037044 5.042569 4.063465 4.063152 5.261975 5.261099 5.260097 4.107933 4.104205 1.749664 1.749592 1.749460 1.607211 1.607780 1.479202 1.480330 1.479920 1.365650 1.366569 1.130926 1.127095 1.129131 1.717780 1.718323 1.693600 1.693602 1.693608 1.685835 1.685851 1.934319 1.931695 1.925282 0.840178 0.837331 1.002937 1.001736 1.009058 0.962263 0.972408
-9999.000000 -9999.000000 -9999.000000 -9999.000000 -9999.000000 -9999.000000 -9999.000000 -9999.000000 -9999.000000 -9999.000000 -9999.000000 -9999.000000 -9999.000000 5.601375 5.603541 5.682658 5.683694 5.040958 5.042613 5.049764 4.066467 4.066467 5.265204 5.266827 5.265829 4.112932 4.111487 1.751743 1.751593 1.751410 1.609722 1.610758 1.478239 1.476163 1.476436 1.361318 1.359991 1.122778 1.120796 1.117159 1.720214 1.720201 1.695514 1.695519 1.695522 1.687730 1.687760 1.935635 1.933146 1.927315 0.838515 0.838109 1.006333 1.002743 1.012236 0.974854 0.937578
-9999.000000 -9999.000000 -9999.000000 -9999.000000 -9999.000000 -9999.000000 -9999.000000 -9999.000000 -9999.000000 -9999.000000 -9999.000000 -9999.000000 -9999.000000 -9999.000000 -9999.000000 -9999.000000 6.065812 5.914774 5.920755 5.924128 5.311246 5.311109 5.099971 5.098222 5.094720 4.386446 4.385353 2.787970 2.788026 2.785617 1.685032 1.685168 1.704083 1.704098 1.704066 2.189281 2.188771 2.439772 2.439340 2.438986 1.835489 1.835400 1.071269 1.071430 1.071551 1.792890 1.792768 1.694125 1.694757 1.695557 1.448809 1.447234 1.325259 1.326946 1.326387 1.461235 1.460404
-9999.000000 -9999.000000 -9999.000000 -9999.000000 -9999.000000 -9999.000000 -9999.000000 -9999.000000 -9999.000000 -9999.000000 -9999.000000 -9999.000000 -9999.000000 -9999.000000 -9999.000000 -9999.000000 -9999.000000 5.921468 5.924053 5.925175 5.312043 5.312043 5.100743 5.100071 5.099265 4.386940 4.385847 2.790666 2.790331 2.790051 1.687017 1.687045 1.706090 1.706096 1.706107 2.191738 2.191471 2.441505 2.441153 2.440722 1.837387 1.837336 1.073179 1.074146 1.075074 1.794602 1.794175 1.696356 1.696641 1.697545 1.448372 1.447999 1.326713 1.331694 1.328381 1.464810 1.462582
-9999.000000 -9999.000000 -9999.000000 -9999.000000 -9999.000000 -9999.000000 -9999.000000 -9999.000000 -9999.000000 -9999.000000 -9999.000000 -9999.000000 -9999.000000 -9999.000000 -9999.000000 -9999.000000 -9999.000000 -9999.000000 -9999.000000 5.925997 5.313252 5.312976 5.101650 5.101247 5.097617 4.385687 4.386452 2.790792 2.790792 2.791405 1.689087 1.689106 1.708123 1.708150 1.708152 2.193655 2.192750 2.443355 2.442925 2.442652 1.839276 1.839168 1.075449 1.077553 1.079622 1.796206 1.794285 1.698775 1.698396 1.699219 1.450708 1.449043 1.327917 1.329281 1.327902 1.465015 1.462761
-9999.000000 -9999.000000 -9999.000000 -9999.000000 -9999.000000 -9999.000000 -9999.000000 -9999.000000 -9999.000000 -9999.000000 -9999.000000 -9999.000000 -9999.000000 -9999.000000 -9999.000000 -9999.000000 -9999.000000 -9999.000000 6.301584 6.301906 5.981863 5.981737 5.434911 5.433894 5.433386 4.748751 4.747001 4.377139 4.376922 4.377355 3.228992 3.229212 2.451113 2.450642 2.450289 2.595210 2.594886 2.293975 2.293726 2.293820 1.373776 1.374231 1.407215 1.407668 1.409069 1.737306 1.737300 2.216886 2.222975 2.219756 1.853438 1.855460 1.784946 1.784302 1.784941 1.480539 1.479910
-9999.000000 -9999.000000 -9999.000000 -9999.000000 -9999.000000 -9999.000000 -9999.000000 -9999.000000 -9999.000000 -9999.000000 -9999.000000 -9999.000000 -9999.000000 -9999.000000 -9999.000000 -9999.000000 -9999.000000 -9999.000000 -9999.000000 6.298966 5.981231 5.982239 5.436243 5.435100 5.433957 4.750995 4.747733 4.379163 4.377539 4.377864 3.230680 3.230240 2.453060 2.452473 2.452277 2.597210 2.597164 2.295732 2.295237 2.294803 1.376185 1.376949 1.409197 1.410949 1.414472 1.739166 1.739182 2.220447 2.223356 2.222771 1.856632 1.856979 1.785079 1.786204 1.785587 1.482678 1.480985
-9999.000000 -9999.000000 -9999.000000 -9999.000000 -9999.000000 -9999.000000 -9999.000000 -9999.000000 -9999.000000 -9999.000000 -9999.000000 -9999.000000 -9999.000000 -9999.000000 -9999.000000 -9999.000000 -9999.000000 -9999.000000 -9999.000000 5.645178 5.625687 5.628536 5.653412 5.654746 5.653190 5.569063 5.567640 5.386152 5.382274 5.382153 5.052024 5.052621 4.189436 4.187797 4.188719 3.829180 3.829180 2.833375 2.831357 2.831467 1.544958 1.545455 2.195564 2.188412 2.183790 2.321944 2.317908 2.750488 2.752393 2.753027 2.230760 2.234138 2.386877 2.380822 2.376143 1.976684 1.975383
-9999.000000 -9999.000000 -9999.000000 -9999.000000 -9999.000000 -9999.000000 -9999.000000 -9999.000000 -9999.000000 -9999.000000 -9999.000000 -9999.000000 -9999.000000 -9999.000000 -9999.000000 -9999.000000 -9999.000000 -9999.000000 -9999.000000 5.637633 5.617993 5.622396 5.649113 5.651009 5.650229 5.569091 5.568854 5.384316 5.385164 5.382741 5.052186 5.051230 4.190092 4.189785 4.188454 3.831131 3.829396 2.834947 2.832771 2.828575 1.549668 1.549381 2.192543 2.187464 2.182971 2.318529 2.321332 2.754373 2.753782 2.756141 2.234594 2.238643 2.393547 2.394005 2.390877 1.979557 1.978551
-9999.000000 -9999.000000 -9999.000000 -9999.000000 -9999.000000 -9999.000000 -9999.000000 -9999.000000 -9999.000000 -9999.000000 -9999.000000 -9999.000000 -9999.000000 -9999.000000 -9999.000000 -9999.000000 -9999.000000 -9999.000000 -9999.000000 5.630331 5.610869 5.614475 5.637955 5.642112 5.644913 5.562711 5.563424 5.381994 5.382843 5.382843 5.053423 5.052945 4.189828 4.189931 4.188907 3.827603 3.823760 2.826130 2.828910 2.827330 1.551995 1.554939 2.184479 2.181645 2.179897 2.321344 2.320884 2.756266 2.756434 2.758783 2.241184 2.242084 2.398415 2.398443 2.392966 1.977197 1.981553
-9999.000000 -9999.000000 -9999.000000 -9999.000000 -9999.000000 -9999.000000 -9999.000000 -9999.000000 -9999.000000 -9999.000000 -9999.000000 -9999.000000 -9999.000000 -9999.000000 -9999.000000 -9999.000000 -9999.000000 -9999.000000 -9999.000000 3.904450 4.395966 4.397489 4.824615 4.829991 4.833152 5.424522 5.433266 5.202966 5.204641 5.205164 5.222426 5.222321 4.355130 4.351794 4.345378 3.008356 3.013966 2.308597 2.307755 2.300926 2.660755 2.665024 2.901276 2.901048 2.898810 2.261798 2.268451 2.482654 2.488988 2.485413 1.517239 1.527049 1.218441 1.222035 1.226359 1.845301 1.845299
-9999.000000 -9999.000000 -9999.000000 -9999.000000 -9999.000000 -9999.000000 -9999.000000 -9999.000000 -9999.000000 -9999.000000 -9999.000000 -9999.000000 -9999.000000 -9999.000000 -9999.000000 -9999.000000 -9999.000000 -9999.000000 -9999.000000 3.897219 4.386049 4.388234 4.812700 4.816090 4.823900 5.422270 5.428871 5.204107 5.194341 5.198236 5.199565 5.210622 4.345656 4.346029 4.336684 3.017392 3.013340 2.303129 2.294276 2.296174 2.664919 2.671160 2.906512 2.902791 2.887573 2.271285 2.270150 2.481413 2.492784 2.485211 1.520614 1.524548 1.216545 1.217789 1.223969 1.847652 1.847624
-9999.000000 -9999.000000 -9999.000000 -9999.000000 -9999.000000 -9999.000000 -9999.000000 -9999.000000 -9999.000000 -9999.000000 -9999.000000 -9999.000000 -9999.000000 -9999.000000 -9999.000000 -9999.000000 -9999.000000 -9999.000000 -9999.000000 3.762150 3.225499 3.228953 3.607836 3.610506 3.606370 4.222088 4.241256 4.110422 4.106976 4.097553 4.708361 4.698255 4.136525 4.139357 4.136789 3.697386 3.683695 3.690304 3.695244 3.697637 3.093673 3.091425 2.497915 2.487689 2.501763 2.124505 2.120847 2.181881 2.186727 2.181414 1.817058 1.816913 1.999299 1.997584 1.997524 2.149930 2.138307
-9999.000000 -9999.000000 -9999.000000 -9999.000000 -9999.000000 -9999.000000 -9999.000000 -9999.000000 -9999.000000 -9999.000000 -9999.000000 -9999.000000 -9999.000000 -9999.000000 -9999.000000 -9999.000000 -9999.000000 -9999.000000 -9999.000000 3.746251 3.211998 3.197764 3.556604 3.608490 3.627811 4.232221 4.217577 4.069658 4.066231 4.081028 4.699892 4.697609 4.132254 4.120088 4.109922 3.693006 3.696587 3.705432 3.704009 3.703262 3.093553 3.087406 2.502676 2.507134 2.506602 2.125894 2.117430 2.185863 2.188074 2.183908 1.819293 1.819288 2.001466 2.000547 1.999190 2.149218 2.150046
-9999.000000 -9999.000000 -9999.000000 -9999.000000 -9999.000000 -9999.000000 -9999.000000 -9999.000000 -9999.000000 -9999.000000 -9999.000000 -9999.000000 -9999.000000 -9999.000000 -9999.000000 -9999.000000 -9999.000000 -9999.000000 -9999.000000 -9999.000000 -9999.000000 -9999.000000 -9999.000000 -9999.000000 3.629687 4.235560 4.228079 4.095355 4.096341 4.091936 4.695542 4.683933 4.120930 4.117897 4.125090 3.700946 3.703292 3.707909 3.703510 3.697660 3.086859 3.102371 2.512799 2.512799 2.511775 2.127664 2.132325 2.191165 2.184519 2.193461 1.821775 1.821951 2.002175 2.000531 2.001889 2.156830 2.152970
