Data/ET/20200108.L5.pakistan.eto.forecast.txt
ncols    	169
nrows    	134
xllcorner	60.9
yllcorner	23.7
cellsize 	0.1
NODATA_value  -9999
[rows 75 to 99 of 134, columns 57 to 113 of 169]
1.749289 1.749526 1.749529 1.918637 1.920467 2.683391 2.711201 2.714428 4.230248 4.256485 6.360877 6.371323 6.372366 6.400744 6.399513 4.703796 4.692560 4.609519 3.203598 3.182679 3.220394 3.238309 3.247853 3.554789 3.558814 3.804331 3.813374 3.812630 3.840611 3.870075 4.333587 4.333360 4.284508 4.551004 4.605649 3.365250 3.366709 3.367973 3.531461 3.531982 4.247873 4.247737 4.247467 5.344960 5.345300 5.661795 5.662157 5.661976 5.673688 5.673159 5.828273 5.827741 5.827387 5.737518 5.737342 5.408285 5.407134
1.750458 1.750297 1.750078 1.918318 1.921271 2.681154 2.686990 2.695484 4.242563 4.265988 6.370791 6.372875 6.375305 6.403713 6.402308 4.704640 4.694482 4.667833 3.236751 3.223731 3.255761 3.247150 3.260267 3.562345 3.566350 3.821920 3.806966 3.816547 3.869308 3.877663 4.352642 4.355678 4.307708 4.581645 4.607500 3.367490 3.369722 3.371178 3.534487 3.534799 4.250551 4.250551 4.250551 5.347086 5.347426 5.664131 5.663950 5.663407 5.675595 5.674891 5.829828 5.829475 5.829652 5.738610 5.737732 5.408400 5.407907
1.895321 1.894685 1.894613 2.274917 2.275360 2.996564 3.005582 3.010899 4.071764 4.083773 4.577418 4.581604 4.582036 6.394005 6.394738 5.807485 5.796674 5.784817 4.243137 4.238687 4.138030 4.136288 4.137108 4.006953 4.007839 4.542982 4.543640 4.554013 4.517898 4.524049 5.042494 5.046457 5.035234 5.785160 5.817640 4.956569 4.960809 4.963253 5.350608 5.350608 5.822570 5.822022 5.822753 6.319749 6.319749 6.488286 6.488090 6.486913 6.459283 6.458900 6.398990 6.397854 6.397097 6.246465 6.245903 5.949827 5.949296
1.894551 1.892880 1.894694 2.258941 2.276147 3.004576 3.002110 3.009243 4.070402 4.092302 4.583923 4.585364 4.585075 6.397471 6.396921 5.811308 5.808323 5.799350 4.190703 4.177967 4.087601 4.110085 4.124272 4.016226 4.015541 4.545903 4.545684 4.546886 4.535087 4.537786 5.037276 5.048349 5.053661 5.784390 5.830745 4.961725 4.966445 4.966771 5.353324 5.353324 5.825044 5.824861 5.824679 6.322215 6.322215 6.489851 6.489655 6.488871 6.461143 6.460569 6.400714 6.399957 6.399011 6.248797 6.248423 5.951407 5.951054
1.895507 1.894652 1.894417 2.270770 2.268877 2.995084 2.985258 3.036038 4.065336 4.099538 4.586960 4.588398 4.587679 6.400383 6.398371 5.813304 5.812476 5.787352 4.239844 4.247815 4.176006 4.166571 4.153334 4.012452 3.990648 4.532477 4.542585 4.554482 4.524341 4.547108 5.042734 5.054050 5.105131 5.828354 5.839312 4.967846 4.969959 4.970122 5.355864 5.355864 5.826603 5.827880 5.826785 6.324097 6.323709 6.491807 6.491023 6.490632 6.462429 6.462046 6.401680 6.401113 6.400735 6.249446 6.249259 5.952280 5.952103
1.992267 1.989205 1.991250 2.453816 2.451912 3.298698 3.309115 3.344467 3.207579 3.211087 4.094910 4.094781 4.094263 5.824145 5.821816 6.219631 6.217437 6.211761 5.132301 5.121390 4.653020 4.661741 4.665522 4.825094 4.822119 5.418984 5.413516 5.403242 5.347687 5.373726 5.385277 5.393240 5.472661 5.740303 5.744383 6.784770 6.786212 6.786212 7.086615 7.085997 7.020067 7.019866 7.019665 7.097661 7.095388 7.197132 7.196716 7.195676 6.927508 6.927104 6.428500 6.427923 6.427346 6.050038 6.050038 5.759287 5.758944
1.991583 1.989012 1.991851 2.455762 2.464444 3.300928 3.307552 3.341317 3.212981 3.214294 4.098085 4.097698 4.097311 5.826392 5.825497 6.222877 6.220685 6.216847 5.142752 5.134605 4.638126 4.593377 4.630086 4.790099 4.755814 5.417152 5.429168 5.426240 5.386492 5.374767 5.463246 5.472577 5.486123 5.745996 5.748958 6.787491 6.788520 6.788520 7.088334 7.088334 7.022119 7.021717 7.021918 7.099553 7.098314 7.198948 7.198324 7.197284 6.929319 6.928915 6.430387 6.430387 6.429426 6.050347 6.050711 5.759826 5.760513
2.258253 2.263072 2.264993 2.498862 2.520697 3.626717 3.644489 3.646041 2.477721 2.478411 3.405263 3.405461 3.405065 5.164987 5.164659 5.927956 5.925980 5.924363 6.197490 6.186541 5.975207 5.961799 5.951573 5.783815 5.787173 5.668197 5.683489 5.652658 6.096063 6.099224 6.932630 6.946031 6.961190 6.932692 6.932283 7.038921 7.038123 7.038123 7.032299 7.031104 7.102665 7.102049 7.102870 7.101493 7.100864 6.900156 6.899539 6.898922 6.654187 6.653187 6.117029 6.117403 6.116469 5.914775 5.914416 5.666651 5.666993
2.262289 2.263836 2.266276 2.516338 2.516602 3.574925 3.593913 3.677154 2.480285 2.481022 3.408340 3.408241 3.408142 5.167678 5.167678 5.931612 5.930895 5.929101 6.202339 6.197061 5.983094 5.975997 5.973288 5.802416 5.802416 5.691180 5.695688 5.685994 6.097879 6.085035 6.941529 6.957112 6.970206 6.935066 6.935679 7.040638 7.040439 7.039841 7.033976 7.033579 7.104631 7.104426 7.104220 7.103587 7.102748 6.901625 6.901214 6.900803 6.654198 6.654598 6.118345 6.118531 6.117971 5.917064 5.916347 5.668915 5.666519
2.263715 2.267773 2.262502 2.517689 2.524165 3.593826 3.645303 3.680576 2.483141 2.483778 3.410821 3.411314 3.410821 5.170530 5.170857 5.934904 5.934904 5.934009 6.211350 6.207723 5.995831 5.987926 5.982362 5.809593 5.819229 5.696347 5.694011 5.704674 6.112819 6.118574 6.962917 6.970965 6.973375 6.937234 6.937234 7.042553 7.042155 7.041956 7.036249 7.036249 7.105159 7.105980 7.104749 7.104630 7.104002 6.903709 6.902888 6.902477 6.655807 6.655807 6.120405 6.119659 6.119285 5.917381 5.917023 5.668954 5.669125
2.204681 2.212839 2.212255 3.068466 3.105493 3.953907 3.994617 4.052760 3.205433 3.207276 3.382963 3.383729 3.383155 4.394047 4.394595 5.323230 5.323230 5.323392 6.105302 6.106205 6.414808 6.407457 6.407835 6.217830 6.214848 6.257620 6.254645 6.259293 6.657331 6.658512 6.842520 6.840711 6.844126 6.699181 6.698987 6.852150 6.852150 6.851951 6.968904 6.969314 6.907975 6.907350 6.907350 6.935855 6.935224 6.575872 6.574455 6.574455 6.271331 6.270942 5.791294 5.790937 5.790759 5.736671 5.736149 5.744702 5.745913
2.215007 2.214697 2.214638 3.089642 3.093400 3.989825 4.027265 4.048694 3.207691 3.209005 3.386379 3.386665 3.386474 4.397101 4.396964 5.325198 5.326005 5.326327 6.107828 6.108189 6.418888 6.418136 6.416819 6.223576 6.223019 6.268889 6.267408 6.266852 6.664213 6.664017 6.846162 6.846563 6.845961 6.701495 6.701689 6.854239 6.854239 6.854040 6.971334 6.971129 6.909728 6.909728 6.907644 6.936943 6.935472 6.576139 6.575734 6.574924 6.271985 6.273152 5.791728 5.791906 5.791372 5.737345 5.738214 5.745913 5.744702
2.421264 2.417977 2.423901 2.918029 2.950916 3.579771 3.612052 3.578777 3.017751 3.018596 3.067637 3.067558 3.067558 3.871114 3.871564 4.446162 4.446162 4.446564 5.036192 5.036345 5.418986 5.418165 5.417672 5.499307 5.499140 5.798100 5.798100 5.797570 6.182825 6.182269 6.407461 6.407461 6.407840 6.453543 6.453935 6.532921 6.532517 6.532719 6.613007 6.613629 6.694451 6.691517 6.691727 6.515905 6.514672 5.937017 5.936639 5.936071 5.784308 5.784853 5.593681 5.592819 5.591440 5.673635 5.673635 5.778758 -9999.000000
2.420855 2.406614 2.414173 2.951792 2.944695 3.557331 3.539664 3.619730 3.021073 3.021839 3.070571 3.070649 3.070649 3.874452 3.874564 4.448651 4.448784 4.448651 5.038821 5.037901 5.420231 5.419903 5.419575 5.501327 5.500994 5.800000 5.799824 5.799295 6.184795 6.184610 6.409677 6.410246 6.409487 6.456150 6.455954 6.535051 6.534445 6.534849 6.615064 6.613615 6.692877 6.692877 6.692667 6.516004 6.516004 5.938351 5.936272 5.937028 5.787381 5.787199 5.593067 5.592895 5.594446 5.676096 5.675237 -9999.000000 -9999.000000
2.426985 2.432120 2.433758 2.939823 2.944626 3.574394 3.510018 3.612144 3.022325 3.023930 3.073581 3.073659 3.073581 3.877226 3.877338 4.451805 4.451404 4.451004 5.040375 5.039762 5.421804 5.421968 5.421640 5.503347 5.502681 5.802076 5.801195 5.801195 6.186578 6.186764 6.412081 6.411891 6.412271 6.458167 6.457579 6.536977 6.536775 6.536977 6.615257 6.614636 6.695491 6.694235 6.694026 6.517746 6.518362 5.937607 5.936283 5.936661 5.786099 5.787912 5.595382 5.595899 5.594693 5.675977 -9999.000000 -9999.000000 -9999.000000
3.396541 3.393723 3.414650 3.436114 3.431574 3.675472 3.610266 3.688113 2.945998 2.954701 1.401229 1.401302 1.401254 2.977985 2.977843 3.562343 3.562145 3.562145 4.058443 4.058324 4.577194 4.576778 4.576917 4.944224 4.944224 5.409163 5.409331 5.409331 5.807684 5.807684 6.044716 6.044332 6.043949 5.910735 5.911124 5.860024 5.860218 5.858662 6.028648 6.025280 6.076362 6.073391 6.069426 5.860920 5.863383 5.789418 5.787213 5.791806 5.763276 5.763993 5.651591 5.650379 5.650032 -9999.000000 -9999.000000 -9999.000000 -9999.000000
3.383701 3.372335 3.375210 3.462183 3.437909 3.629847 3.644043 3.679753 2.922458 2.957730 1.404416 1.404367 1.404367 2.980835 2.980622 3.565041 3.564746 3.564647 4.061484 4.060535 4.578772 4.578911 4.578911 4.945939 4.945939 5.411905 5.411738 5.412073 5.810434 5.810072 6.046867 6.046675 6.046675 5.913000 5.913194 5.864179 5.861071 -9999.000000 -9999.000000 -9999.000000 6.072056 6.069479 6.075423 5.862286 5.862097 5.789777 5.791980 5.790144 5.765872 5.765693 5.651873 5.651008 5.650315 -9999.000000 -9999.000000 -9999.000000 -9999.000000
4.488410 4.447912 4.495455 3.625388 3.630155 3.841508 3.878076 3.920027 3.374368 3.463237 1.567370 1.567370 1.567370 1.795683 1.795677 2.582030 2.581932 2.581981 3.314928 3.314494 4.158344 4.157469 4.157469 4.878938 4.879246 5.474699 5.475054 5.474699 5.762769 5.762390 5.495515 5.494962 5.495330 5.364688 5.364326 5.614164 -9999.000000 -9999.000000 -9999.000000 -9999.000000 5.960862 5.963751 5.964906 5.853732 5.852049 5.527014 5.528602 5.528955 5.466939 5.465051 5.407767 -9999.000000 -9999.000000 -9999.000000 -9999.000000 -9999.000000 -9999.000000
4.498867 4.503389 4.488428 3.639728 3.643447 3.886116 3.846144 3.877347 3.437745 3.464567 1.570422 1.570422 1.570435 1.798700 1.798695 2.584859 2.584859 2.584712 3.317307 3.317221 4.160496 4.160745 4.159871 4.882534 4.881613 5.477099 5.477099 5.476922 5.762283 5.764179 5.495652 5.497678 5.496020 5.366266 5.364275 -9999.000000 -9999.000000 -9999.000000 -9999.000000 -9999.000000 -9999.000000 5.964329 5.964137 5.852227 5.855965 -9999.000000 -9999.000000 -9999.000000 -9999.000000 -9999.000000 -9999.000000 -9999.000000 -9999.000000 -9999.000000 -9999.000000 -9999.000000 -9999.000000
4.502060 4.506428 4.476597 3.598622 3.614218 3.835693 3.846433 3.927726 3.460722 3.467654 1.573511 1.573498 1.573525 1.801715 1.801714 2.587685 2.587491 2.587539 3.319945 3.319858 4.162896 4.162896 4.162272 4.883978 4.884284 5.479675 5.479498 5.478081 5.766534 5.764830 5.499656 5.498367 5.498920 5.367842 5.366034 -9999.000000 -9999.000000 -9999.000000 -9999.000000 -9999.000000 -9999.000000 -9999.000000 -9999.000000 -9999.000000 -9999.000000 -9999.000000 -9999.000000 -9999.000000 -9999.000000 -9999.000000 -9999.000000 -9999.000000 -9999.000000 -9999.000000 -9999.000000 -9999.000000 -9999.000000
5.045916 5.048965 5.047794 4.569164 4.592679 3.981381 3.977116 4.065154 3.198346 3.205519 1.126038 1.126038 1.126131 1.484504 1.484524 1.866350 1.866330 1.866319 2.934039 2.934039 3.853666 3.853329 3.853554 4.690644 4.698665 5.138166 5.137480 5.136280 4.854048 4.853393 4.523512 4.523815 4.521994 4.775517 -9999.000000 -9999.000000 -9999.000000 -9999.000000 -9999.000000 -9999.000000 -9999.000000 -9999.000000 -9999.000000 -9999.000000 -9999.000000 -9999.000000 -9999.000000 -9999.000000 -9999.000000 -9999.000000 -9999.000000 -9999.000000 -9999.000000 -9999.000000 -9999.000000 -9999.000000 -9999.000000
5.045432 5.047857 5.068135 4.568649 4.599372 3.989722 3.988440 4.070155 3.204881 3.209427 1.129372 1.129559 1.129512 1.487628 1.487689 1.869362 1.869367 1.869352 2.937118 2.937052 3.856270 3.856270 3.855373 4.698397 4.700664 5.140201 5.138316 5.140030 4.854245 4.857678 4.525215 4.525670 4.525670 -9999.000000 -9999.000000 -9999.000000 -9999.000000 -9999.000000 -9999.000000 -9999.000000 -9999.000000 -9999.000000 -9999.000000 -9999.000000 -9999.000000 -9999.000000 -9999.000000 -9999.000000 -9999.000000 -9999.000000 -9999.000000 -9999.000000 -9999.000000 -9999.000000 -9999.000000 -9999.000000 -9999.000000
4.327796 4.341867 4.358951 5.271838 5.277853 5.318999 5.413347 5.482083 6.101342 6.113633 4.603455 4.603593 4.603178 4.095401 4.095036 3.689841 3.690561 3.689532 3.828536 3.828319 4.323403 4.322199 4.314294 4.505053 4.507395 4.528046 4.526549 4.524003 4.142664 4.141584 3.920413 3.916884 -9999.000000 -9999.000000 -9999.000000 -9999.000000 -9999.000000 -9999.000000 -9999.000000 -9999.000000 -9999.000000 -9999.000000 -9999.000000 -9999.000000 -9999.000000 -9999.000000 -9999.000000 -9999.000000 -9999.000000 -9999.000000 -9999.000000 -9999.000000 -9999.000000 -9999.000000 -9999.000000 -9999.000000 -9999.000000
4.332734 4.344616 4.339417 5.275781 5.289446 5.257857 5.431837 5.488360 6.102658 6.114755 4.606083 4.606221 4.605945 4.097836 4.097472 3.692930 3.692519 3.692416 3.831165 3.830949 4.325888 4.322010 4.317727 4.507730 4.509338 4.529370 4.531314 4.527425 4.143470 4.144279 3.922440 -9999.000000 -9999.000000 -9999.000000 -9999.000000 -9999.000000 -9999.000000 -9999.000000 -9999.000000 -9999.000000 -9999.000000 -9999.000000 -9999.000000 -9999.000000 -9999.000000 -9999.000000 -9999.000000 -9999.000000 -9999.000000 -9999.000000 -9999.000000 -9999.000000 -9999.000000 -9999.000000 -9999.000000 -9999.000000 -9999.000000
4.341917 4.328197 4.326037 5.271769 5.277998 5.337163 5.415041 5.493707 6.114019 6.118104 4.608985 4.608847 4.608709 4.100270 4.099543 3.695195 3.695195 3.695400 3.833900 3.833684 4.328102 4.325298 4.322091 4.509820 4.509820 4.529199 4.532337 4.528750 4.144141 4.144950 -9999.000000 -9999.000000 -9999.000000 -9999.000000 -9999.000000 -9999.000000 -9999.000000 -9999.000000 -9999.000000 -9999.000000 -9999.000000 -9999.000000 -9999.000000 -9999.000000 -9999.000000 -9999.000000 -9999.000000 -9999.000000 -9999.000000 -9999.000000 -9999.000000 -9999.000000 -9999.000000 -9999.000000 -9999.000000 -9999.000000 -9999.000000
