Data/ET/20200108.L1.pakistan.eto.forecast.txt
ncols    	169
nrows    	134
xllcorner	60.9
yllcorner	23.7
cellsize 	0.1
NODATA_value  -9999
[rows 75 to 99 of 134, columns 57 to 113 of 169]
2.115772 2.119401 2.119447 1.339162 1.334488 1.184745 1.159546 1.156591 0.727129 0.711889 1.187551 1.185674 1.185486 1.296764 1.296926 1.003162 1.006806 1.033622 0.850726 0.865646 1.550963 1.549371 1.548550 1.959456 1.960306 2.327181 2.330879 2.330574 2.140717 2.149316 1.617706 1.617712 1.618995 1.888027 1.894189 2.983465 2.984657 2.985689 2.615490 2.615784 2.361016 2.360969 2.360877 2.291893 2.291979 2.164071 2.164141 2.164106 2.380571 2.380426 2.747135 2.746924 2.746784 2.672231 2.672166 2.445106 2.444745
2.121335 2.118729 2.115083 1.343909 1.336226 1.189562 1.184287 1.176571 0.723500 0.709818 1.188828 1.188452 1.188013 1.299301 1.299487 1.006104 1.009412 1.018076 0.830753 0.840098 1.550430 1.551178 1.550044 1.963171 1.964016 2.336091 2.329980 2.333890 2.151123 2.153577 1.619995 1.619925 1.621155 1.894006 1.896929 2.985853 2.987676 2.988865 2.618804 2.618980 2.364183 2.364183 2.364183 2.294866 2.294951 2.167030 2.166995 2.166890 2.383416 2.383223 2.749791 2.749650 2.749721 2.674660 2.674334 2.447228 2.447073
2.336916 2.332722 2.332245 1.579690 1.579540 1.293445 1.288331 1.285308 0.938400 0.933236 1.206523 1.205625 1.205532 1.407234 1.407169 1.244453 1.246240 1.248200 1.357827 1.358565 1.233371 1.233840 1.233619 1.851475 1.851580 1.971935 1.972044 1.973768 1.980196 1.981198 2.024176 2.024819 2.023003 2.556704 2.566717 2.497660 2.499025 2.499813 2.145722 2.145722 2.632782 2.632596 2.632845 2.882959 2.882959 2.554060 2.554002 2.553656 3.156648 3.156465 3.472992 3.472342 3.471909 3.084982 3.084715 3.075985 3.075719
2.328463 2.317378 2.329416 1.588043 1.581445 1.291317 1.292728 1.288644 0.942299 0.932844 1.208277 1.207967 1.208029 1.409680 1.409729 1.246780 1.247276 1.248768 1.369401 1.371563 1.250000 1.243895 1.240046 1.854837 1.854757 1.974639 1.974603 1.974800 1.985282 1.985724 2.025737 2.027518 2.028377 2.558658 2.572935 2.501578 2.503096 2.503201 2.149074 2.149074 2.635892 2.635830 2.635767 2.885996 2.885996 2.556893 2.556836 2.556605 3.159497 3.159223 3.475667 3.475235 3.474694 3.087841 3.087663 3.078514 3.078337
2.331398 2.325640 2.324056 1.585649 1.586388 1.299203 1.304840 1.275487 0.947809 0.932987 1.210772 1.210460 1.210616 1.412172 1.412351 1.249406 1.249545 1.253746 1.363878 1.362534 1.228914 1.231484 1.235091 1.856666 1.854189 1.974691 1.976322 1.978263 1.985824 1.989516 2.029013 2.030826 2.039197 2.574348 2.577741 2.505802 2.506480 2.506532 2.152391 2.152391 2.638689 2.639122 2.638750 2.888797 2.888641 2.559839 2.559610 2.559495 3.162070 3.161888 3.477909 3.477585 3.477369 3.089899 3.089810 3.080688 3.080599
2.536717 2.517423 2.530272 1.493976 1.494879 1.637447 1.637254 1.636813 0.833827 0.831440 1.844128 1.844114 1.844060 1.896381 1.896163 1.678180 1.678158 1.678100 1.832233 1.831371 1.624527 1.624381 1.624320 1.217967 1.218673 1.353625 1.354447 1.355993 1.422850 1.419860 1.657071 1.656979 1.656263 1.854028 1.854307 1.628815 1.628798 1.628798 2.446401 2.446254 3.485754 3.485648 3.485542 3.507558 3.506363 3.340369 3.340162 3.339644 3.564048 3.563819 3.684341 3.683980 3.683618 3.560015 3.560015 3.422638 3.422425
2.530095 2.513842 2.531798 1.495345 1.491221 1.639542 1.639404 1.638878 0.834335 0.833439 1.846785 1.846745 1.846705 1.898937 1.898854 1.680816 1.680795 1.680758 1.835483 1.834840 1.627328 1.628272 1.627487 1.229274 1.237453 1.356846 1.355026 1.355469 1.421493 1.422846 1.659309 1.659233 1.659132 1.857337 1.857537 1.632196 1.632183 1.632183 2.449519 2.449519 3.488772 3.488560 3.488666 3.510364 3.509713 3.343014 3.342703 3.342186 3.566672 3.566444 3.687022 3.687022 3.686420 3.561713 3.561940 3.424575 3.425001
2.130758 2.140503 2.144491 1.481264 1.469869 1.450334 1.447641 1.447407 1.190804 1.190333 2.176181 2.176251 2.176112 2.575093 2.574975 2.239834 2.239414 2.239071 3.133920 3.128473 3.619639 3.610627 3.603773 2.695010 2.696310 2.207718 2.210941 2.204467 1.615772 1.615701 1.423886 1.422741 1.421449 1.467864 1.467893 2.119042 2.118926 2.118926 3.316102 3.315522 3.840859 3.840487 3.840983 3.679827 3.679469 3.659100 3.658741 3.658383 4.036260 4.035572 3.953382 3.953649 3.952982 3.988586 3.988316 4.049633 4.049908
2.139622 2.142794 2.147877 1.474676 1.474537 1.460859 1.457857 1.445088 1.193426 1.192920 2.178981 2.178946 2.178912 2.577869 2.577869 2.242903 2.242751 2.242371 3.137922 3.135295 3.626059 3.621279 3.619456 2.704011 2.704011 2.214801 2.215755 2.213706 1.618687 1.618991 1.426333 1.424990 1.423864 1.471314 1.471270 2.122322 2.122293 2.122207 3.319041 3.318848 3.843721 3.843597 3.843473 3.682568 3.682092 3.661419 3.661180 3.660941 4.037566 4.037841 3.955646 3.955780 3.955380 3.991615 3.991075 4.052826 4.050898
2.143265 2.151721 2.140792 1.476527 1.473094 1.460349 1.452281 1.446896 1.195843 1.195403 2.181570 2.181742 2.181570 2.580702 2.580819 2.245892 2.245892 2.245702 3.143998 3.142189 3.635755 3.630419 3.626669 2.708581 2.712333 2.218121 2.217628 2.219882 1.621285 1.621149 1.427679 1.426981 1.426772 1.474775 1.474775 2.125628 2.125571 2.125543 3.322266 3.322266 3.845715 3.846210 3.845468 3.684713 3.684356 3.664094 3.663617 3.663378 4.039970 4.039970 3.958442 3.957909 3.957643 3.993157 3.992887 4.054228 4.054365
2.002524 2.010347 2.009771 1.304091 1.280935 1.552059 1.548731 1.544224 1.830912 1.831138 3.052455 3.053141 3.052627 3.185536 3.185904 2.683422 2.683422 2.683484 3.167648 3.168093 4.066572 4.061265 4.061537 3.934652 3.932536 3.690425 3.688522 3.691495 3.274315 3.274900 2.811383 2.810751 2.811946 2.494952 2.494901 3.111275 3.111275 3.111188 3.803336 3.803579 3.804892 3.804519 3.804519 3.752132 3.751761 3.963504 3.962561 3.962561 4.089923 4.089643 4.037645 4.037370 4.037233 4.135422 4.134997 4.367243 4.368302
2.013976 2.013669 2.013610 1.293720 1.291349 1.551608 1.548600 1.546933 1.833541 1.833700 3.055814 3.056071 3.055900 3.188706 3.188615 2.686433 2.686745 2.686870 3.170893 3.171070 4.070858 4.070315 4.069364 3.940104 3.939708 3.699209 3.698260 3.697904 3.279730 3.279632 2.815124 2.815265 2.815054 2.498297 2.498348 3.114449 3.114449 3.114362 3.806540 3.806418 3.807471 3.807471 3.806230 3.754228 3.753362 3.965000 3.964730 3.964192 4.091616 4.092457 4.039199 4.039336 4.038924 4.137203 4.137911 4.369557 4.368499
2.164585 2.161561 2.167038 1.529865 1.521402 1.522537 1.518633 1.522659 1.956316 1.956514 2.990693 2.990613 2.990613 2.723565 2.723820 2.229782 2.229782 2.229886 2.689449 2.689513 3.137904 3.137457 3.137190 3.188551 3.188460 3.262318 3.262318 3.262030 3.333875 3.333577 3.364178 3.364178 3.364377 3.619694 3.619921 4.032301 4.032032 4.032166 4.243408 4.243847 4.383560 4.381405 4.381559 4.407317 4.406390 4.358002 4.357698 4.357241 4.353987 4.354443 4.373092 4.372331 4.371113 4.335563 4.335563 4.489428 -9999.000000
2.165930 2.153204 2.159875 1.523794 1.525620 1.528021 1.530295 1.520297 1.959222 1.959401 2.993834 2.993914 2.993914 2.727204 2.727268 2.233138 2.233173 2.233138 2.692780 2.692397 3.140467 3.140289 3.140111 3.191493 3.191311 3.265248 3.265152 3.264865 3.336900 3.336801 3.367314 3.367612 3.367214 3.622930 3.622816 4.035171 4.034768 4.035037 4.246100 4.245076 4.383560 4.383560 4.383406 4.408481 4.408481 4.360040 4.358365 4.358974 4.357529 4.357378 4.373581 4.373429 4.374797 4.338934 4.338183 -9999.000000 -9999.000000
2.173307 2.178134 2.179693 1.529547 1.528284 1.528528 1.536990 1.523802 1.961644 1.962017 2.997052 2.997132 2.997052 2.730522 2.730585 2.236663 2.236560 2.236457 2.695661 2.695407 3.143208 3.143297 3.143119 3.194433 3.194070 3.268272 3.267794 3.267794 3.339824 3.339923 3.370545 3.370446 3.370645 3.625823 3.625483 4.037905 4.037771 4.037905 4.247475 4.247036 4.386635 4.385714 4.385560 4.410879 4.411342 4.360403 4.359339 4.359643 4.357427 4.358944 4.376654 4.377109 4.376046 4.340052 -9999.000000 -9999.000000 -9999.000000
2.189306 2.187884 2.198660 1.758357 1.758289 1.497935 1.508480 1.495946 1.374564 1.371666 2.676130 2.675947 2.676069 2.320657 2.320578 1.787114 1.787104 1.787104 3.072847 3.072762 3.197459 3.197182 3.197274 3.273750 3.273750 3.512334 3.512444 3.512444 3.902919 3.902919 4.250231 4.249940 4.249649 4.501879 4.502199 4.632965 4.633131 4.631807 4.765272 4.762379 4.819283 4.816707 4.813271 4.847772 4.850022 4.838100 4.836027 4.840344 4.872540 4.873237 4.849312 4.848106 4.847761 -9999.000000 -9999.000000 -9999.000000 -9999.000000
2.185075 2.179587 2.180962 1.761348 1.760923 1.508068 1.505734 1.499960 1.386320 1.374332 2.679135 2.679257 2.679257 2.324080 2.323961 1.790623 1.790610 1.790605 3.076385 3.075706 3.199969 3.200061 3.200061 3.276398 3.276398 3.515687 3.515577 3.515797 3.906202 3.905943 4.252932 4.252787 4.252787 4.504575 4.504735 4.637262 4.634618 -9999.000000 -9999.000000 -9999.000000 4.816273 4.814041 4.819192 4.849676 4.849503 4.839143 4.841214 4.839489 4.875830 4.875656 4.850536 4.849675 4.848986 -9999.000000 -9999.000000 -9999.000000 -9999.000000
2.290959 2.273230 2.294160 2.008655 2.009682 1.700400 1.699664 1.699060 1.769045 1.771506 3.285567 3.285567 3.285567 2.033347 2.033285 2.099738 2.099688 2.099713 3.236294 3.235825 3.435028 3.434296 3.434296 3.921647 3.921910 4.305975 4.306279 4.305975 4.629664 4.629329 4.790423 4.789900 4.790249 5.078831 5.078460 5.094953 -9999.000000 -9999.000000 -9999.000000 -9999.000000 5.135368 5.138124 5.139226 5.077749 5.076119 5.105073 5.106716 5.107081 5.144223 5.142204 5.136656 -9999.000000 -9999.000000 -9999.000000 -9999.000000 -9999.000000 -9999.000000
2.297965 2.300040 2.293235 2.014125 2.014937 1.701953 1.702795 1.702118 1.773528 1.774376 3.288797 3.288797 3.288702 2.036746 2.036685 2.103190 2.103190 2.103116 3.239010 3.238917 3.437722 3.437931 3.437200 3.925626 3.924837 4.308845 4.308845 4.308693 4.629952 4.631624 4.791011 4.792924 4.791359 5.080684 5.078645 -9999.000000 -9999.000000 -9999.000000 -9999.000000 -9999.000000 -9999.000000 5.139244 5.139061 5.076905 5.080523 -9999.000000 -9999.000000 -9999.000000 -9999.000000 -9999.000000 -9999.000000 -9999.000000 -9999.000000 -9999.000000 -9999.000000 -9999.000000 -9999.000000
2.301663 2.303665 2.290265 2.007970 2.011122 1.705575 1.705291 1.703678 1.777085 1.777306 3.291740 3.291835 3.291645 2.040144 2.040123 2.106639 2.106541 2.106566 3.242006 3.241913 3.440623 3.440623 3.440102 3.927762 3.928025 4.311865 4.311713 4.310499 4.634418 4.632914 4.795250 4.794034 4.794555 5.082535 5.080683 -9999.000000 -9999.000000 -9999.000000 -9999.000000 -9999.000000 -9999.000000 -9999.000000 -9999.000000 -9999.000000 -9999.000000 -9999.000000 -9999.000000 -9999.000000 -9999.000000 -9999.000000 -9999.000000 -9999.000000 -9999.000000 -9999.000000 -9999.000000 -9999.000000 -9999.000000
2.643261 2.645215 2.644463 2.350314 2.360215 1.963484 1.962876 1.976094 1.398145 1.396053 2.415487 2.415487 2.415399 1.851090 1.851083 2.634071 2.633836 2.633718 3.265440 3.265440 3.732423 3.732061 3.732303 4.334759 4.342948 4.850734 4.850017 4.848762 5.104054 5.103297 5.286143 5.286534 5.284189 5.432489 -9999.000000 -9999.000000 -9999.000000 -9999.000000 -9999.000000 -9999.000000 -9999.000000 -9999.000000 -9999.000000 -9999.000000 -9999.000000 -9999.000000 -9999.000000 -9999.000000 -9999.000000 -9999.000000 -9999.000000 -9999.000000 -9999.000000 -9999.000000 -9999.000000 -9999.000000 -9999.000000
2.645081 2.646629 2.659748 2.352198 2.365121 1.966906 1.966723 1.978984 1.400282 1.398947 2.418983 2.418809 2.418853 1.854613 1.854592 2.637227 2.637286 2.637110 3.268859 3.268764 3.735355 3.735355 3.734392 4.342963 4.345277 4.853033 4.851063 4.852854 5.104218 5.108189 5.287974 5.288560 5.288560 -9999.000000 -9999.000000 -9999.000000 -9999.000000 -9999.000000 -9999.000000 -9999.000000 -9999.000000 -9999.000000 -9999.000000 -9999.000000 -9999.000000 -9999.000000 -9999.000000 -9999.000000 -9999.000000 -9999.000000 -9999.000000 -9999.000000 -9999.000000 -9999.000000 -9999.000000 -9999.000000 -9999.000000
2.587470 2.595281 2.604896 2.100556 2.101744 1.555593 1.545376 1.538124 2.566200 2.569764 2.476004 2.476050 2.475912 2.293417 2.293307 3.137481 3.138104 3.137214 3.577306 3.577081 4.303405 4.302037 4.293065 4.758767 4.761573 5.167810 5.165880 5.162599 5.470560 5.468928 5.657255 5.651395 -9999.000000 -9999.000000 -9999.000000 -9999.000000 -9999.000000 -9999.000000 -9999.000000 -9999.000000 -9999.000000 -9999.000000 -9999.000000 -9999.000000 -9999.000000 -9999.000000 -9999.000000 -9999.000000 -9999.000000 -9999.000000 -9999.000000 -9999.000000 -9999.000000 -9999.000000 -9999.000000 -9999.000000 -9999.000000
2.592214 2.598810 2.595916 2.103788 2.106493 1.565449 1.546281 1.540270 2.569013 2.572511 2.479416 2.479462 2.479370 2.296731 2.296621 3.140859 3.140504 3.140415 3.580298 3.580073 4.306234 4.301831 4.296970 4.761843 4.763770 5.169110 5.171616 5.166603 5.470964 5.472187 5.659495 -9999.000000 -9999.000000 -9999.000000 -9999.000000 -9999.000000 -9999.000000 -9999.000000 -9999.000000 -9999.000000 -9999.000000 -9999.000000 -9999.000000 -9999.000000 -9999.000000 -9999.000000 -9999.000000 -9999.000000 -9999.000000 -9999.000000 -9999.000000 -9999.000000 -9999.000000 -9999.000000 -9999.000000 -9999.000000 -9999.000000
2.599305 2.591738 2.590555 2.105464 2.106676 1.559585 1.550983 1.542502 2.574721 2.575902 2.482916 2.482871 2.482825 2.300043 2.299824 3.143524 3.143524 3.143702 3.583399 3.583175 4.308758 4.305573 4.301931 4.764216 4.764216 5.168483 5.172529 5.167904 5.471164 5.472387 -9999.000000 -9999.000000 -9999.000000 -9999.000000 -9999.000000 -9999.000000 -9999.000000 -9999.000000 -9999.000000 -9999.000000 -9999.000000 -9999.000000 -9999.000000 -9999.000000 -9999.000000 -9999.000000 -9999.000000 -9999.000000 -9999.000000 -9999.000000 -9999.000000 -9999.000000 -9999.000000 -9999.000000 -9999.000000 -9999.000000 -9999.000000
