Data/ET/20200108.L7.pakistan.eto.forecast.weekly.txt
ncols    	169
nrows    	134
xllcorner	60.9
yllcorner	23.7
cellsize 	0.1
NODATA_value  -9999
[rows 50 to 74 of 134, columns 56 to 111 of 169]
-9999.000000 -9999.000000 -9999.000000 -9999.000000 -9999.000000 -9999.000000 -9999.000000 -9999.000000 -9999.000000 -9999.000000 -9999.000000 -9999.000000 -9999.000000 -9999.000000 -9999.000000 -9999.000000 -9999.000000 -9999.000000 -9999.000000 -9999.000000 -9999.000000 -9999.000000 -9999.000000 -9999.000000 -9999.000000 -9999.000000 -9999.000000 -9999.000000 17.588085 18.093476 18.068229 21.708564 21.735247 21.744379 22.706174 22.811154 31.335904 31.349572 31.387468 36.809834 36.819935 36.495654 36.499884 36.510455 31.365150 31.364247 25.533870 25.524858 25.523570 29.380438 29.380438 31.513445 31.510596 31.516294 29.596576 29.596576
-9999.000000 -9999.000000 -9999.000000 -9999.000000 -9999.000000 -9999.000000 -9999.000000 -9999.000000 -9999.000000 -9999.000000 -9999.000000 -9999.000000 -9999.000000 -9999.000000 -9999.000000 -9999.000000 -9999.000000 -9999.000000 -9999.000000 -9999.000000 -9999.000000 -9999.000000 -9999.000000 -9999.000000 -9999.000000 -9999.000000 -9999.000000 -9999.000000 17.586364 18.132085 18.109484 21.649205 21.639865 21.545327 22.535102 22.826292 31.110881 31.391174 31.407051 36.828245 36.843377 36.511538 36.521044 36.530545 31.380425 31.384931 25.552170 25.545745 25.545102 29.399478 29.401160 31.533215 31.534163 31.532267 29.612780 29.615354
-9999.000000 -9999.000000 -9999.000000 -9999.000000 -9999.000000 -9999.000000 -9999.000000 -9999.000000 -9999.000000 -9999.000000 -9999.000000 -9999.000000 -9999.000000 -9999.000000 -9999.000000 -9999.000000 16.123935 -9999.000000 -9999.000000 -9999.000000 16.095910 -9999.000000 -9999.000000 -9999.000000 -9999.000000 -9999.000000 -9999.000000 15.002977 14.988046 15.078259 15.054470 13.497799 13.502484 13.493042 15.208810 15.293133 20.630329 20.685093 20.695635 32.200805 32.206146 37.455054 37.461428 37.464615 34.298897 34.296944 29.647197 29.648023 29.645545 30.447257 30.446364 31.768207 31.766298 31.767252 29.700690 29.704012
-9999.000000 -9999.000000 -9999.000000 -9999.000000 -9999.000000 -9999.000000 -9999.000000 -9999.000000 -9999.000000 -9999.000000 -9999.000000 -9999.000000 -9999.000000 -9999.000000 -9999.000000 -9999.000000 16.138934 16.140477 16.138033 16.115635 16.117119 14.503617 -9999.000000 -9999.000000 -9999.000000 -9999.000000 15.003922 14.938213 15.007138 15.083757 15.063826 13.514804 13.511648 13.504839 15.246049 15.292285 20.619376 20.689934 20.713973 32.215606 32.229828 37.464798 37.480717 37.488143 34.317327 34.318302 29.668653 29.668653 29.667004 30.467340 30.465555 31.785196 31.787102 31.787102 29.721559 29.719900
-9999.000000 -9999.000000 -9999.000000 -9999.000000 -9999.000000 -9999.000000 -9999.000000 -9999.000000 -9999.000000 -9999.000000 -9999.000000 -9999.000000 -9999.000000 -9999.000000 17.166936 17.165298 16.151376 16.149032 16.149920 16.126549 16.128011 14.513662 14.517524 -9999.000000 14.171299 14.173487 14.976506 14.978277 15.021838 15.081455 15.090989 13.520550 13.516543 13.519863 15.138968 15.276637 20.501645 20.631189 20.724062 32.233065 32.252592 37.494691 37.503168 37.517995 34.334771 34.336719 29.685971 29.689264 29.686794 30.486513 30.486513 31.807887 31.805031 31.806935 29.743237 29.740752
-9999.000000 -9999.000000 -9999.000000 -9999.000000 -9999.000000 -9999.000000 -9999.000000 -9999.000000 -9999.000000 -9999.000000 17.886409 -9999.000000 18.903354 18.900295 18.454742 18.449702 16.463389 16.464352 16.462876 15.731024 15.733354 14.188136 14.188970 14.190665 14.159383 14.164095 14.764532 14.772616 14.779642 14.351531 14.364765 11.206531 11.238172 11.212016 14.702245 14.772505 18.280080 18.296794 18.394601 28.097889 28.110577 34.533171 34.538940 34.541823 33.492783 33.486386 31.170924 31.172588 31.171756 31.087587 31.087587 31.694231 31.690534 31.693306 30.823379 30.823379
-9999.000000 -9999.000000 -9999.000000 -9999.000000 -9999.000000 -9999.000000 -9999.000000 -9999.000000 -9999.000000 -9999.000000 -9999.000000 18.879316 18.883863 18.870192 18.450869 18.456826 16.460399 16.467697 16.471195 15.739773 15.743015 14.201185 14.203635 14.190855 14.168693 14.177445 14.745407 14.773978 14.797493 14.375948 14.370331 11.235952 11.234681 11.227303 14.648368 14.784077 18.276083 18.304929 18.401912 28.109157 28.130273 34.547888 34.566130 34.563250 33.510704 33.506141 31.190155 31.191816 31.191816 31.107684 31.107684 31.713448 31.712525 31.712525 30.844352 30.839938
-9999.000000 -9999.000000 -9999.000000 -9999.000000 -9999.000000 -9999.000000 -9999.000000 -9999.000000 -9999.000000 -9999.000000 -9999.000000 -9999.000000 17.847810 17.843682 18.067249 18.071592 16.464109 16.466075 16.469066 15.956622 15.954474 15.546282 15.542714 15.531280 15.700595 15.695250 15.184139 15.204984 15.217768 11.748067 11.754724 14.492703 14.487669 14.485165 15.137191 15.085886 17.332841 17.369809 17.436225 25.687830 25.710926 30.881953 30.890489 30.892041 32.053911 32.049843 30.780404 30.781876 30.781876 30.008235 30.008959 30.511182 30.510342 30.506981 29.859310 29.858460
-9999.000000 -9999.000000 -9999.000000 15.260427 15.537322 15.545292 -9999.000000 -9999.000000 -9999.000000 17.532771 17.530207 17.858095 17.842878 17.847002 18.074116 18.081607 16.467832 16.470067 16.477122 15.951637 15.936785 15.539946 15.526062 15.549634 15.705651 15.718072 15.199399 15.221391 15.222119 11.768753 11.790228 14.503277 14.503081 14.512294 15.066491 15.114852 17.331352 17.374896 17.435321 25.707779 25.727192 30.900775 30.910847 30.910072 32.072851 32.070414 30.799519 30.801723 30.801723 30.025953 30.026676 30.532241 30.529724 30.526368 29.879614 29.885548
-9999.000000 -9999.000000 15.225372 15.255581 15.544617 15.530202 17.452456 17.440336 17.436333 17.542292 17.516678 17.806482 17.828053 17.812629 18.059717 18.071850 16.456175 16.449239 16.450366 15.955185 15.965730 15.564970 15.565696 15.562791 15.712233 15.718270 15.218104 15.232965 15.223581 11.787328 11.786923 14.509635 14.511061 14.532285 15.107992 15.177723 17.349383 17.379623 17.441820 25.719832 25.744058 30.914941 30.931960 30.931960 32.091777 32.090155 30.820087 30.820820 30.820820 30.045824 30.047987 30.549091 30.550766 30.547415 29.899900 29.908364
-9999.000000 16.791703 16.808017 16.764191 16.558181 16.567911 16.153022 16.161856 16.164986 15.423202 15.415381 15.586354 15.603159 15.609461 16.380239 16.374388 16.880114 16.880412 16.888329 15.332908 15.336162 15.911578 15.896605 15.883382 17.072516 17.091678 16.200819 16.197933 16.171642 16.670794 16.695583 16.858321 16.861021 16.921557 15.567783 15.555135 17.940228 18.118133 18.111700 24.657925 24.695091 30.244555 30.253580 30.256587 31.329871 31.330637 32.136925 32.136925 32.138495 33.064906 33.066666 31.235097 31.233414 31.228363 29.819228 29.820075
15.132735 16.790866 16.803902 16.780451 16.553678 16.555121 16.158864 16.157590 16.148888 15.420949 15.412583 15.581886 15.572639 15.593257 16.356705 16.378136 16.914427 16.921741 16.905612 15.332195 15.351953 15.921719 15.930787 15.932961 17.101958 17.126771 16.203888 16.199531 16.202498 16.695249 16.691863 16.870577 16.883067 16.929729 15.612122 15.596311 18.044282 18.095318 18.128952 24.664829 24.716326 30.262567 30.275330 30.276831 31.348479 31.350774 32.155569 32.157136 32.157920 33.085040 33.085919 31.251311 31.249629 31.259714 29.837316 29.839853
14.225277 13.011198 13.011432 13.011427 14.352713 14.356805 13.706909 13.706622 13.708423 14.595046 14.553092 14.320370 14.331438 14.336027 16.172870 16.176398 20.112655 20.116724 20.112655 21.846526 21.802100 20.343312 20.349470 20.358291 20.300920 20.301159 20.019724 19.996729 19.987582 19.112774 19.129029 17.819410 17.905513 17.923589 16.340153 16.273469 19.747968 19.907520 19.913892 25.447133 25.534017 33.288970 33.295278 33.293476 32.847432 32.849872 33.797576 33.798453 33.799330 34.471959 34.470061 31.047598 31.047598 31.050944 28.796743 28.795158
14.227720 13.021116 13.021161 13.020827 14.396110 14.394104 13.725822 13.720247 13.717388 14.588779 14.607268 14.337293 14.337048 14.338272 16.143933 16.139501 20.069003 20.132360 20.139732 21.881924 21.885986 20.367230 20.370424 20.371488 20.280491 20.266507 20.031164 20.023623 20.028960 19.166003 19.118514 17.917629 17.913692 17.945357 16.340012 16.298152 19.618125 19.938413 19.989362 25.359736 25.547783 33.292630 33.314236 33.314236 32.867628 32.866816 33.819301 33.817550 33.816674 34.488441 34.491283 31.067250 31.070590 31.072260 28.814862 28.813279
14.267730 13.031882 13.031904 13.031877 14.412305 14.409486 13.735178 13.727265 13.730180 14.610129 14.590400 14.325416 14.334306 14.334374 16.113499 16.140311 20.076717 20.077199 20.112257 21.865218 21.864927 20.353563 20.336195 20.344218 20.271141 20.280290 20.055721 20.068947 20.024444 19.188965 19.182602 17.946722 17.968633 17.978717 16.402187 16.411891 19.837043 19.972495 20.007643 25.271520 25.568850 33.311603 33.334078 33.333179 32.886996 32.888617 33.837506 33.840130 33.840130 34.506807 34.504914 31.088553 31.092722 31.090220 28.833762 28.834552
16.256196 13.317884 13.318074 13.317206 12.162577 12.166380 13.267767 13.268382 13.265941 13.328842 13.324952 13.441169 13.441742 13.441000 15.247069 15.249119 16.621617 16.608283 16.630990 19.141006 19.145028 21.189603 21.256390 21.285003 20.795132 20.831195 21.487398 21.496329 21.512475 20.320263 20.343940 18.064119 18.083604 18.103145 17.054629 16.973542 21.354960 21.528330 21.557101 29.472123 29.673769 37.180241 37.213567 37.213567 35.534353 35.535267 34.712375 34.713280 34.715092 33.339176 33.340051 30.098193 30.091914 30.091129 29.028928 29.030497
16.255366 13.329145 13.328987 13.325678 12.173988 12.175962 13.276947 13.277999 13.278020 13.338002 13.336151 13.450545 13.451449 13.454586 15.251550 15.254265 16.607309 16.637855 16.662423 19.205461 19.218424 21.273026 21.318955 21.351196 20.860818 20.871570 21.565128 21.512953 21.528750 20.292640 20.333102 18.083789 18.074008 18.103751 17.055862 17.073984 21.194887 21.502431 21.551299 29.446458 29.668862 37.203468 37.235708 37.235708 35.556774 35.555861 34.731759 34.734472 34.734472 33.359527 33.363022 30.112292 30.112292 30.108372 29.048418 29.049202
15.951514 13.312057 13.309332 13.305847 14.604544 14.531761 15.128548 15.114425 15.136903 15.629155 15.638307 14.463232 14.451557 14.456941 13.758871 13.758333 14.059448 14.065225 14.069677 15.756747 15.773827 16.929686 16.936779 16.935451 16.826672 16.840134 18.233150 18.309816 18.295794 20.508019 20.489219 21.879077 21.867741 21.888778 20.426588 20.522175 22.222472 22.742439 22.804653 32.399740 32.637894 37.466662 37.475861 37.475861 35.935576 35.936515 35.551495 35.554322 35.558090 34.459294 34.456478 31.743392 31.739910 31.742522 30.643255 30.637236
15.973931 13.318935 13.303310 13.319095 14.613468 14.602372 15.152213 15.091909 15.133428 15.651816 15.672729 14.493564 14.499326 14.480661 13.774133 13.771881 14.067039 14.082630 14.089697 15.780343 15.796713 16.930496 16.943517 16.972019 16.870813 16.871084 18.343334 18.320611 18.297588 20.508425 20.523613 21.883502 21.840396 21.910897 20.439098 20.386654 22.510885 22.779257 22.774912 32.512402 32.662823 37.492008 37.495070 37.494050 35.951074 35.955763 35.571697 35.568873 35.575461 34.476604 34.476604 31.758341 31.760080 31.760949 30.660320 30.660320
15.984298 13.326663 13.328015 13.321841 14.616550 14.577341 15.122009 15.174159 15.153274 15.656712 15.677740 14.518367 14.520799 14.524218 13.789845 13.783681 14.073619 14.085311 14.098616 15.824332 15.840326 16.993737 16.977199 17.002910 16.873765 16.854715 18.369502 18.299129 18.332387 20.568779 20.435263 21.846890 21.813380 21.944130 20.529200 20.434025 22.690614 22.867667 22.918720 32.595776 32.705522 37.515282 37.513244 37.514263 35.971248 35.974058 35.589060 35.594699 35.593759 34.492966 34.492030 31.781100 31.779364 31.776760 30.681664 30.679092
17.147788 14.501243 14.515571 14.418968 15.036206 15.013325 16.396667 16.400981 16.402416 19.744569 19.873846 20.165944 20.130675 20.192681 13.304820 13.304109 13.112546 13.111701 13.112207 14.647265 14.670841 16.832132 16.836022 16.837037 16.753495 16.749214 17.057477 17.061726 17.041519 20.083976 19.955567 23.001182 23.073860 23.127251 21.308276 21.122418 25.905416 26.028646 26.114270 35.470624 35.510662 37.984810 37.991023 37.991023 35.682992 35.686755 35.453017 35.453017 35.453017 35.567784 35.563689 34.024962 34.024962 34.021991 31.222516 31.221644
17.158397 14.519766 14.527754 14.502376 15.045141 15.043645 16.422449 16.446815 16.392190 19.780415 19.905893 20.245647 20.261583 20.282126 13.317984 13.316001 13.128776 13.127924 13.127262 14.634832 14.704100 16.853562 16.852890 16.853730 16.728321 16.699670 17.036737 17.005773 17.053831 20.069553 20.052324 23.162359 23.079531 23.132071 21.179008 21.225744 26.003283 26.148744 26.203978 35.504297 35.555235 38.008169 38.009204 38.008169 35.702264 35.707900 35.472445 35.471491 35.472445 35.584620 35.584620 34.045530 34.043552 34.042563 31.241787 31.239175
16.092357 15.303945 15.305383 15.302084 14.965530 14.966865 19.014351 19.148824 19.187902 26.261267 26.223349 25.478482 25.609540 25.656601 20.483441 20.471257 15.780566 15.699591 15.698150 16.050134 16.038851 16.987205 16.980689 16.957679 19.868533 19.888900 19.930277 19.795397 19.778168 21.895866 21.904533 23.174257 23.340015 23.339579 22.739327 22.981470 32.468633 32.585386 32.652384 38.828703 38.845108 39.542354 39.540177 39.541265 38.413937 38.413937 37.783764 37.783764 37.784832 37.034014 37.031867 35.025776 35.022693 35.020638 32.432568 32.432568
16.060534 15.303418 15.274942 15.303837 14.947179 14.963772 19.037528 19.037144 19.240512 26.550665 26.402901 25.518024 25.672295 25.664919 20.503817 20.471076 15.850099 15.812072 15.799937 16.034193 16.076316 16.901748 16.967896 16.985996 19.861443 19.913460 19.921238 19.982892 19.993025 21.947378 21.913642 23.395408 23.394108 23.289563 22.829849 23.219106 32.607527 32.652148 32.682777 38.847874 38.864260 39.562362 39.559100 39.560188 38.429688 38.433909 37.802825 37.803892 37.801758 37.054406 37.050118 35.041361 35.041361 35.040335 32.455383 32.453550
16.074765 15.305274 15.316389 15.266583 14.977956 14.987314 19.066069 19.194981 19.273556 26.608296 26.604308 25.712661 25.767603 25.792109 20.616508 20.574448 15.856931 15.859317 15.820700 16.073153 16.061181 17.022080 17.030027 16.962021 19.946186 19.974205 20.025555 19.989522 20.019801 21.977905 21.879967 23.359618 23.259654 23.454296 22.878830 23.262992 32.676983 32.707564 32.729780 38.883398 38.883398 39.580181 39.579095 39.579095 38.447540 38.451756 37.820805 37.821871 37.821871 37.069426 37.070497 35.062065 35.061040 35.055915 32.474513 32.472682
