Data/ET/20200108.L0.pakistan.eto.forecast.txt
ncols    	169
nrows    	134
xllcorner	60.9
yllcorner	23.7
cellsize 	0.1
NODATA_value  -9999
[rows 75 to 99 of 134, columns 57 to 113 of 169]
1.906248 1.908383 1.908410 3.089908 3.102605 2.881694 2.935357 2.941728 1.507767 1.505788 3.024324 3.029639 3.030170 2.151972 2.151726 1.584209 1.584443 1.586462 1.317558 1.323503 2.194376 2.202187 2.206390 3.657973 3.662622 4.113474 4.124429 4.123528 4.099910 4.134699 4.143598 4.143364 4.093001 2.462814 2.482725 3.109744 3.111019 3.112125 3.433144 3.433643 3.685709 3.685595 3.685365 3.785734 3.785975 3.786955 3.787195 3.787075 3.816924 3.816558 4.061603 4.061205 4.060939 4.439509 4.439361 4.586015 4.584944
1.909611 1.908080 1.905933 3.084177 3.104823 2.877984 2.889015 2.905239 1.509729 1.507947 3.031306 3.032367 3.033604 2.155068 2.154787 1.586987 1.587210 1.587833 1.311401 1.315064 2.211618 2.207820 2.213615 3.666961 3.671589 4.134703 4.116582 4.128191 4.133592 4.143463 4.163449 4.166590 4.117056 2.475556 2.484999 3.111840 3.113793 3.115065 3.436048 3.436347 3.688511 3.688511 3.688511 3.788220 3.788461 3.789656 3.789536 3.789175 3.819372 3.818885 4.063868 4.063603 4.063735 4.441397 4.440657 4.587046 4.586588
2.199343 2.196243 2.195890 3.145234 3.146993 3.169978 3.186532 3.196375 1.795696 1.796831 2.295796 2.297100 2.297234 3.513171 3.513626 2.617500 2.613467 2.609062 1.770088 1.769764 2.176796 2.176260 2.176512 3.285330 3.286097 4.327773 4.328489 4.339804 4.106991 4.113201 4.549248 4.553164 4.542076 3.527073 3.546250 3.846938 3.850077 3.851887 3.735594 3.735594 3.936096 3.935713 3.936223 4.105488 4.105488 4.134185 4.134050 4.133238 4.347818 4.347529 4.625516 4.624572 4.623943 4.711793 4.711302 4.918370 4.917858
2.192783 2.184482 2.193493 3.081738 3.149174 3.185201 3.180667 3.193818 1.798008 1.800058 2.299911 2.300359 2.300270 3.516836 3.516496 2.620883 2.619769 2.616426 1.768985 1.768164 2.163660 2.170367 2.174653 3.294263 3.293668 4.331304 4.331066 4.332377 4.124794 4.127524 4.544356 4.555296 4.560549 3.527882 3.555254 3.851510 3.855005 3.855246 3.738507 3.738507 3.938894 3.938766 3.938639 4.108351 4.108351 4.136539 4.136404 4.135864 4.350408 4.349976 4.628020 4.627391 4.626605 4.714838 4.714511 4.920823 4.920482
2.194668 2.190368 2.189181 3.126878 3.119415 3.168361 3.150585 3.244666 1.799991 1.803152 2.302944 2.303390 2.303167 3.520156 3.518909 2.623580 2.623272 2.613948 1.774842 1.775403 2.192653 2.189706 2.185605 3.291882 3.273054 4.317038 4.328039 4.341007 4.114378 4.137392 4.550011 4.561194 4.611825 3.555075 3.561568 3.856797 3.858361 3.858481 3.741304 3.741304 3.941053 3.941944 3.941180 4.110801 4.110528 4.139162 4.138623 4.138353 4.352565 4.352277 4.629894 4.629423 4.629109 4.716410 4.716247 4.922592 4.922421
2.842126 2.823003 2.835785 2.688691 2.684498 1.642298 1.642015 1.641291 2.535822 2.538146 1.873484 1.873468 1.873404 3.401086 3.399685 3.744106 3.742629 3.738811 2.657348 2.652753 1.579725 1.579373 1.579222 2.954270 2.952508 4.611844 4.606323 4.595965 4.920792 4.948217 4.704711 4.712312 4.788429 4.659755 4.663284 4.431705 4.432739 4.432739 4.095523 4.095128 4.116745 4.116611 4.116477 4.316327 4.314728 4.697698 4.697365 4.696534 4.467454 4.467141 4.443321 4.442856 4.442390 4.514935 4.514935 4.768229 4.767897
2.834825 2.818566 2.836511 2.693104 2.712501 1.644672 1.644475 1.643667 2.540544 2.541413 1.876363 1.876315 1.876268 3.403853 3.403316 3.747576 3.746101 3.743518 2.663531 2.660093 1.583100 1.585101 1.583449 2.935128 2.915214 4.610624 4.622763 4.619803 4.962089 4.949716 4.779781 4.788750 4.801785 4.665123 4.667685 4.434729 4.435466 4.435466 4.098081 4.098081 4.119533 4.119265 4.119399 4.318950 4.318079 4.700149 4.699651 4.698820 4.469948 4.469635 4.445953 4.445953 4.445178 4.516272 4.516587 4.769757 4.770421
3.424364 3.449971 3.460219 2.104441 2.124398 1.157341 1.150378 1.149770 2.630138 2.631036 1.331589 1.331543 1.331636 2.676388 2.676255 3.913780 3.912330 3.911142 4.090278 4.081794 2.948727 2.942265 2.937356 2.663646 2.664946 4.246837 4.260163 4.233336 5.689316 5.692832 5.453531 5.466241 5.480644 5.282467 5.282101 4.436552 4.435960 4.435960 4.046402 4.045620 4.135364 4.134956 4.135500 4.325158 4.324713 4.566827 4.566343 4.565859 4.433859 4.433078 4.285468 4.285767 4.285020 4.577873 4.577551 4.661542 4.661869
3.443685 3.451963 3.465047 2.121630 2.121875 1.180716 1.173247 1.140459 2.632823 2.633783 1.334241 1.334265 1.334288 2.679297 2.679297 3.917579 3.917052 3.915735 4.095074 4.090981 2.954265 2.950836 2.949530 2.672949 2.672949 4.267922 4.271862 4.263395 5.691721 5.677445 5.462731 5.477522 5.489975 5.285329 5.285878 4.439093 4.438945 4.438501 4.049039 4.048778 4.138197 4.138061 4.137925 4.327976 4.327382 4.569011 4.568689 4.568367 4.434947 4.435260 4.287643 4.287792 4.287344 4.580949 4.580307 4.664790 4.662503
3.449205 3.471065 3.442695 2.124224 2.130297 1.176345 1.155971 1.141994 2.635889 2.636719 1.337031 1.336913 1.337031 2.682268 2.682400 3.921110 3.921110 3.920452 4.103103 4.100286 2.962153 2.958324 2.955635 2.677822 2.681574 4.273477 4.271436 4.280760 5.708731 5.715143 5.483795 5.491449 5.493743 5.288006 5.288006 4.441781 4.441485 4.441337 4.052064 4.052064 4.140078 4.140621 4.139807 4.330049 4.329605 4.571677 4.571033 4.570711 4.437284 4.437284 4.290412 4.289816 4.289518 4.582258 4.581937 4.665913 4.666076
2.574268 2.596733 2.595109 1.776860 1.780663 1.602625 1.600510 1.597788 2.612060 2.613363 1.550584 1.550516 1.550567 2.428390 2.428587 3.769379 3.769379 3.769498 4.259924 4.260646 3.655808 3.651113 3.651354 2.340830 2.340107 3.408906 3.407187 3.409873 5.582822 5.584046 5.445786 5.444032 5.447344 5.086604 5.086428 5.005801 5.005801 5.005628 4.677232 4.677551 4.168939 4.168518 4.168518 4.251473 4.251035 4.367934 4.366865 4.366865 4.115056 4.114772 4.068100 4.067821 4.067681 4.137254 4.136828 4.337547 4.338598
2.602309 2.601441 2.601275 1.781123 1.781506 1.603389 1.601518 1.600512 2.614595 2.615524 1.553464 1.553438 1.553455 2.431450 2.431401 3.772018 3.772614 3.772852 4.263011 4.263300 3.659965 3.659485 3.658643 2.344809 2.344674 3.417318 3.416460 3.416139 5.590736 5.590532 5.450184 5.450574 5.449990 5.089597 5.089774 5.008579 5.008579 5.008406 4.680363 4.680203 4.171594 4.171594 4.170195 4.253567 4.252544 4.369309 4.369004 4.368394 4.116827 4.117677 4.069671 4.069810 4.069392 4.139040 4.139750 4.339878 4.338828
1.421248 1.423901 1.419126 1.662147 1.659098 1.606973 1.604909 1.607039 2.279233 2.279670 1.841496 1.841486 1.841486 2.717358 2.717611 3.684606 3.684606 3.684956 4.366878 4.367029 4.349854 4.349101 4.348650 3.636454 3.636337 3.726066 3.726066 3.725699 5.247415 5.246853 5.306461 5.306461 5.306835 5.581891 5.582285 5.197365 5.196995 5.197180 4.879464 4.879986 4.511762 4.509553 4.509711 4.429108 4.428185 4.366543 4.366238 4.365781 4.264739 4.265185 4.173024 4.172300 4.171142 4.133879 4.133879 4.360620 -9999.000000
1.424951 1.436655 1.430425 1.661620 1.662259 1.611344 1.612638 1.607154 2.282459 2.282855 1.844660 1.844670 1.844670 2.720882 2.720945 3.687515 3.687632 3.687515 4.369891 4.368982 4.351689 4.351389 4.351088 3.639321 3.639088 3.728937 3.728815 3.728450 5.250156 5.249969 5.309370 5.309929 5.309183 5.585054 5.584857 5.200130 5.199576 5.199945 4.882207 4.880991 4.511785 4.511785 4.511628 4.430415 4.430415 4.368674 4.367001 4.367609 4.268380 4.268232 4.173727 4.173583 4.174884 4.137245 4.136532 -9999.000000 -9999.000000
1.423285 1.419072 1.417732 1.665362 1.664896 1.612950 1.617860 1.610365 2.284616 2.285443 1.847830 1.847840 1.847830 2.724088 2.724151 3.691005 3.690655 3.690305 4.371843 4.371238 4.353825 4.353975 4.353675 3.642187 3.641720 3.731929 3.731320 3.731320 5.252708 5.252895 5.312463 5.312276 5.312649 5.587624 5.587035 5.202708 5.202524 5.202708 4.883386 4.882866 4.514962 4.514016 4.513859 4.432951 4.433411 4.369133 4.368069 4.368373 4.268460 4.269942 4.176889 4.177322 4.176311 4.138469 -9999.000000 -9999.000000 -9999.000000
1.532783 1.533602 1.527559 1.837424 1.837027 1.886156 1.878795 1.887691 2.171655 2.175522 1.963015 1.962964 1.962998 3.143474 3.143294 3.909017 3.908758 3.908758 4.440538 4.440385 4.757287 4.756789 4.756955 4.509414 4.509414 4.272304 4.272451 4.272451 5.261709 5.261709 5.381815 5.381430 5.381045 5.872658 5.873085 5.417614 5.417811 5.416237 4.800447 4.797523 4.488966 4.486610 4.483466 4.525164 4.527226 4.639675 4.637699 4.641815 4.677553 4.678220 4.522623 4.521504 4.521185 -9999.000000 -9999.000000 -9999.000000 -9999.000000
1.539452 1.542841 1.541982 1.842303 1.840100 1.883461 1.885016 1.889124 2.163129 2.178619 1.966161 1.966195 1.966195 3.146628 3.146359 3.911904 3.911516 3.911386 4.443940 4.442715 4.758995 4.759161 4.759161 4.511587 4.511587 4.275657 4.275509 4.275804 5.265069 5.264695 5.384518 5.384326 5.384326 5.875360 5.875573 5.422284 5.419140 -9999.000000 -9999.000000 -9999.000000 4.486602 4.484560 4.489271 4.527298 4.527139 4.640877 4.642851 4.641206 4.680882 4.680715 4.523993 4.523195 4.522556 -9999.000000 -9999.000000 -9999.000000 -9999.000000
2.435118 2.412985 2.439097 1.852463 1.852862 2.175690 2.186692 2.199746 1.814973 1.820796 2.084336 2.084336 2.084336 3.352990 3.352686 4.099415 4.099141 4.099278 4.483856 4.483087 5.147573 5.146304 5.146304 5.195594 5.195966 4.980941 4.981305 4.980941 5.738522 5.738100 5.703873 5.703242 5.703663 5.689590 5.689171 5.308928 -9999.000000 -9999.000000 -9999.000000 -9999.000000 4.590386 4.592818 4.593791 4.839553 4.838008 4.889987 4.891557 4.891906 4.900979 4.899063 4.409719 -9999.000000 -9999.000000 -9999.000000 -9999.000000 -9999.000000 -9999.000000
2.443136 2.445712 2.437253 1.856198 1.856516 2.191215 2.179191 2.188541 1.821881 1.823754 2.087615 2.087615 2.087591 3.355958 3.355654 4.102255 4.102255 4.101844 4.486101 4.485947 5.149744 5.150106 5.148839 5.199758 5.198640 4.983862 4.983862 4.983680 5.738226 5.740337 5.704178 5.706489 5.704598 5.691507 5.689204 -9999.000000 -9999.000000 -9999.000000 -9999.000000 -9999.000000 -9999.000000 4.594312 4.594150 4.839021 4.842451 -9999.000000 -9999.000000 -9999.000000 -9999.000000 -9999.000000 -9999.000000 -9999.000000 -9999.000000 -9999.000000 -9999.000000 -9999.000000 -9999.000000
2.447045 2.449533 2.432840 1.855589 1.856712 2.178263 2.181405 2.206164 1.826352 1.826839 2.090819 2.090843 2.090795 3.358924 3.358823 4.105093 4.104545 4.104682 4.488805 4.488652 5.152275 5.152275 5.151371 5.201312 5.201685 4.986962 4.986781 4.985327 5.743206 5.741308 5.708894 5.707424 5.708054 5.693423 5.691331 -9999.000000 -9999.000000 -9999.000000 -9999.000000 -9999.000000 -9999.000000 -9999.000000 -9999.000000 -9999.000000 -9999.000000 -9999.000000 -9999.000000 -9999.000000 -9999.000000 -9999.000000 -9999.000000 -9999.000000 -9999.000000 -9999.000000 -9999.000000 -9999.000000 -9999.000000
3.518523 3.522005 3.520666 1.601484 1.598293 1.893105 1.892706 1.901596 1.221268 1.218078 2.648341 2.648341 2.648224 3.650976 3.650860 4.328009 4.327416 4.327119 4.761840 4.761840 5.052839 5.052307 5.052661 5.397968 5.408440 5.400357 5.399555 5.398151 5.459830 5.459016 5.506166 5.506574 5.504121 5.636484 -9999.000000 -9999.000000 -9999.000000 -9999.000000 -9999.000000 -9999.000000 -9999.000000 -9999.000000 -9999.000000 -9999.000000 -9999.000000 -9999.000000 -9999.000000 -9999.000000 -9999.000000 -9999.000000 -9999.000000 -9999.000000 -9999.000000 -9999.000000 -9999.000000 -9999.000000 -9999.000000
3.519616 3.522380 3.545720 1.604459 1.600230 1.896404 1.896284 1.904514 1.222929 1.220897 2.651678 2.651446 2.651504 3.654142 3.653795 4.330678 4.330826 4.330382 4.765191 4.765027 5.055570 5.055570 5.054153 5.407668 5.410628 5.402721 5.400517 5.402520 5.459989 5.464263 5.508158 5.508771 5.508771 -9999.000000 -9999.000000 -9999.000000 -9999.000000 -9999.000000 -9999.000000 -9999.000000 -9999.000000 -9999.000000 -9999.000000 -9999.000000 -9999.000000 -9999.000000 -9999.000000 -9999.000000 -9999.000000 -9999.000000 -9999.000000 -9999.000000 -9999.000000 -9999.000000 -9999.000000 -9999.000000 -9999.000000
2.725945 2.734889 2.745887 1.727561 1.727430 2.035476 2.048472 2.058718 1.223523 1.221012 2.571094 2.571147 2.570989 3.732060 3.731695 4.503266 4.504360 4.502798 5.229888 5.229520 5.534876 5.533075 5.521260 5.861369 5.864841 5.746800 5.744659 5.741017 5.327983 5.326391 5.537349 5.531620 -9999.000000 -9999.000000 -9999.000000 -9999.000000 -9999.000000 -9999.000000 -9999.000000 -9999.000000 -9999.000000 -9999.000000 -9999.000000 -9999.000000 -9999.000000 -9999.000000 -9999.000000 -9999.000000 -9999.000000 -9999.000000 -9999.000000 -9999.000000 -9999.000000 -9999.000000 -9999.000000 -9999.000000 -9999.000000
2.731077 2.738631 2.735317 1.730257 1.729947 2.030469 2.053738 2.062193 1.226946 1.224463 2.574414 2.574466 2.574361 3.734928 3.734564 4.506610 4.505986 4.505830 5.232438 5.232070 5.537627 5.531829 5.525425 5.864483 5.866868 5.747975 5.750756 5.745193 5.328580 5.329774 5.539701 -9999.000000 -9999.000000 -9999.000000 -9999.000000 -9999.000000 -9999.000000 -9999.000000 -9999.000000 -9999.000000 -9999.000000 -9999.000000 -9999.000000 -9999.000000 -9999.000000 -9999.000000 -9999.000000 -9999.000000 -9999.000000 -9999.000000 -9999.000000 -9999.000000 -9999.000000 -9999.000000 -9999.000000 -9999.000000 -9999.000000
2.738899 2.730228 2.728872 1.733141 1.732985 2.043273 2.053912 2.065516 1.228296 1.227453 2.577835 2.577783 2.577730 3.737794 3.737067 4.508703 4.508703 4.509015 5.235169 5.234802 5.539976 5.535782 5.530984 5.866728 5.866728 5.747011 5.751502 5.746370 5.328979 5.330172 -9999.000000 -9999.000000 -9999.000000 -9999.000000 -9999.000000 -9999.000000 -9999.000000 -9999.000000 -9999.000000 -9999.000000 -9999.000000 -9999.000000 -9999.000000 -9999.000000 -9999.000000 -9999.000000 -9999.000000 -9999.000000 -9999.000000 -9999.000000 -9999.000000 -9999.000000 -9999.000000 -9999.000000 -9999.000000 -9999.000000 -9999.000000
