Data/ET/20200108.L5.pakistan.eto.forecast.txt
ncols    	169
nrows    	134
xllcorner	60.9
yllcorner	23.7
cellsize 	0.1
NODATA_value  -9999
[rows 50 to 74 of 134, columns 57 to 113 of 169]
-9999.000000 -9999.000000 -9999.000000 -9999.000000 -9999.000000 -9999.000000 -9999.000000 -9999.000000 -9999.000000 -9999.000000 -9999.000000 -9999.000000 -9999.000000 -9999.000000 -9999.000000 -9999.000000 -9999.000000 -9999.000000 -9999.000000 -9999.000000 -9999.000000 -9999.000000 -9999.000000 -9999.000000 -9999.000000 -9999.000000 -9999.000000 2.791973 3.927455 3.917901 4.841817 4.849470 4.852084 4.974295 5.003200 5.961115 5.963960 5.971842 6.031587 6.033260 5.709633 5.710286 5.711919 5.522289 5.522126 4.794262 4.792137 4.791834 2.953732 2.953732 2.428476 2.428315 2.428637 2.506005 2.506005 2.043820 2.043911
-9999.000000 -9999.000000 -9999.000000 -9999.000000 -9999.000000 -9999.000000 -9999.000000 -9999.000000 -9999.000000 -9999.000000 -9999.000000 -9999.000000 -9999.000000 -9999.000000 -9999.000000 -9999.000000 -9999.000000 -9999.000000 -9999.000000 -9999.000000 -9999.000000 -9999.000000 -9999.000000 -9999.000000 -9999.000000 -9999.000000 -9999.000000 2.790491 3.938272 3.929720 4.822062 4.819354 4.791813 4.924072 5.004868 5.912453 5.970966 5.974270 6.033746 6.036251 5.711416 5.712884 5.714351 5.523744 5.524558 4.796217 4.794702 4.794550 2.956249 2.956411 2.430919 2.430972 2.430865 2.508091 2.508262 2.046008 2.046397
-9999.000000 -9999.000000 -9999.000000 -9999.000000 -9999.000000 -9999.000000 -9999.000000 -9999.000000 -9999.000000 -9999.000000 -9999.000000 -9999.000000 -9999.000000 -9999.000000 -9999.000000 2.432147 -9999.000000 -9999.000000 -9999.000000 2.360072 -9999.000000 -9999.000000 -9999.000000 -9999.000000 -9999.000000 -9999.000000 2.445839 2.441202 2.796441 2.786310 2.788508 2.799907 2.776507 2.902153 2.951217 2.891545 2.901960 2.903967 3.912162 3.912877 4.785181 4.786053 4.786489 4.243230 4.242967 3.842153 3.842273 3.841912 4.187453 4.187316 3.272401 3.272206 3.272304 1.647769 1.647795 1.603631 1.603673
-9999.000000 -9999.000000 -9999.000000 -9999.000000 -9999.000000 -9999.000000 -9999.000000 -9999.000000 -9999.000000 -9999.000000 -9999.000000 -9999.000000 -9999.000000 -9999.000000 -9999.000000 2.433883 2.434167 2.433716 2.362594 2.362851 2.008986 -9999.000000 -9999.000000 -9999.000000 -9999.000000 2.443764 2.422776 2.444772 2.794513 2.785940 2.803121 2.795088 2.777009 2.917999 2.945107 2.888370 2.901791 2.906370 3.914005 3.915910 4.786292 4.788469 4.789484 4.245653 4.245784 3.845030 3.845030 3.844790 4.190036 4.189762 3.274557 3.274752 3.274752 1.650195 1.650183 1.605973 1.606013
-9999.000000 -9999.000000 -9999.000000 -9999.000000 -9999.000000 -9999.000000 -9999.000000 -9999.000000 -9999.000000 -9999.000000 -9999.000000 -9999.000000 -9999.000000 2.430758 2.430567 2.435160 2.434725 2.434890 2.363601 2.363855 2.009913 2.010710 -9999.000000 2.082288 2.082817 2.432540 2.433112 2.446995 2.789150 2.793283 2.788697 2.777206 2.786758 2.847635 2.930108 2.864940 2.889518 2.907201 3.916205 3.918821 4.790158 4.791318 4.793345 4.247944 4.248206 3.847306 3.847785 3.847426 4.192481 4.192481 3.277295 3.277003 3.277198 1.652625 1.652606 1.608368 1.608361
-9999.000000 -9999.000000 -9999.000000 -9999.000000 -9999.000000 -9999.000000 -9999.000000 -9999.000000 -9999.000000 2.390475 -9999.000000 2.562462 2.562227 2.626834 2.626352 2.684872 2.685070 2.684766 2.386266 2.386796 2.015624 2.015890 2.016431 2.231590 2.233460 2.395337 2.397838 2.400000 2.686922 2.693702 1.845053 1.839090 1.843990 2.413150 2.435389 2.138058 2.140123 2.152286 1.604407 1.604454 2.917197 2.917658 2.917888 3.158271 3.157653 2.729029 2.729168 2.729099 2.930968 2.930968 2.438753 2.438532 2.438697 2.474699 2.474699 2.780550 2.780271
-9999.000000 -9999.000000 -9999.000000 -9999.000000 -9999.000000 -9999.000000 -9999.000000 -9999.000000 -9999.000000 -9999.000000 2.560462 2.560814 2.559755 2.626154 2.626726 2.682839 2.684363 2.685091 2.386733 2.387477 2.017463 2.018257 2.014090 2.232164 2.235692 2.386726 2.395767 2.403073 2.694269 2.691369 1.842669 1.842901 1.844261 2.392585 2.436571 2.137695 2.141252 2.153297 1.606958 1.607032 2.919522 2.920979 2.920749 3.160841 3.160400 2.731676 2.731815 2.731815 2.933521 2.933521 2.441171 2.441116 2.441116 2.477186 2.476907 2.782777 2.782707
-9999.000000 -9999.000000 -9999.000000 -9999.000000 -9999.000000 -9999.000000 -9999.000000 -9999.000000 -9999.000000 -9999.000000 -9999.000000 2.406246 2.405951 2.525501 2.525890 2.471990 2.472261 2.472671 2.074102 2.073843 2.121222 2.120543 2.118361 2.549488 2.547765 1.701954 1.703238 1.704030 2.016215 2.013479 2.994716 2.990429 2.988284 2.742388 2.722432 2.532066 2.540605 2.555957 1.511180 1.511025 1.712481 1.712580 1.712598 2.254973 2.254762 1.516781 1.516774 1.516774 0.964281 0.964238 1.962040 1.962014 1.961913 3.001787 3.001704 3.423961 3.424162
-9999.000000 -9999.000000 2.182370 2.080921 2.081874 -9999.000000 -9999.000000 -9999.000000 2.190819 2.190661 2.406836 2.405747 2.406042 2.525790 2.526461 2.471670 2.471980 2.472955 2.073021 2.071214 2.118855 2.116171 2.120720 2.548605 2.552646 1.703331 1.704678 1.704723 2.013466 2.005109 2.994876 2.994706 3.002626 2.710730 2.729967 2.530029 2.540104 2.554096 1.513755 1.513620 1.715243 1.715358 1.715349 2.257779 2.257653 1.519578 1.519567 1.519567 0.966748 0.966704 1.964425 1.964349 1.964248 3.004175 3.004756 3.426101 3.426302
-9999.000000 2.176268 2.180822 2.081358 2.079621 2.092085 2.091285 2.091020 2.191444 2.189859 2.402963 2.404528 2.403410 2.524158 2.525255 2.469181 2.468201 2.468361 2.072963 2.074246 2.122517 2.122657 2.122096 2.548190 2.550185 1.704914 1.705819 1.705247 2.011761 2.011916 2.991273 2.992544 3.011073 2.723348 2.750741 2.532501 2.539511 2.553939 1.516384 1.516209 1.717952 1.718143 1.718143 2.260582 2.260499 1.522365 1.522361 1.522361 0.969082 0.968951 1.966681 1.966732 1.966631 3.006560 3.007389 3.428440 3.428240
1.646874 1.647378 1.646027 1.638023 1.638106 1.655923 1.655983 1.656005 1.724039 1.723853 2.124409 2.126263 2.126952 2.403014 2.402042 2.295721 2.295762 2.296861 2.025843 2.026366 2.019487 2.017375 2.015508 2.114838 2.117185 2.888036 2.886739 2.874882 3.488759 3.499548 3.997647 3.999040 4.029850 3.518115 3.510147 3.121748 3.174557 3.172656 2.079194 2.081218 1.974302 1.974597 1.974696 1.332560 1.332543 1.198958 1.198958 1.198905 2.084700 2.084764 2.518791 2.518676 2.518332 2.741970 2.742039 3.375085 3.374599
1.647268 1.647666 1.646951 1.638701 1.638712 1.656663 1.656655 1.656604 1.724403 1.724208 2.123390 2.122344 2.124666 2.397996 2.401609 2.299778 2.300792 2.298555 2.024893 2.028088 2.020377 2.021659 2.021966 2.118205 2.121241 2.884857 2.882879 2.884227 3.495053 3.493567 3.998209 4.004690 4.028593 3.538098 3.528211 3.149911 3.165074 3.175045 2.081086 2.083880 1.976988 1.977404 1.977453 1.335531 1.335479 1.201899 1.201846 1.201819 2.087183 2.087215 2.520968 2.520854 2.521541 2.744272 2.744478 3.377046 3.376949
1.045714 1.046588 1.046568 1.471054 1.470832 1.863422 1.863289 1.864123 1.944598 1.940271 2.017452 2.019874 2.020858 2.334351 2.334884 3.008758 3.009314 3.008758 3.796798 3.789878 3.783618 3.784790 3.786466 3.549658 3.549710 3.792959 3.785783 3.782925 4.277200 4.283453 4.421853 4.467286 4.476686 3.660458 3.622817 3.061749 3.096654 3.098047 1.850217 1.852467 2.477835 2.478209 2.478102 1.705846 1.705867 1.824755 1.824769 1.824784 2.544433 2.544315 2.578694 2.578694 2.578934 2.673390 2.673263 3.449043 3.448945
1.040300 1.040473 1.039148 1.470403 1.470505 1.868151 1.865542 1.864173 1.943581 1.945466 2.019541 2.019487 2.019758 2.328915 2.328227 3.001965 3.010668 3.011676 3.801233 3.801863 3.786782 3.787390 3.787592 3.543651 3.540604 3.793686 3.791325 3.792996 4.293484 4.275153 4.466769 4.464701 4.481269 3.653299 3.629494 3.031765 3.101969 3.113114 1.850046 1.854840 2.479608 2.480889 2.480889 1.708669 1.708662 1.827599 1.827570 1.827555 2.546710 2.546886 2.581130 2.581369 2.581489 2.675722 2.675595 3.451412 3.451021
1.039047 1.039123 1.039028 1.471146 1.471294 1.868519 1.864625 1.866081 1.945385 1.943353 2.015017 2.017128 2.017144 2.323055 2.327296 3.002218 3.002285 3.007121 3.797575 3.797530 3.782774 3.779444 3.780983 3.540015 3.542014 3.798531 3.802679 3.788706 4.298178 4.295724 4.475191 4.486683 4.491947 3.681247 3.686675 3.078300 3.107991 3.115688 1.849938 1.857400 2.482290 2.483620 2.483567 1.711483 1.711497 1.830382 1.830425 1.830425 2.549103 2.548986 2.583683 2.583982 2.583803 2.678115 2.678179 3.453290 3.452899
1.996214 1.996295 1.995923 2.021333 2.020007 1.706097 1.706393 1.705158 1.579509 1.579225 1.727145 1.726832 1.727242 2.577411 2.579440 2.311307 2.309394 2.312647 2.896798 2.897492 4.168728 4.183950 4.190429 4.699683 4.710581 4.463148 4.465628 4.470104 4.145579 4.153198 4.299835 4.310288 4.320727 4.419435 4.368440 4.570907 4.625832 4.634901 3.746091 3.774109 3.408757 3.412005 3.412005 2.947216 2.947294 2.462159 2.462211 2.462316 2.608584 2.608644 2.299091 2.298747 2.298705 2.926296 2.926447 3.729408 3.728876
1.997190 1.997120 1.995649 2.022411 2.021745 1.705865 1.706486 1.706498 1.580128 1.579993 1.727750 1.727340 1.726122 2.571966 2.574853 2.308517 2.312914 2.316424 2.906857 2.909083 4.185831 4.196238 4.203504 4.716435 4.719674 4.481979 4.467510 4.471900 4.133158 4.146269 4.303096 4.297805 4.313859 4.411727 4.423063 4.516342 4.614469 4.629921 3.742423 3.773318 3.411758 3.414900 3.414900 2.950130 2.950052 2.464830 2.464988 2.464988 2.611242 2.611485 2.301322 2.301322 2.301108 2.928655 2.928730 3.730827 3.730508
1.924603 1.923865 1.922906 1.585327 1.585548 1.963037 1.961412 1.963988 2.563782 2.567521 2.751569 2.740810 2.745817 2.589215 2.586646 2.191105 2.193657 2.195606 2.593419 2.600136 3.250609 3.254765 3.253987 3.370743 3.377782 3.797221 3.829773 3.823846 4.278355 4.272845 4.365310 4.362620 4.367610 4.195921 4.222440 3.844390 3.965779 3.980213 3.420969 3.446987 2.907107 2.907797 2.907797 2.938527 2.938605 3.278443 3.278728 3.279109 3.278335 3.278046 3.058470 3.058136 3.058387 3.475734 3.475041 3.221605 3.221519
1.924301 1.919727 1.924345 1.586256 1.586282 1.965224 1.958197 1.963075 2.569527 2.578076 2.768814 2.773853 2.757222 2.606333 2.595730 2.190317 2.197300 2.200401 2.598670 2.605137 3.243765 3.251458 3.268286 3.387150 3.387292 3.838772 3.829143 3.819354 4.275421 4.279883 4.364239 4.353961 4.370747 4.196579 4.181870 3.910074 3.972595 3.971586 3.433746 3.450190 2.910336 2.910566 2.910489 2.940809 2.941199 3.281122 3.280837 3.281503 3.280635 3.280635 3.060476 3.060643 3.060726 3.477701 3.477701 3.223368 3.223454
1.924174 1.924566 1.922750 1.587210 1.587407 1.961195 1.967214 1.964837 2.567969 2.576731 2.781240 2.783349 2.786289 2.626284 2.596844 2.188986 2.194377 2.200366 2.612055 2.618361 3.273958 3.264118 3.279414 3.381978 3.371884 3.844706 3.814690 3.828914 4.290099 4.250619 4.353346 4.345301 4.376528 4.218892 4.192301 3.950220 3.991406 4.003253 3.443333 3.455337 2.913408 2.913255 2.913331 2.943480 2.943714 3.283515 3.284084 3.283989 3.282837 3.282741 3.063231 3.063064 3.062815 3.480159 3.479863 3.225902 3.225730
1.814100 1.815131 1.808060 1.908999 1.907225 2.506885 2.507744 2.508029 3.594013 3.623686 4.471395 4.458146 4.481413 2.329139 2.330067 1.408085 1.414356 1.418930 1.784958 1.787457 2.015306 2.015768 2.015888 2.752253 2.750813 3.044567 3.046222 3.038338 4.076593 4.036525 4.662421 4.679441 4.691875 4.650934 4.596901 3.451762 3.470105 3.482858 2.752001 2.754628 2.674609 2.674988 2.674988 2.811479 2.811761 3.444984 3.444984 3.444984 4.002437 4.001927 3.988603 3.988603 3.988234 4.283932 4.283803 3.734688 3.734471
1.815605 1.816176 1.814356 1.909765 1.909650 2.510618 2.515427 2.504551 3.600225 3.629015 4.496568 4.502527 4.510197 2.336737 2.339282 1.405276 1.407603 1.417833 1.784025 1.791317 2.018004 2.017924 2.018024 2.740059 2.730294 3.031926 3.019686 3.038656 4.068871 4.063497 4.697944 4.678634 4.690899 4.610457 4.624109 3.466072 3.487738 3.495971 2.755757 2.759097 2.677641 2.677704 2.677641 2.814120 2.814542 3.447536 3.447434 3.447536 4.004560 4.004560 3.991092 3.990846 3.990723 4.286024 4.285637 3.736621 3.736405
2.112826 2.113005 2.112594 2.249849 2.250166 3.347311 3.376344 3.384636 5.557338 5.548832 5.535145 5.570947 5.583752 4.671415 4.666514 2.118100 2.099427 2.099095 1.848723 1.847642 2.489602 2.488016 2.482413 3.229638 3.234722 3.378946 3.344814 3.340437 3.598847 3.600682 4.349501 4.387035 4.386937 4.624419 4.689925 3.463451 3.476161 3.483466 3.250460 3.251836 3.135383 3.135211 3.135297 4.027231 4.027231 4.390887 4.390887 4.391029 4.575346 4.575054 4.645358 4.644925 4.644635 4.919115 4.919115 4.762635 4.762344
2.112239 2.108618 2.112292 2.243660 2.247740 3.350549 3.350465 3.394102 5.619351 5.586593 5.542647 5.584779 5.582771 4.673849 4.660641 2.132154 2.123350 2.120540 1.847547 1.851569 2.466646 2.482861 2.487285 3.225709 3.238723 3.374470 3.390040 3.392594 3.608195 3.601048 4.397659 4.397366 4.373760 4.646429 4.751102 3.479129 3.483992 3.487332 3.253245 3.254618 3.138191 3.137932 3.138018 4.029354 4.029861 4.393276 4.393418 4.393135 4.577808 4.577224 4.646986 4.646986 4.646842 4.921639 4.921335 4.764429 4.764575
2.111937 2.113344 2.106953 2.249474 2.251749 3.354972 3.382822 3.399447 5.629787 5.628908 5.592527 5.607465 5.614117 4.713463 4.696553 2.131731 2.132286 2.123308 1.851600 1.850461 2.494077 2.496022 2.479349 3.244778 3.251791 3.398643 3.389545 3.397191 3.613108 3.592320 4.387727 4.365067 4.409069 4.657155 4.760425 3.487251 3.490586 3.493009 3.257397 3.257397 3.140823 3.140737 3.140737 4.031730 4.032236 4.395522 4.395664 4.395664 4.579538 4.579684 4.649335 4.649190 4.648469 4.923554 4.923250 4.766222 4.765786
