Data/ET/20200108.L3.pakistan.eto.forecast.txt
ncols    	169
nrows    	134
xllcorner	60.9
yllcorner	23.7
cellsize 	0.1
NODATA_value  -9999
[rows 50 to 74 of 134, columns 57 to 113 of 169]
-9999.000000 -9999.000000 -9999.000000 -9999.000000 -9999.000000 -9999.000000 -9999.000000 -9999.000000 -9999.000000 -9999.000000 -9999.000000 -9999.000000 -9999.000000 -9999.000000 -9999.000000 -9999.000000 -9999.000000 -9999.000000 -9999.000000 -9999.000000 -9999.000000 -9999.000000 -9999.000000 -9999.000000 -9999.000000 -9999.000000 -9999.000000 1.800060 2.098311 2.094071 2.256594 2.260279 2.261545 1.932994 1.939495 4.313330 4.316023 4.323498 4.584002 4.585634 4.973554 4.974265 4.976042 4.598431 4.598266 3.306708 3.305189 3.304972 4.782351 4.782351 3.688969 3.688586 3.689351 1.980403 1.980403 2.065696 2.065805
-9999.000000 -9999.000000 -9999.000000 -9999.000000 -9999.000000 -9999.000000 -9999.000000 -9999.000000 -9999.000000 -9999.000000 -9999.000000 -9999.000000 -9999.000000 -9999.000000 -9999.000000 -9999.000000 -9999.000000 -9999.000000 -9999.000000 -9999.000000 -9999.000000 -9999.000000 -9999.000000 -9999.000000 -9999.000000 -9999.000000 -9999.000000 1.801103 2.104834 2.101006 2.248995 2.247728 2.235043 1.924401 1.942036 4.268336 4.323435 4.326569 4.586843 4.589288 4.975892 4.977490 4.979088 4.600476 4.601298 3.309220 3.308137 3.308028 4.784928 4.785272 3.691707 3.691834 3.691580 1.983051 1.983143 2.068459 2.068930
-9999.000000 -9999.000000 -9999.000000 -9999.000000 -9999.000000 -9999.000000 -9999.000000 -9999.000000 -9999.000000 -9999.000000 -9999.000000 -9999.000000 -9999.000000 -9999.000000 -9999.000000 3.554154 -9999.000000 -9999.000000 -9999.000000 3.496582 -9999.000000 -9999.000000 -9999.000000 -9999.000000 -9999.000000 -9999.000000 2.727944 2.717816 2.457973 2.447241 2.179684 2.189142 2.169916 1.844751 1.861583 3.740434 3.758051 3.761445 5.068227 5.069302 5.654776 5.655966 5.656562 4.597997 4.597663 3.808231 3.808363 3.807965 3.238251 3.238145 3.174169 3.173966 3.174067 2.664002 2.664291 2.580307 2.581121
-9999.000000 -9999.000000 -9999.000000 -9999.000000 -9999.000000 -9999.000000 -9999.000000 -9999.000000 -9999.000000 -9999.000000 -9999.000000 -9999.000000 -9999.000000 -9999.000000 -9999.000000 3.559744 3.560846 3.559100 3.505970 3.507092 3.241058 -9999.000000 -9999.000000 -9999.000000 -9999.000000 2.723217 2.678103 2.725419 2.456705 2.447652 2.193016 2.186323 2.171581 1.851792 1.861094 3.733768 3.756491 3.764241 5.070264 5.073127 5.655864 5.658839 5.660226 4.600690 4.600857 3.811311 3.811311 3.811045 3.241030 3.240820 3.176611 3.176814 3.176814 2.666849 2.666705 2.582958 2.583770
-9999.000000 -9999.000000 -9999.000000 -9999.000000 -9999.000000 -9999.000000 -9999.000000 -9999.000000 -9999.000000 -9999.000000 -9999.000000 -9999.000000 -9999.000000 3.606058 3.605363 3.563582 3.561892 3.562532 3.508788 3.509904 3.242954 3.247764 -9999.000000 2.958493 2.960776 2.698727 2.699955 2.730102 2.451829 2.456188 2.182288 2.173003 2.180709 1.831886 1.857634 3.692743 3.734415 3.764376 5.072837 5.076768 5.660718 5.662302 5.665074 4.603215 4.603549 3.813726 3.814255 3.813858 3.243702 3.243702 3.179660 3.179356 3.179559 2.669766 2.669550 2.586755 2.586620
-9999.000000 -9999.000000 -9999.000000 -9999.000000 -9999.000000 -9999.000000 -9999.000000 -9999.000000 -9999.000000 3.359864 -9999.000000 3.512398 3.511521 3.535401 3.533503 3.462685 3.463488 3.462256 3.484719 3.487007 3.035763 3.037186 3.040077 2.775775 2.782205 2.853749 2.859826 2.865096 3.140984 3.153160 1.593073 1.592397 1.592928 2.485598 2.517614 4.174429 4.182835 4.231927 5.513336 5.516842 6.032110 6.033390 6.034029 4.912433 4.911180 4.503446 4.503771 4.503609 3.919366 3.919366 4.017788 4.017213 4.017645 3.690396 3.690396 3.518134 3.517661
-9999.000000 -9999.000000 -9999.000000 -9999.000000 -9999.000000 -9999.000000 -9999.000000 -9999.000000 -9999.000000 -9999.000000 3.503956 3.505269 3.501320 3.531817 3.534072 3.453839 3.460002 3.462953 3.485373 3.488594 3.042825 3.047096 3.024690 2.776926 2.789111 2.832540 2.854359 2.872184 3.154080 3.148867 1.594564 1.594586 1.594728 2.456668 2.519418 4.166092 4.180649 4.229483 5.513881 5.519721 6.033774 6.037823 6.037184 4.914960 4.914065 4.506196 4.506521 4.506521 3.922221 3.922221 4.020515 4.020371 4.020371 3.693329 3.692706 3.520706 3.520588
-9999.000000 -9999.000000 -9999.000000 -9999.000000 -9999.000000 -9999.000000 -9999.000000 -9999.000000 -9999.000000 -9999.000000 -9999.000000 2.757665 2.756542 3.377378 3.379043 3.211317 3.212436 3.214137 3.276943 3.275539 3.113913 3.110668 3.100258 2.681659 2.677311 2.756773 2.767097 2.773412 1.375677 1.377547 1.721009 1.720103 1.719657 2.477365 2.456856 3.898934 3.919047 3.955076 5.031686 5.038587 6.094515 6.096918 6.097354 5.539870 5.538852 5.117884 5.118255 5.118255 5.033788 5.033973 4.629460 4.629290 4.628610 4.035790 4.035647 4.177591 4.177890
-9999.000000 -9999.000000 2.499206 2.622849 2.626717 -9999.000000 -9999.000000 -9999.000000 2.815758 2.815058 2.759149 2.754995 2.756121 3.377773 3.380656 3.209235 3.210517 3.214561 3.268569 3.258731 3.100547 3.087728 3.109479 2.679461 2.689703 2.760324 2.771275 2.771637 1.380381 1.386345 1.722818 1.722783 1.724474 2.445581 2.465137 3.891201 3.914996 3.947917 5.034582 5.040389 6.096872 6.099710 6.099491 5.542440 5.541830 5.120494 5.121050 5.121050 5.036087 5.036272 4.632462 4.631953 4.631273 4.038550 4.039548 4.180093 4.180392
-9999.000000 2.483268 2.494764 2.622655 2.615593 3.356413 3.351838 3.350325 2.816808 2.809777 2.743645 2.749581 2.745338 3.369930 3.374632 3.198189 3.194157 3.194813 3.265709 3.272740 3.116083 3.116759 3.114052 2.678451 2.683482 2.765625 2.773067 2.768370 1.384459 1.384348 1.723866 1.724123 1.728062 2.458963 2.487130 3.894116 3.910705 3.944731 5.035118 5.042371 6.097919 6.102718 6.102718 5.545009 5.544602 5.123473 5.123658 5.123658 5.038941 5.039497 4.634613 4.634953 4.634274 4.041307 4.042732 4.182891 4.182593
3.726400 3.733078 3.715077 3.582960 3.587152 3.162631 3.166244 3.167521 2.658213 2.655405 2.449816 2.456836 2.459456 3.025014 3.021622 3.460443 3.460612 3.465088 2.956171 2.958690 2.966545 2.957035 2.948638 2.559467 2.565347 1.730960 1.730756 1.728947 2.487538 2.497943 1.914734 1.915137 1.924359 1.977969 1.975479 3.057096 3.114449 3.112375 4.490505 4.501124 5.359916 5.362295 5.363088 5.210019 5.210213 5.337937 5.337937 5.338327 5.622938 5.623348 5.364637 5.364245 5.363069 4.900224 4.900405 4.456126 4.455318
3.723156 3.728529 3.718850 3.578012 3.578641 3.162162 3.161636 3.158042 2.655132 2.652095 2.445206 2.441270 2.450025 3.006924 3.019471 3.475627 3.479782 3.470616 2.948865 2.964345 2.967853 2.973659 2.975051 2.566982 2.574630 1.732500 1.732202 1.732405 2.494769 2.493340 1.916788 1.918656 1.925776 1.985921 1.982781 3.087690 3.104179 3.115044 4.489752 4.504480 5.362202 5.365569 5.365965 5.212513 5.213095 5.340442 5.340831 5.341026 5.625815 5.626020 5.366484 5.366093 5.368442 4.902452 4.902994 4.458173 4.458011
3.620991 3.617944 3.618014 3.510987 3.515862 3.107150 3.106347 3.111365 2.632724 2.610351 2.192393 2.200207 2.203403 2.669701 2.671259 3.607994 3.609201 3.607994 3.806859 3.794940 3.298411 3.299984 3.302238 2.774070 2.774122 2.880025 2.873091 2.870340 2.738360 2.743771 2.112156 2.127655 2.130959 2.681368 2.654684 3.747382 3.799042 3.801101 4.642572 4.665753 5.671128 5.672576 5.672162 5.582744 5.583357 5.740507 5.740717 5.740927 5.921266 5.920832 5.245176 5.245176 5.245952 4.453778 4.453452 4.027022 4.026879
3.645121 3.644515 3.649146 3.550033 3.547689 3.132264 3.116509 3.108225 2.625379 2.635202 2.198478 2.198302 2.199182 2.653897 2.651923 3.593168 3.612008 3.614198 3.814759 3.815850 3.303123 3.303940 3.304213 2.768765 2.765718 2.881633 2.879350 2.880965 2.753773 2.737883 2.129360 2.128642 2.134441 2.677214 2.660369 3.701969 3.806016 3.822497 4.616797 4.667011 5.670183 5.675146 5.675146 5.585557 5.585353 5.743704 5.743284 5.743074 5.923233 5.923884 5.247776 5.248551 5.248939 4.455971 4.455646 4.030111 4.029542
3.654605 3.654339 3.654672 3.557237 3.553914 3.131180 3.107483 3.116354 2.632726 2.622065 2.183271 2.190023 2.190074 2.637176 2.649203 3.593584 3.593728 3.604181 3.808667 3.808589 3.298211 3.293757 3.295815 2.765872 2.767867 2.887227 2.891257 2.877734 2.759130 2.756981 2.134172 2.138207 2.140073 2.698157 2.702069 3.770073 3.814044 3.825431 4.590756 4.670222 5.672755 5.677921 5.677714 5.588163 5.588571 5.746060 5.746689 5.746689 5.925633 5.925199 5.250761 5.251730 5.251148 4.458326 4.458489 4.032488 4.031920
3.003157 3.003570 3.001677 2.451575 2.446770 2.805679 2.808740 2.795890 2.517929 2.506759 2.332709 2.329587 2.333675 2.042469 2.045020 2.968635 2.963429 2.972287 3.143242 3.144440 2.710498 2.723933 2.729714 2.361974 2.367976 2.798390 2.800303 2.803765 2.805461 2.811281 2.271903 2.276262 2.280650 2.372684 2.350003 3.625400 3.673579 3.681586 5.021761 5.065902 6.336139 6.343331 6.343331 6.015659 6.015874 5.910002 5.910216 5.910644 5.155092 5.155280 4.185920 4.184712 4.184561 3.811136 3.811402 3.765266 3.764618
3.004456 3.004101 2.996576 2.453576 2.451146 2.796013 2.802634 2.802759 2.516541 2.510798 2.334677 2.330499 2.318010 2.036519 2.040048 2.960100 2.972084 2.981684 3.160644 3.164518 2.726591 2.735892 2.742445 2.372558 2.374361 2.813897 2.802673 2.806066 2.796987 2.806928 2.274879 2.272689 2.279361 2.370667 2.375773 3.578544 3.664004 3.677618 5.014568 5.063281 6.339619 6.346579 6.346579 6.018977 6.018761 5.912618 5.913260 5.913260 5.157921 5.158675 4.187492 4.187492 4.186737 3.813698 3.813831 3.767428 3.767039
2.810523 2.806383 2.801005 3.013391 2.966704 2.629016 2.621918 2.633183 2.138314 2.142532 1.691397 1.690083 1.690681 1.540616 1.540912 1.906079 1.907933 1.909355 1.506510 1.505658 1.015954 1.013592 1.014034 0.789989 0.784624 1.073333 1.058655 1.061335 2.330782 2.328060 2.559906 2.558202 2.561365 2.286336 2.297815 3.211834 3.319933 3.332975 5.298548 5.347881 6.186517 6.188501 6.188501 5.868977 5.869191 5.552739 5.553355 5.554176 4.934851 4.934298 4.332457 4.331827 4.332300 4.161694 4.160648 3.491248 3.491132
2.805160 2.779306 2.805413 3.013533 3.006530 2.637235 2.606413 2.627776 2.145427 2.155266 1.695207 1.695921 1.693661 1.540452 1.541621 1.906130 1.911194 1.913465 1.507803 1.506971 1.022747 1.018354 1.008731 0.780842 0.780733 1.057466 1.061849 1.066296 2.330651 2.332852 2.560322 2.553851 2.564444 2.288121 2.281871 3.270305 3.326389 3.325478 5.320512 5.351689 6.190432 6.191092 6.190872 5.870733 5.871804 5.555605 5.554990 5.556425 4.937158 4.937158 4.334274 4.334589 4.334747 4.163861 4.163861 3.493712 3.493828
2.800694 2.802928 2.792581 3.009938 2.984465 2.618055 2.644666 2.634130 2.144281 2.154289 1.698436 1.698747 1.699190 1.540086 1.543230 1.905806 1.909678 1.914032 1.508019 1.507223 1.008305 1.013968 1.005163 0.788206 0.795963 1.057638 1.071358 1.064868 2.339224 2.319921 2.554576 2.549559 2.569202 2.299208 2.287809 3.306543 3.343706 3.354457 5.336426 5.359185 6.193902 6.193462 6.193682 5.873558 5.874200 5.557853 5.559083 5.558878 4.939280 4.939096 4.337507 4.337192 4.336720 4.166772 4.166325 3.497216 3.496985
3.080524 3.091152 3.016045 2.637734 2.627354 2.184638 2.185839 2.186238 3.334709 3.368575 4.206844 4.192863 4.217429 3.428378 3.430584 1.511406 1.514221 1.516352 1.407747 1.404075 1.695184 1.695309 1.695342 1.384568 1.384970 1.043967 1.042929 1.047872 1.891623 1.883717 2.062604 2.067583 2.071273 2.384124 2.360019 3.925846 3.951089 3.968651 5.964937 5.973339 6.280445 6.281796 6.281796 5.342589 5.343380 5.436113 5.436113 5.436113 5.267759 5.266969 5.017203 5.017203 5.016645 4.037597 4.037453 3.327487 3.327273
3.087272 3.093232 3.074114 2.638317 2.637637 2.190434 2.197267 2.181972 3.341965 3.374873 4.233406 4.239717 4.247846 3.443277 3.449312 1.511178 1.512183 1.516818 1.414263 1.403054 1.697179 1.697157 1.697184 1.390689 1.393511 1.055244 1.062968 1.050999 1.891753 1.890688 2.074650 2.068931 2.072551 2.367339 2.373386 3.944516 3.974368 3.985718 5.970499 5.981193 6.283945 6.284170 6.283945 5.345273 5.346458 5.438744 5.438542 5.438744 5.269858 5.269858 5.019973 5.019601 5.019415 4.040157 4.039726 3.330265 3.330051
3.191913 3.192850 3.190699 2.376742 2.377491 1.987841 2.001793 2.005936 4.412023 4.402732 5.562883 5.603969 5.618687 4.785490 4.779891 2.342831 2.312338 2.311793 2.127219 2.124523 1.360097 1.360697 1.362826 1.134926 1.132602 1.661221 1.659868 1.659710 2.184740 2.185503 2.668251 2.691361 2.691300 3.423971 3.477986 5.431208 5.455767 5.469859 6.827798 6.831306 6.623403 6.622932 6.623167 5.823294 5.823294 5.841486 5.841486 5.841702 5.731789 5.731365 4.823520 4.822985 4.822627 3.816115 3.816115 3.536176 3.535941
3.185370 3.166286 3.185648 2.361724 2.371267 1.990611 1.990572 2.011891 4.480913 4.444618 5.571359 5.619744 5.617435 4.787921 4.772830 2.364138 2.349812 2.345231 2.121313 2.131425 1.371615 1.365284 1.363580 1.139509 1.133526 1.662791 1.663441 1.663552 2.189754 2.186785 2.698845 2.698663 2.684022 3.442342 3.529512 5.458724 5.468115 5.474561 6.830170 6.833675 6.626109 6.625402 6.625638 5.825266 5.826122 5.844082 5.844298 5.843866 5.734591 5.733742 4.825477 4.825477 4.825299 3.819240 3.818974 3.538888 3.539005
3.180233 3.187696 3.153777 2.374837 2.380223 1.993931 2.007362 2.015765 4.492993 4.492012 5.628533 5.645730 5.653392 4.832900 4.813538 2.361921 2.362825 2.348171 2.128576 2.125689 1.363571 1.362822 1.369305 1.133486 1.130244 1.665540 1.665157 1.665478 2.192922 2.184321 2.693537 2.679568 2.706840 3.451487 3.537667 5.471647 5.478086 5.482765 6.836042 6.836042 6.628341 6.628106 6.628106 5.827665 5.828521 5.846460 5.846676 5.846676 5.736330 5.736542 4.828325 4.828146 4.827255 3.821831 3.821565 3.541597 3.541246
