Data/ET/20200108.L1.pakistan.eto.forecast.txt
ncols    	169
nrows    	134
xllcorner	60.9
yllcorner	23.7
cellsize 	0.1
NODATA_value  -9999
[rows 50 to 74 of 134, columns 57 to 113 of 169]
-9999.000000 -9999.000000 -9999.000000 -9999.000000 -9999.000000 -9999.000000 -9999.000000 -9999.000000 -9999.000000 -9999.000000 -9999.000000 -9999.000000 -9999.000000 -9999.000000 -9999.000000 -9999.000000 -9999.000000 -9999.000000 -9999.000000 -9999.000000 -9999.000000 -9999.000000 -9999.000000 -9999.000000 -9999.000000 -9999.000000 -9999.000000 2.326694 1.147563 1.150746 1.386111 1.385365 1.385111 1.567977 1.568770 1.846678 1.847056 1.848107 3.023943 3.024788 3.205806 3.206178 3.207108 2.798762 2.798687 2.168934 2.168361 2.168279 2.640268 2.640268 3.193133 3.192849 3.193417 3.881752 3.881752 3.850830 3.851194
-9999.000000 -9999.000000 -9999.000000 -9999.000000 -9999.000000 -9999.000000 -9999.000000 -9999.000000 -9999.000000 -9999.000000 -9999.000000 -9999.000000 -9999.000000 -9999.000000 -9999.000000 -9999.000000 -9999.000000 -9999.000000 -9999.000000 -9999.000000 -9999.000000 -9999.000000 -9999.000000 -9999.000000 -9999.000000 -9999.000000 -9999.000000 2.325998 1.146540 1.149415 1.390380 1.390656 1.393491 1.568999 1.570906 1.842655 1.850260 1.850699 3.026433 3.027699 3.208077 3.208913 3.209749 2.801099 2.801471 2.171592 2.171184 2.171143 2.642831 2.642964 3.195792 3.195887 3.195698 3.883798 3.884166 3.853221 3.854799
-9999.000000 -9999.000000 -9999.000000 -9999.000000 -9999.000000 -9999.000000 -9999.000000 -9999.000000 -9999.000000 -9999.000000 -9999.000000 -9999.000000 -9999.000000 -9999.000000 -9999.000000 1.340576 -9999.000000 -9999.000000 -9999.000000 1.168137 -9999.000000 -9999.000000 -9999.000000 -9999.000000 -9999.000000 -9999.000000 1.260972 1.264156 1.012165 1.020003 0.832221 0.819169 0.845849 0.744170 0.693142 0.759974 0.752397 0.750938 2.253703 2.253971 2.937355 2.937837 2.938077 2.651016 2.650885 2.218677 2.218720 2.218590 2.695469 2.695399 3.265448 3.265249 3.265348 3.630345 3.630799 3.578205 3.579536
-9999.000000 -9999.000000 -9999.000000 -9999.000000 -9999.000000 -9999.000000 -9999.000000 -9999.000000 -9999.000000 -9999.000000 -9999.000000 -9999.000000 -9999.000000 -9999.000000 -9999.000000 1.341232 1.340995 1.341370 1.166746 1.166328 0.986772 -9999.000000 -9999.000000 -9999.000000 -9999.000000 1.264976 1.279708 1.264275 1.016881 1.023560 0.818573 0.827852 0.848539 0.731009 0.702628 0.766509 0.756692 0.753347 2.256059 2.256770 2.939265 2.940466 2.941027 2.653644 2.653710 2.221450 2.221450 2.221364 2.698160 2.698019 3.267831 3.268029 3.268029 3.633120 3.632893 3.580619 3.581948
-9999.000000 -9999.000000 -9999.000000 -9999.000000 -9999.000000 -9999.000000 -9999.000000 -9999.000000 -9999.000000 -9999.000000 -9999.000000 -9999.000000 -9999.000000 1.399185 1.399300 1.342239 1.342606 1.342467 1.167761 1.167343 0.988217 0.985541 -9999.000000 1.090620 1.089525 1.275531 1.275124 1.265293 1.024322 1.021079 0.838393 0.851579 0.840626 0.806228 0.721512 0.788023 0.769900 0.756905 2.258547 2.259521 2.942694 2.943333 2.944452 2.656205 2.656336 2.224006 2.224177 2.224049 2.700778 2.700778 3.270806 3.270509 3.270707 3.636005 3.635665 3.584911 3.584690
-9999.000000 -9999.000000 -9999.000000 -9999.000000 -9999.000000 -9999.000000 -9999.000000 -9999.000000 -9999.000000 1.780378 -9999.000000 2.075410 2.074989 1.494804 1.494939 1.020485 1.020050 1.020718 0.795799 0.794107 0.762193 0.760950 0.758424 0.984174 0.979778 0.890670 0.885973 0.881901 1.235784 1.232198 1.370511 1.376581 1.371567 1.460425 1.457164 0.928504 0.925907 0.910758 2.056055 2.056645 2.553611 2.553980 2.554164 2.087680 2.087439 1.398011 1.397993 1.398002 1.923080 1.923080 2.720820 2.720535 2.720749 3.124878 3.124878 3.174928 3.174556
-9999.000000 -9999.000000 -9999.000000 -9999.000000 -9999.000000 -9999.000000 -9999.000000 -9999.000000 -9999.000000 -9999.000000 2.072831 2.073450 2.071592 1.496911 1.496743 1.027749 1.024390 1.022779 0.798141 0.795748 0.759150 0.755392 0.775060 0.986230 0.977844 0.910612 0.893625 0.879764 1.234697 1.236246 1.375919 1.375676 1.374263 1.465978 1.458919 0.934235 0.929714 0.914573 2.058313 2.059292 2.556124 2.557288 2.557104 2.090513 2.090342 1.400692 1.400674 1.400674 1.925693 1.925693 2.723442 2.723371 2.723371 3.127636 3.127187 3.177557 3.177464
-9999.000000 -9999.000000 -9999.000000 -9999.000000 -9999.000000 -9999.000000 -9999.000000 -9999.000000 -9999.000000 -9999.000000 -9999.000000 2.574984 2.573769 2.010627 2.011295 1.628847 1.628874 1.628915 1.258887 1.259383 0.978744 0.980907 0.987843 0.901720 0.905643 0.923438 0.915384 0.910468 1.086506 1.091152 1.489209 1.489863 1.490195 1.320619 1.327089 1.172809 1.168727 1.161469 1.896263 1.897122 1.418090 1.418003 1.417987 1.229297 1.229402 1.023705 1.023635 1.023635 0.864482 0.864434 1.693694 1.693684 1.693644 2.159599 2.159560 2.834802 2.834953
-9999.000000 -9999.000000 1.398603 1.514299 1.513899 -9999.000000 -9999.000000 -9999.000000 2.602075 2.601348 2.577417 2.572931 2.574146 2.012347 2.013497 1.630902 1.630927 1.631010 1.264591 1.268120 0.990809 0.999400 0.984818 0.907233 0.897935 0.924618 0.916020 0.915737 1.095305 1.109748 1.491433 1.491460 1.490240 1.333464 1.327072 1.177221 1.172349 1.165657 1.898979 1.899698 1.421162 1.421056 1.421064 1.232317 1.232381 1.026730 1.026624 1.026624 0.867295 0.867248 1.696400 1.696371 1.696331 2.162330 2.162597 2.837521 2.837672
-9999.000000 1.405095 1.402187 1.516663 1.517444 2.274378 2.271766 2.270905 2.604172 2.596902 2.561625 2.567960 2.563428 2.010834 2.012675 1.632856 1.632810 1.632817 1.268375 1.265830 0.983482 0.983026 0.984855 0.911703 0.907102 0.924393 0.918513 0.922223 1.102444 1.102174 1.494275 1.494067 1.491151 1.331736 1.322649 1.179460 1.176037 1.169063 1.901403 1.902296 1.424282 1.424099 1.424099 1.235336 1.235378 1.029682 1.029646 1.029646 0.869964 0.869820 1.699055 1.699075 1.699036 2.165059 2.165439 2.840390 2.840239
2.531014 2.535636 2.523234 2.463656 2.466590 2.638178 2.641416 2.642563 2.405257 2.402567 1.874634 1.877847 1.879063 1.133832 1.135833 0.962688 0.962571 0.959464 0.844875 0.842589 0.892622 0.900001 0.906513 1.442361 1.441192 1.359779 1.360222 1.364303 1.436462 1.433999 1.863420 1.863759 1.871561 1.410980 1.412296 1.212418 1.196046 1.196629 1.040459 1.038063 1.527363 1.527342 1.527335 2.023757 2.023788 1.884014 1.884014 1.884056 1.375264 1.375239 0.915579 0.915668 0.915934 2.040376 2.040407 2.936392 2.935990
2.529948 2.533645 2.526997 2.461233 2.461669 2.638522 2.638053 2.634848 2.403163 2.400272 1.874079 1.872351 1.876224 1.147449 1.139999 0.955121 0.952202 0.958634 0.854977 0.840866 0.894955 0.890421 0.889334 1.443393 1.441868 1.363687 1.364376 1.363907 1.437436 1.437782 1.865538 1.867111 1.873123 1.410200 1.411833 1.206691 1.201968 1.198880 1.043984 1.040643 1.530353 1.530320 1.530317 2.026662 2.026753 1.886990 1.887031 1.887052 1.378151 1.378139 0.918587 0.918676 0.918142 2.043068 2.043161 2.938905 2.938825
1.106608 1.107961 1.107930 1.027089 1.024489 0.927667 0.928308 0.924302 1.688774 1.686661 1.374589 1.370316 1.368591 1.185563 1.184633 1.669006 1.669055 1.669006 1.681944 1.681480 1.798537 1.798752 1.799061 1.819821 1.819831 1.422965 1.424286 1.424815 1.767782 1.768614 1.678232 1.679792 1.680170 1.353028 1.360488 1.797790 1.804013 1.804267 1.691240 1.692374 2.641861 2.642319 2.642188 2.244198 2.244325 2.321819 2.321866 2.321913 1.652722 1.652710 1.215195 1.215195 1.215100 1.900763 1.900719 2.388142 2.388091
1.098670 1.098941 1.096864 1.009089 1.010357 0.910496 0.923221 0.929876 1.689944 1.690895 1.374044 1.374141 1.373655 1.198211 1.199411 1.670780 1.671461 1.671546 1.684581 1.684624 1.801237 1.801348 1.801385 1.820797 1.820237 1.425264 1.425705 1.425392 1.772069 1.769649 1.682252 1.682177 1.682808 1.357150 1.361930 1.794784 1.806945 1.808983 1.692659 1.695029 2.643549 2.645116 2.645116 2.247209 2.247167 2.324912 2.324818 2.324771 1.655633 1.655650 1.218091 1.217995 1.217946 1.903657 1.903614 2.391262 2.391060
1.097185 1.097305 1.097155 1.008084 1.009894 0.914358 0.933546 0.926386 1.692527 1.691570 1.385556 1.381655 1.381626 1.211692 1.204283 1.673139 1.673144 1.673485 1.686677 1.686674 1.802650 1.802068 1.802336 1.822261 1.822620 1.426782 1.425998 1.428648 1.774785 1.774455 1.685033 1.685463 1.685670 1.354266 1.353188 1.804731 1.809995 1.811394 1.694162 1.697776 2.646348 2.647976 2.647911 2.250175 2.250259 2.327814 2.327955 2.327955 1.658553 1.658542 1.220936 1.220814 1.220887 1.906572 1.906593 2.394126 2.393925
0.919426 0.919132 0.920477 0.871737 0.877407 1.104918 1.102611 1.112286 1.191902 1.199998 1.300014 1.301985 1.299406 0.928568 0.923026 1.603700 1.603899 1.603568 1.489360 1.489206 1.585098 1.584468 1.584220 1.430722 1.428965 1.718925 1.719057 1.719299 2.111103 2.113478 1.866180 1.867656 1.869156 1.643331 1.642970 2.093457 2.106905 2.109166 2.640146 2.656176 2.889213 2.891721 2.891721 2.825957 2.826031 2.482539 2.482595 2.482707 1.874477 1.874496 1.760131 1.760036 1.760024 1.787401 1.787428 2.112376 2.112206
0.921776 0.922028 0.927400 0.873542 0.876426 1.115415 1.110394 1.110299 1.195692 1.199894 1.301369 1.304039 1.312122 0.946858 0.939057 1.606370 1.605869 1.605508 1.489501 1.489010 1.586652 1.586234 1.585962 1.430577 1.430050 1.722353 1.721583 1.721812 2.109336 2.113353 1.869123 1.868394 1.870628 1.645786 1.645883 2.082521 2.105984 2.109800 2.639338 2.656976 2.892327 2.894751 2.894751 2.829149 2.829075 2.485362 2.485530 2.485530 1.877365 1.877440 1.762840 1.762840 1.762782 1.790221 1.790235 2.115101 2.115000
1.487610 1.488265 1.489126 1.712068 1.708153 1.463190 1.465223 1.462012 1.173078 1.168064 1.083238 1.094604 1.089326 1.502592 1.503189 1.943616 1.945549 1.947036 1.477742 1.476153 1.444995 1.444284 1.444417 1.662786 1.662900 1.754490 1.756754 1.756324 1.919185 1.918226 2.607753 2.606156 2.609121 2.469982 2.483074 2.535622 2.598716 2.606385 2.673486 2.690659 2.842088 2.842762 2.842762 2.637765 2.637830 2.488998 2.489167 2.489392 2.017107 2.017023 1.855378 1.855308 1.855360 2.014101 2.013909 2.359909 2.359861
1.490975 1.495325 1.490934 1.714097 1.713470 1.463181 1.472277 1.465907 1.168173 1.156488 1.067875 1.062418 1.080357 1.500878 1.503293 1.944136 1.949408 1.951786 1.479244 1.477698 1.448908 1.447557 1.444647 1.665541 1.665544 1.759909 1.759219 1.758539 1.920984 1.921753 2.608593 2.602530 2.612454 2.471933 2.464786 2.570734 2.603547 2.603012 2.682980 2.693836 2.845401 2.845626 2.845551 2.640397 2.640719 2.491884 2.491716 2.492108 2.019815 2.019815 1.858132 1.858166 1.858183 2.016842 2.016842 2.362627 2.362675
1.494251 1.493874 1.495635 1.715807 1.713765 1.471207 1.463350 1.466404 1.173127 1.161074 1.057342 1.055025 1.051788 1.498605 1.505227 1.944275 1.948286 1.952822 1.478756 1.477266 1.446323 1.448037 1.445382 1.667949 1.667834 1.762823 1.760774 1.761719 1.925813 1.919184 2.603667 2.598968 2.617356 2.484496 2.471487 2.592967 2.614745 2.621064 2.690372 2.698297 2.848561 2.848412 2.848487 2.643349 2.643541 2.494599 2.494934 2.494878 2.022493 2.022465 1.861039 1.861005 1.860954 2.019716 2.019635 2.365774 2.365678
1.843299 1.845393 1.831684 1.673644 1.673069 1.313672 1.312772 1.312473 1.022718 1.002740 0.920272 0.926362 0.915652 0.997383 0.996354 1.556449 1.558444 1.560024 1.875654 1.880024 1.758740 1.758900 1.758942 1.508608 1.508845 1.851481 1.851769 1.850408 1.802454 1.798798 2.459171 2.467030 2.472830 1.969628 1.959652 2.597851 2.609160 2.617053 2.600425 2.602839 2.564741 2.565103 2.565103 2.385173 2.385371 2.236120 2.236120 2.236120 2.192901 2.192749 2.079287 2.079287 2.079195 1.957933 1.957910 2.076375 2.076315
1.846606 1.847775 1.844084 1.675595 1.675558 1.312248 1.307135 1.318677 1.021551 1.002010 0.911855 0.909078 0.905497 0.993711 0.990886 1.557174 1.557852 1.561175 1.872768 1.885645 1.761511 1.761484 1.761518 1.513666 1.515390 1.851583 1.849587 1.852704 1.804038 1.803548 2.477300 2.468308 2.474005 1.964301 1.966779 2.607750 2.621139 2.626246 2.604167 2.607235 2.567897 2.567957 2.567897 2.388086 2.388383 2.239014 2.238974 2.239014 2.195711 2.195711 2.082199 2.082137 2.082107 1.960853 1.960785 2.079319 2.079259
1.436241 1.436008 1.436542 1.398670 1.398339 1.352240 1.340120 1.336647 0.956046 0.959558 1.107220 1.098209 1.094973 1.288647 1.289475 0.820448 0.858954 0.859649 1.154112 1.156815 1.555049 1.555252 1.555986 1.827394 1.828105 1.910577 1.904095 1.903286 1.954582 1.954966 1.772564 1.775366 1.775358 1.505240 1.500375 2.595282 2.602777 2.607095 2.757167 2.758184 2.575476 2.575356 2.575416 2.362196 2.362196 2.170411 2.170411 2.170447 2.041047 2.040991 2.086451 2.086359 2.086297 1.881770 1.881770 1.815529 1.815503
1.440607 1.445478 1.440536 1.408009 1.403661 1.353314 1.353349 1.334922 0.933015 0.946886 1.108415 1.097745 1.098255 1.291259 1.293508 0.798876 0.816716 0.822457 1.164319 1.154070 1.561006 1.558671 1.558067 1.829126 1.830914 1.911860 1.914865 1.915364 1.958668 1.957179 1.778528 1.778506 1.776721 1.506376 1.498732 2.605853 2.608723 2.610696 2.760246 2.761260 2.578591 2.578412 2.578471 2.365048 2.365238 2.173374 2.173410 2.173338 2.044023 2.043912 2.089224 2.089224 2.089194 1.884726 1.884690 1.818391 1.818404
1.444673 1.442753 1.451570 1.404602 1.402154 1.353861 1.341994 1.334881 0.931512 0.931890 1.098798 1.094976 1.093271 1.287514 1.290399 0.806523 0.805394 0.823777 1.161150 1.164107 1.559864 1.559602 1.561941 1.833996 1.834973 1.918652 1.916889 1.918369 1.961816 1.957536 1.780117 1.778478 1.781736 1.508349 1.500721 2.611966 2.613934 2.615365 2.764334 2.764334 2.581584 2.581524 2.581524 2.367994 2.368182 2.176299 2.176335 2.176335 2.046858 2.046886 2.092149 2.092118 2.091966 1.887608 1.887573 1.821251 1.821213
