Data/ET/20200108.L2.pakistan.eto.forecast.txt
ncols    	169
nrows    	134
xllcorner	60.9
yllcorner	23.7
cellsize 	0.1
NODATA_value  -9999
[rows 50 to 74 of 134, columns 57 to 113 of 169]
-9999.000000 -9999.000000 -9999.000000 -9999.000000 -9999.000000 -9999.000000 -9999.000000 -9999.000000 -9999.000000 -9999.000000 -9999.000000 -9999.000000 -9999.000000 -9999.000000 -9999.000000 -9999.000000 -9999.000000 -9999.000000 -9999.000000 -9999.000000 -9999.000000 -9999.000000 -9999.000000 -9999.000000 -9999.000000 -9999.000000 -9999.000000 2.085701 1.108555 1.112348 1.439267 1.438756 1.438583 1.728516 1.731825 1.247228 1.246899 1.245989 2.567553 2.568183 2.990826 2.991164 2.992010 1.433331 1.433336 0.713932 0.714719 0.714832 2.022439 2.022439 3.163444 3.163161 3.163727 3.514209 3.514209 3.299820 3.300118
-9999.000000 -9999.000000 -9999.000000 -9999.000000 -9999.000000 -9999.000000 -9999.000000 -9999.000000 -9999.000000 -9999.000000 -9999.000000 -9999.000000 -9999.000000 -9999.000000 -9999.000000 -9999.000000 -9999.000000 -9999.000000 -9999.000000 -9999.000000 -9999.000000 -9999.000000 -9999.000000 -9999.000000 -9999.000000 -9999.000000 -9999.000000 2.085724 1.107042 1.110470 1.442974 1.443168 1.445186 1.725271 1.734113 1.255858 1.249013 1.248629 2.570307 2.571249 2.993351 2.994111 2.994871 1.436299 1.436273 0.716994 0.717558 0.717614 2.025150 2.025214 3.166063 3.166158 3.165969 3.516378 3.516705 3.302376 3.303667
-9999.000000 -9999.000000 -9999.000000 -9999.000000 -9999.000000 -9999.000000 -9999.000000 -9999.000000 -9999.000000 -9999.000000 -9999.000000 -9999.000000 -9999.000000 -9999.000000 -9999.000000 1.279623 -9999.000000 -9999.000000 -9999.000000 1.310883 -9999.000000 -9999.000000 -9999.000000 -9999.000000 -9999.000000 -9999.000000 1.153831 1.158505 1.260268 1.264487 1.064219 1.055270 1.073597 0.875706 0.831710 0.897387 0.891025 0.889801 2.365962 2.366272 3.457149 3.457792 3.458114 2.809225 2.809075 1.975213 1.975242 1.975155 2.121776 2.121738 2.629906 2.629772 2.629839 2.952485 2.952815 3.050385 3.051438
-9999.000000 -9999.000000 -9999.000000 -9999.000000 -9999.000000 -9999.000000 -9999.000000 -9999.000000 -9999.000000 -9999.000000 -9999.000000 -9999.000000 -9999.000000 -9999.000000 -9999.000000 1.279870 1.279556 1.280054 1.310615 1.310352 1.244082 -9999.000000 -9999.000000 -9999.000000 -9999.000000 1.158803 1.180097 1.157777 1.263801 1.267415 1.055572 1.061936 1.076183 0.864753 0.840274 0.903361 0.895112 0.892302 2.368492 2.369318 3.459102 3.460708 3.461458 2.812023 2.812097 1.978122 1.978122 1.978065 2.124482 2.124406 2.632376 2.632510 2.632510 2.955326 2.955161 3.052990 3.054041
-9999.000000 -9999.000000 -9999.000000 -9999.000000 -9999.000000 -9999.000000 -9999.000000 -9999.000000 -9999.000000 -9999.000000 -9999.000000 -9999.000000 -9999.000000 1.772843 1.772659 1.280591 1.281078 1.280893 1.311856 1.311592 1.245705 1.244209 -9999.000000 1.295017 1.294357 1.173216 1.172631 1.158374 1.268826 1.267065 1.069904 1.079011 1.071444 0.930240 0.856957 0.921950 0.906695 0.895769 2.371177 2.372309 3.463088 3.463943 3.465438 2.814744 2.814893 1.980885 1.980999 1.980914 2.127148 2.127148 2.635246 2.635046 2.635179 2.958245 2.957999 3.057080 3.056905
-9999.000000 -9999.000000 -9999.000000 -9999.000000 -9999.000000 -9999.000000 -9999.000000 -9999.000000 -9999.000000 1.744633 -9999.000000 2.120051 2.119562 2.149524 2.148508 1.740617 1.740757 1.740542 1.585851 1.585917 1.364532 1.364250 1.363676 1.225161 1.222474 1.490828 1.490338 1.489923 1.721461 1.723030 1.255088 1.265459 1.256910 1.208448 1.193790 0.885265 0.882354 0.865350 1.803579 1.803891 3.243553 3.244144 3.244439 3.323198 3.322494 2.607808 2.607937 2.607873 2.290994 2.290994 2.322612 2.322416 2.322563 2.329525 2.329525 2.595182 2.594925
-9999.000000 -9999.000000 -9999.000000 -9999.000000 -9999.000000 -9999.000000 -9999.000000 -9999.000000 -9999.000000 -9999.000000 2.116516 2.117238 2.115072 2.148639 2.149840 1.740556 1.741606 1.742114 1.587584 1.587669 1.365224 1.364369 1.368899 1.227258 1.222122 1.494880 1.492944 1.491481 1.725101 1.724436 1.263041 1.262629 1.260226 1.224964 1.195537 0.891442 0.886380 0.869395 1.806096 1.806612 3.245871 3.247739 3.247444 3.325799 3.325297 2.610520 2.610649 2.610649 2.293740 2.293740 2.325308 2.325259 2.325259 2.332323 2.332082 2.597920 2.597856
-9999.000000 -9999.000000 -9999.000000 -9999.000000 -9999.000000 -9999.000000 -9999.000000 -9999.000000 -9999.000000 -9999.000000 -9999.000000 1.787023 1.786684 1.957879 1.958515 1.640480 1.640552 1.640663 1.615122 1.615069 1.353604 1.354352 1.356767 1.325328 1.326686 1.997834 2.002290 2.005035 1.365275 1.367116 0.866478 0.871816 0.874477 1.274399 1.282114 1.051551 1.045861 1.035700 1.755045 1.755563 2.857597 2.858469 2.858628 3.063065 3.062613 2.570570 2.570694 2.570694 2.221245 2.221288 2.288411 2.288364 2.288177 2.167990 2.167951 2.528665 2.528785
-9999.000000 -9999.000000 1.852284 1.393723 1.392855 -9999.000000 -9999.000000 -9999.000000 1.847197 1.846958 1.788752 1.787511 1.787846 1.959233 1.960330 1.642081 1.642159 1.642410 1.616630 1.616324 1.358989 1.362038 1.356885 1.328435 1.325207 2.000558 2.005276 2.005433 1.369865 1.375731 0.869269 0.869483 0.859500 1.289136 1.281572 1.056785 1.050013 1.040673 1.757719 1.758150 2.860340 2.861369 2.861289 3.065744 3.065473 2.573356 2.573541 2.573541 2.223866 2.223909 2.291248 2.291108 2.290922 2.170775 2.171048 2.531443 2.531562
-9999.000000 1.847887 1.852028 1.395959 1.397584 1.676832 1.676371 1.676219 1.848901 1.846536 1.785514 1.787225 1.786000 1.957497 1.959257 1.643197 1.642979 1.643014 1.618366 1.618577 1.357580 1.357420 1.358062 1.331191 1.329575 2.004027 2.007226 2.005205 1.373836 1.373726 0.876798 0.875203 0.851649 1.286582 1.275788 1.058998 1.054251 1.044541 1.760217 1.760750 2.862607 2.864345 2.864345 3.068420 3.068240 2.576263 2.576325 2.576325 2.226613 2.226741 2.293851 2.293944 2.293758 2.173558 2.173946 2.534338 2.534218
2.536327 2.541066 2.528342 2.034974 2.036762 2.057548 2.059265 2.059874 1.985970 1.984415 1.782819 1.785197 1.786099 1.759521 1.758836 1.614652 1.614659 1.614852 1.412285 1.411843 1.369304 1.371366 1.373203 1.702999 1.703936 1.404570 1.404895 1.407886 0.820894 0.808593 1.003935 1.003034 0.982849 1.124307 1.127717 1.504290 1.501151 1.501255 1.667829 1.668285 2.079290 2.079693 2.079827 2.269858 2.269903 2.500538 2.500538 2.500653 2.700185 2.700325 2.628893 2.628762 2.628371 2.407573 2.407626 2.604038 2.603719
2.534842 2.538638 2.531811 2.033924 2.034189 2.058374 2.058126 2.056434 1.985230 1.983566 1.782606 1.781331 1.784190 1.757437 1.759875 1.616947 1.617133 1.616730 1.415645 1.412875 1.371230 1.369964 1.369661 1.705779 1.707003 1.407746 1.408252 1.407907 0.816720 0.818421 1.006189 1.001966 0.986205 1.118374 1.122644 1.504950 1.504040 1.503466 1.670279 1.670898 2.081994 2.082562 2.082629 2.272557 2.272693 2.503228 2.503343 2.503400 2.702904 2.702974 2.631383 2.631253 2.632033 2.410210 2.410369 2.606681 2.606618
2.176335 2.174887 2.174920 2.518018 2.521505 2.068386 2.068006 2.070387 2.113975 2.098829 1.913452 1.918546 1.920652 2.094593 2.095535 1.962943 1.963280 1.962943 2.033151 2.029615 1.705115 1.705267 1.705487 1.074109 1.074078 0.806288 0.812488 0.814948 0.991191 0.987239 0.962332 0.938456 0.933450 0.803813 0.828829 1.213745 1.202091 1.201630 1.780158 1.782065 2.408828 2.409196 2.409091 2.207618 2.207738 2.206737 2.206778 2.206819 2.482636 2.482521 2.154180 2.154180 2.154330 2.266736 2.266647 2.625637 2.625573
2.189173 2.188879 2.191128 2.547107 2.545394 2.081662 2.074087 2.070159 2.109931 2.116633 1.918380 1.918265 1.918837 2.085955 2.084784 1.960325 1.965530 1.966142 2.036936 2.037262 1.707333 1.707411 1.707437 1.080584 1.082437 0.808735 0.810787 0.809335 0.983539 0.995213 0.941648 0.942751 0.933885 0.811824 0.827705 1.226926 1.203187 1.199477 1.780424 1.784474 2.410614 2.411874 2.411874 2.210532 2.210492 2.209647 2.209567 2.209526 2.485225 2.485398 2.156951 2.157101 2.157176 2.269466 2.269378 2.628754 2.628497
2.195004 2.194875 2.195037 2.553225 2.550791 2.082353 2.071077 2.075262 2.115898 2.108683 1.909676 1.913935 1.913967 2.076985 2.084033 1.961938 1.961977 1.964836 2.036558 2.036535 1.708640 1.708230 1.708419 1.085648 1.084425 0.807576 0.803933 0.816158 0.983190 0.984775 0.940047 0.933848 0.930996 0.796185 0.792500 1.214047 1.204028 1.201449 1.780759 1.787042 2.413293 2.414602 2.414550 2.213403 2.213483 2.212393 2.212514 2.212514 2.487928 2.487813 2.159795 2.159982 2.159870 2.272239 2.272283 2.631546 2.631290
2.162206 2.162429 2.161410 1.827650 1.826007 2.144683 2.146640 2.138472 1.890111 1.885404 1.614102 1.613971 1.614144 1.549195 1.548925 1.587249 1.587352 1.587183 1.375347 1.375080 1.274193 1.268826 1.266534 1.279760 1.276710 1.408441 1.408037 1.407310 1.462069 1.461152 1.015890 1.011187 1.006476 0.878542 0.904538 0.852145 0.828745 0.824857 1.511123 1.509758 2.478804 2.480606 2.480606 2.098113 2.098145 1.641273 1.641276 1.641284 1.616916 1.616918 1.570961 1.570969 1.570970 1.935146 1.935192 2.323424 2.323189
2.163977 2.163787 2.159760 1.829715 1.828888 2.139576 2.143755 2.143834 1.890619 1.888213 1.615626 1.615469 1.615106 1.551716 1.551264 1.589360 1.589087 1.588904 1.373757 1.372895 1.270498 1.266781 1.264178 1.277509 1.276592 1.407839 1.410215 1.409493 1.466077 1.464454 1.017551 1.019941 1.012679 0.885615 0.879767 0.878394 0.836718 0.830080 1.513937 1.512378 2.481695 2.483436 2.483436 2.101062 2.101029 1.644062 1.644072 1.644072 1.619730 1.619737 1.573701 1.573701 1.573707 1.937929 1.937952 2.326110 2.325969
2.178815 2.176276 2.172990 2.423129 2.386653 2.120067 2.114947 2.123091 1.310919 1.307934 1.321667 1.327502 1.324785 0.967277 0.970707 1.066843 1.062958 1.059993 1.219987 1.215913 1.094830 1.092704 1.093102 1.265762 1.263585 1.517482 1.514716 1.515208 1.630466 1.630485 1.887019 1.886539 1.887431 1.412948 1.408928 0.897189 0.835803 0.828437 1.758655 1.761431 2.423026 2.423496 2.423496 1.881721 1.881740 1.395179 1.395137 1.395081 1.547510 1.547521 1.866144 1.866071 1.866126 2.293803 2.293489 2.719690 2.719621
2.176553 2.160955 2.176707 2.423849 2.418315 2.126612 2.104539 2.119756 1.308476 1.301560 1.314679 1.311932 1.321014 0.947385 0.961777 1.071744 1.061019 1.056262 1.219858 1.215908 1.101489 1.097529 1.088866 1.263531 1.263487 1.516443 1.517255 1.518094 1.632846 1.632821 1.888856 1.887059 1.890009 1.415444 1.417728 0.867599 0.835706 0.836223 1.762389 1.764137 2.426068 2.426224 2.426172 1.884419 1.884513 1.397913 1.397955 1.397856 1.550222 1.550222 1.868882 1.868918 1.868936 2.296440 2.296440 2.722307 2.722376
2.174872 2.176226 2.169975 2.421618 2.401693 2.113397 2.132604 2.124931 1.311904 1.304736 1.310179 1.309020 1.307405 0.922974 0.963507 1.077539 1.069179 1.059902 1.214689 1.210828 1.089014 1.094112 1.086188 1.267998 1.271175 1.518406 1.521024 1.519767 1.635120 1.635474 1.889007 1.887641 1.893049 1.414562 1.418715 0.850580 0.829404 0.823290 1.765776 1.767045 2.429002 2.428898 2.428950 1.887209 1.887266 1.400687 1.400601 1.400616 1.552935 1.552939 1.871780 1.871744 1.871691 2.299298 2.299164 2.725543 2.725405
2.693249 2.703346 2.633149 2.371350 2.361557 1.939661 1.940563 1.940864 1.375660 1.367937 1.087549 1.092226 1.084004 0.956306 0.955173 1.288258 1.298769 1.306327 1.174862 1.165203 0.918933 0.917853 0.917571 1.063151 1.064157 1.464573 1.464288 1.465651 1.584056 1.585926 1.798635 1.800313 1.801575 1.125253 1.143265 1.227549 1.222273 1.218622 2.379090 2.381023 2.361933 2.362225 2.362225 1.858935 1.859002 1.583563 1.583563 1.583563 1.996132 1.996028 2.432808 2.432808 2.432649 2.700376 2.700308 3.078674 3.078497
2.700173 2.705841 2.687719 2.372212 2.371568 1.944478 1.949655 1.938130 1.376384 1.368820 1.081525 1.079395 1.076649 0.951927 0.948814 1.282538 1.286494 1.303593 1.189543 1.160314 0.919993 0.920182 0.919946 1.075500 1.082414 1.469439 1.471653 1.468239 1.586771 1.587026 1.804347 1.802412 1.803632 1.141636 1.137065 1.226631 1.220382 1.218018 2.382426 2.384882 2.364797 2.364845 2.364797 1.861635 1.861735 1.586320 1.586322 1.586320 1.998890 1.998890 2.435665 2.435560 2.435507 2.703100 2.702896 3.081472 3.081296
2.717443 2.718311 2.716319 2.190423 2.191109 1.374709 1.364093 1.361051 1.005108 1.008447 1.264326 1.257888 1.255582 1.260785 1.261720 0.959920 0.992265 0.992850 1.072697 1.075950 1.136004 1.137214 1.141500 1.405845 1.404760 1.673378 1.672686 1.672616 1.689972 1.690039 1.507115 1.503879 1.503888 1.095484 1.075487 1.748557 1.749580 1.750179 2.336606 2.337284 2.239371 2.239290 2.239331 1.918978 1.918978 1.987638 1.987638 1.987662 2.186028 2.185954 2.500237 2.500069 2.499956 2.939651 2.939651 3.367757 3.367552
2.712136 2.694659 2.712392 2.177242 2.185883 1.375700 1.375731 1.359589 0.983129 0.996335 1.265841 1.258215 1.258579 1.263293 1.265831 0.942129 0.957100 0.961920 1.084376 1.072061 1.157554 1.144946 1.141531 1.409438 1.406625 1.675575 1.675925 1.675987 1.692600 1.692347 1.505440 1.505465 1.507506 1.091820 1.059570 1.752379 1.752770 1.753041 2.339480 2.340156 2.242287 2.242166 2.242206 1.921840 1.921919 1.990547 1.990571 1.990523 2.188922 2.188774 2.502809 2.502809 2.502753 2.942680 2.942518 3.370486 3.370588
2.708161 2.715018 2.684098 2.189591 2.194506 1.376230 1.365833 1.359602 0.981635 0.981995 1.259621 1.256894 1.255679 1.258621 1.261883 0.948854 0.947907 0.963340 1.079991 1.083539 1.140043 1.138539 1.151500 1.408031 1.406514 1.678392 1.678186 1.678358 1.695054 1.694370 1.508768 1.510785 1.506908 1.091558 1.059555 1.755583 1.755849 1.756043 2.343025 2.343025 2.245120 2.245080 2.245080 1.924740 1.924819 1.993430 1.993454 1.993454 2.191629 2.191666 2.505659 2.505603 2.505324 2.945382 2.945220 3.373213 3.372907
