Data/ET/20200108.L6.pakistan.eto.forecast.txt
ncols    	169
nrows    	134
xllcorner	60.9
yllcorner	23.7
cellsize 	0.1
NODATA_value  -9999
[rows 100 to 124 of 134, columns 0 to 56 of 169]
-9999.000000 -9999.000000 -9999.000000 -9999.000000 -9999.000000 -9999.000000 -9999.000000 -9999.000000 -9999.000000 -9999.000000 -9999.000000 -9999.000000 -9999.000000 -9999.000000 -9999.000000 -9999.000000 -9999.000000 -9999.000000 -9999.000000 -9999.000000 -9999.000000 -9999.000000 -9999.000000 5.140825 5.140346 6.304382 6.302704 6.321322 6.315691 6.306994 6.146653 6.145864 5.745028 5.745183 5.744254 5.391601 5.387142 5.368390 5.360043 5.369710 5.359060 5.363347 4.884378 4.885029 4.872599 5.174730 5.197150 4.755759 4.695728 4.789813 4.608991 4.582033 3.881321 3.860363 3.877766 4.451588 4.456193
-9999.000000 -9999.000000 -9999.000000 -9999.000000 -9999.000000 -9999.000000 -9999.000000 -9999.000000 -9999.000000 -9999.000000 -9999.000000 -9999.000000 -9999.000000 -9999.000000 -9999.000000 -9999.000000 -9999.000000 -9999.000000 -9999.000000 -9999.000000 -9999.000000 -9999.000000 -9999.000000 5.139645 5.142040 6.302409 6.305232 6.325492 6.324794 6.322433 6.156975 6.154561 5.750704 5.745776 5.741514 5.387463 5.377052 5.372077 5.378403 5.380499 5.361024 5.359043 4.880415 4.888967 4.857608 5.206272 5.189350 4.731636 4.792408 4.801378 4.603248 4.603637 3.879697 3.871246 3.880936 4.446697 4.484002
-9999.000000 -9999.000000 -9999.000000 -9999.000000 -9999.000000 -9999.000000 -9999.000000 -9999.000000 -9999.000000 -9999.000000 -9999.000000 -9999.000000 -9999.000000 -9999.000000 -9999.000000 -9999.000000 -9999.000000 -9999.000000 -9999.000000 -9999.000000 -9999.000000 -9999.000000 -9999.000000 6.004566 6.016237 6.488706 6.491913 6.521319 6.520266 6.519037 6.427371 6.419009 5.993171 5.981807 5.994072 5.848405 5.846275 5.942219 5.942298 5.940166 6.118967 6.113761 5.522579 5.510396 5.506199 5.362998 5.298519 5.826517 5.935966 5.905722 5.432773 5.479861 4.738007 4.703663 4.744378 5.398928 5.370870
-9999.000000 -9999.000000 -9999.000000 -9999.000000 -9999.000000 -9999.000000 -9999.000000 -9999.000000 -9999.000000 -9999.000000 -9999.000000 -9999.000000 -9999.000000 -9999.000000 -9999.000000 -9999.000000 -9999.000000 -9999.000000 -9999.000000 -9999.000000 -9999.000000 -9999.000000 -9999.000000 6.010320 6.009564 6.481784 6.486715 6.515281 6.521001 6.519509 6.429284 6.427249 6.007180 5.999406 5.992897 5.844819 5.845531 5.934901 5.935379 5.931068 6.134382 6.141040 5.513577 5.470429 5.564259 5.365586 5.373034 5.940212 5.935915 5.835872 5.443086 5.471664 4.740753 4.715363 4.748311 5.415248 5.338782
-9999.000000 -9999.000000 -9999.000000 -9999.000000 -9999.000000 -9999.000000 -9999.000000 -9999.000000 -9999.000000 -9999.000000 -9999.000000 -9999.000000 -9999.000000 -9999.000000 -9999.000000 -9999.000000 -9999.000000 -9999.000000 6.027918 6.025000 5.646138 5.640424 6.021766 6.023585 6.024823 6.490432 6.491634 6.521209 6.521121 6.520332 6.428994 6.424066 5.993750 5.988625 5.981249 5.841069 5.852229 5.942564 5.952042 5.961860 6.155272 6.163756 5.544106 5.569830 5.568778 5.400829 5.404295 5.937880 5.948590 5.897956 5.491947 5.493307 4.769250 4.728443 4.780475 5.439970 5.419054
-9999.000000 -9999.000000 -9999.000000 -9999.000000 -9999.000000 -9999.000000 -9999.000000 -9999.000000 -9999.000000 -9999.000000 -9999.000000 -9999.000000 -9999.000000 -9999.000000 6.399936 6.287579 6.282480 6.692490 6.680603 6.663936 6.887270 6.882535 7.453171 7.464533 7.459503 7.366283 7.373520 7.411629 7.409752 7.403319 7.359695 7.360723 7.279184 7.286833 7.286295 6.980806 6.971306 6.629136 6.601205 6.621866 6.646612 6.621416 5.583394 5.583855 5.595655 5.332691 5.359447 6.279900 6.278294 6.274365 5.049920 5.042460 3.791136 3.855115 3.880814 5.356100 5.280024
-9999.000000 -9999.000000 -9999.000000 -9999.000000 -9999.000000 -9999.000000 -9999.000000 -9999.000000 -9999.000000 -9999.000000 -9999.000000 -9999.000000 -9999.000000 6.423899 6.405537 6.209491 6.233429 6.657818 6.691912 6.683682 6.902070 6.904396 7.483270 7.481695 7.469960 7.381084 7.393453 7.423878 7.416045 7.425803 7.378415 7.378582 7.293825 7.296926 7.298251 6.991577 6.982845 6.622053 6.617274 6.617860 6.689734 6.707938 5.598087 5.602207 5.582617 5.379405 5.372391 6.301440 6.296302 6.301617 5.068078 5.011969 3.858739 3.875090 3.899752 5.350235 5.313601
-9999.000000 -9999.000000 -9999.000000 -9999.000000 -9999.000000 -9999.000000 -9999.000000 -9999.000000 -9999.000000 -9999.000000 -9999.000000 -9999.000000 6.219280 6.247403 6.222195 7.162262 7.148106 7.003725 7.012748 7.014548 6.679152 6.676655 8.307927 8.306390 8.310299 8.166447 8.156112 7.816655 7.813741 7.816431 7.750908 7.734758 7.338159 7.338159 7.327817 6.914935 6.908342 6.909241 6.958794 6.986101 7.433438 7.441205 6.401230 6.417205 6.423150 4.994290 5.023273 5.054029 5.058931 5.053080 4.402979 4.413743 3.468557 3.501721 3.499766 3.842222 3.814526
-9999.000000 -9999.000000 -9999.000000 -9999.000000 -9999.000000 -9999.000000 -9999.000000 -9999.000000 -9999.000000 4.230279 8.294815 8.320486 6.247542 6.252233 6.234876 7.185093 7.166174 7.014727 7.014236 7.021746 6.685875 6.687533 8.306873 8.310223 8.311756 8.175516 8.163247 7.816200 7.816983 7.819665 7.754155 7.752733 7.351040 7.337665 7.306119 6.966525 6.992278 6.999312 7.004961 6.998854 7.438893 7.422984 6.377070 6.415859 6.428785 5.028363 5.026821 5.049515 5.067050 5.066262 4.437748 4.432938 3.484209 3.511239 3.511650 3.838537 3.832314
-9999.000000 -9999.000000 -9999.000000 -9999.000000 -9999.000000 -9999.000000 -9999.000000 -9999.000000 -9999.000000 4.268867 8.350480 8.354386 6.279287 6.277322 6.277500 7.223421 7.196167 7.038314 7.015069 7.017846 6.686120 6.681639 8.274270 8.287655 8.271119 8.158018 8.112443 7.782169 7.775792 7.807647 7.749570 7.745639 7.334024 7.346190 7.356879 7.006013 7.009564 7.010300 7.008932 6.989359 7.417549 7.415913 6.399411 6.437186 6.446894 5.033288 5.001309 5.069954 5.081116 5.004571 4.444301 4.446565 3.476193 3.515912 3.516732 3.865768 3.851821
-9999.000000 -9999.000000 -9999.000000 -9999.000000 -9999.000000 -9999.000000 -9999.000000 -9999.000000 -9999.000000 6.214766 8.456378 8.445016 5.287764 5.294553 5.287067 6.879858 6.887930 6.212876 6.218146 6.215714 8.296590 8.298086 8.812905 8.799332 8.797196 8.183382 8.169091 7.994083 7.981133 7.986453 7.805201 7.797870 7.237924 7.239231 7.241697 7.214735 7.207284 7.383474 7.376224 7.390340 8.003361 8.029208 7.094466 7.104034 7.098629 4.069706 4.032126 4.075191 4.147780 4.129734 3.894537 3.861314 3.563536 3.612695 3.618465 4.179225 4.173607
-9999.000000 -9999.000000 -9999.000000 -9999.000000 -9999.000000 -9999.000000 -9999.000000 -9999.000000 -9999.000000 6.236772 8.476781 8.459024 5.304665 5.295982 5.290242 6.832131 6.886205 6.217981 6.217171 6.202358 8.292395 8.297530 8.808572 8.794965 8.766083 8.119912 8.130898 7.957995 7.969695 7.971696 7.799625 7.791096 7.214302 7.204695 7.226344 7.210005 7.198965 7.389258 7.406522 7.410282 8.025236 8.039795 7.104703 7.114654 7.081579 4.003821 4.068565 4.163070 4.157624 4.142987 3.871201 3.872655 3.584335 3.619913 3.622687 4.183169 4.182348
-9999.000000 -9999.000000 -9999.000000 -9999.000000 -9999.000000 -9999.000000 -9999.000000 -9999.000000 -9999.000000 7.769172 7.656378 7.662865 5.491618 5.502247 5.503737 6.449338 6.449338 6.928320 6.926132 6.915395 9.234065 9.228840 9.094318 9.094521 9.079407 9.231281 9.235312 9.819788 9.815367 9.779042 8.294244 8.288655 8.344943 8.433732 8.453133 8.528693 8.537690 7.868373 7.856678 7.903791 8.377337 8.384864 5.702075 5.709078 5.709815 2.664644 2.665569 3.082191 3.056537 3.069254 3.145889 3.149721 2.289285 2.290878 2.291545 4.114962 4.115495
-9999.000000 -9999.000000 -9999.000000 -9999.000000 -9999.000000 -9999.000000 -9999.000000 -9999.000000 7.761929 7.788945 7.686076 7.690290 5.506228 5.507902 5.508832 6.453539 6.454823 6.930708 6.927866 6.924365 9.243530 9.232455 9.116701 9.116903 9.108621 9.263584 9.248967 9.846056 9.812209 9.816798 8.368200 8.363952 8.463765 8.482707 8.466301 8.556766 8.534182 7.858720 7.898587 7.914214 8.376930 8.390421 5.713309 5.722126 5.728544 2.668300 2.653712 3.061582 3.076212 3.079047 3.166962 3.155653 2.278637 2.294890 2.294803 4.119669 4.119403
-9999.000000 -9999.000000 -9999.000000 -9999.000000 -9999.000000 -9999.000000 -9999.000000 -9999.000000 7.802469 7.787422 7.691612 7.698540 5.511689 5.510388 5.504252 6.448747 6.447676 6.913394 6.914710 6.908564 9.240407 9.241491 9.127658 9.131267 9.130866 9.283806 9.279681 9.858715 9.848696 9.769966 8.370468 8.381729 8.497289 8.503163 8.525960 8.562392 8.561584 7.903889 7.919484 7.921734 8.395967 8.398169 5.718268 5.707791 5.665068 2.656026 2.672409 3.083595 3.079127 3.076372 3.164590 3.181194 2.295905 2.298142 2.298056 4.123172 4.122241
-9999.000000 -9999.000000 -9999.000000 -9999.000000 -9999.000000 -9999.000000 -9999.000000 7.122963 7.126064 7.128448 6.825483 6.828472 5.990105 5.858704 5.954769 6.273161 6.295237 7.666595 7.669589 7.670969 9.417672 9.368388 8.333437 8.379665 8.389439 9.823100 9.824920 10.053657 10.055569 10.049192 6.155497 6.146819 8.971874 8.988202 9.004973 8.267033 8.221321 8.505590 8.422939 8.490496 8.695293 8.756748 3.959014 3.966114 3.965286 3.215599 3.238632 3.151471 3.151718 3.153529 2.477762 2.472139 1.967407 -9999.000000 -9999.000000 4.143885 4.143742
-9999.000000 -9999.000000 -9999.000000 -9999.000000 -9999.000000 -9999.000000 -9999.000000 7.133349 7.131920 7.131920 6.826562 6.827481 5.991468 5.982360 5.991671 6.297233 6.179921 7.632480 7.672704 7.675692 9.419843 9.419617 8.391177 8.388157 8.393730 9.836807 9.833862 10.078012 10.057105 10.067265 6.189308 -9999.000000 -9999.000000 9.028961 9.027682 8.277621 8.275916 8.585206 8.589791 8.589791 8.777384 8.761686 3.976608 3.956170 3.978141 3.240346 3.243314 3.172359 3.171784 3.171948 2.481266 2.481307 -9999.000000 -9999.000000 -9999.000000 4.146182 -9999.000000
-9999.000000 -9999.000000 -9999.000000 -9999.000000 -9999.000000 -9999.000000 -9999.000000 6.772835 6.772375 6.772605 6.108619 6.107569 6.032796 6.044585 6.040515 7.828935 7.828935 10.048859 10.051373 10.055559 9.597627 9.566330 9.642005 9.642513 9.641497 11.160419 -9999.000000 -9999.000000 -9999.000000 -9999.000000 6.648840 6.649088 9.808191 9.808478 9.808191 9.080843 9.080556 9.979764 9.980368 9.979160 8.136048 8.140047 3.513982 -9999.000000 -9999.000000 -9999.000000 -9999.000000 -9999.000000 -9999.000000 -9999.000000 -9999.000000 -9999.000000 -9999.000000 -9999.000000 -9999.000000 -9999.000000 -9999.000000
-9999.000000 -9999.000000 -9999.000000 -9999.000000 -9999.000000 -9999.000000 -9999.000000 6.775409 6.775179 6.775179 6.113822 6.112774 6.049995 6.050423 6.049781 7.837502 -9999.000000 -9999.000000 10.025457 10.059045 9.597262 9.599602 -9999.000000 9.645094 9.644587 11.158454 -9999.000000 -9999.000000 -9999.000000 -9999.000000 -9999.000000 -9999.000000 -9999.000000 -9999.000000 -9999.000000 9.079715 -9999.000000 -9999.000000 -9999.000000 -9999.000000 -9999.000000 -9999.000000 -9999.000000 -9999.000000 -9999.000000 -9999.000000 -9999.000000 -9999.000000 -9999.000000 -9999.000000 -9999.000000 -9999.000000 -9999.000000 -9999.000000 -9999.000000 -9999.000000 -9999.000000
-9999.000000 -9999.000000 -9999.000000 -9999.000000 -9999.000000 -9999.000000 -9999.000000 -9999.000000 6.777750 6.776140 6.104543 6.116922 -9999.000000 -9999.000000 -9999.000000 -9999.000000 -9999.000000 -9999.000000 -9999.000000 -9999.000000 -9999.000000 -9999.000000 -9999.000000 -9999.000000 -9999.000000 -9999.000000 -9999.000000 -9999.000000 -9999.000000 -9999.000000 -9999.000000 -9999.000000 -9999.000000 -9999.000000 -9999.000000 -9999.000000 -9999.000000 -9999.000000 -9999.000000 -9999.000000 -9999.000000 -9999.000000 -9999.000000 -9999.000000 -9999.000000 -9999.000000 -9999.000000 -9999.000000 -9999.000000 -9999.000000 -9999.000000 -9999.000000 -9999.000000 -9999.000000 -9999.000000 -9999.000000 -9999.000000
-9999.000000 -9999.000000 -9999.000000 -9999.000000 -9999.000000 -9999.000000 -9999.000000 -9999.000000 8.196430 8.185207 -9999.000000 -9999.000000 -9999.000000 -9999.000000 -9999.000000 -9999.000000 -9999.000000 -9999.000000 -9999.000000 -9999.000000 -9999.000000 -9999.000000 -9999.000000 -9999.000000 -9999.000000 -9999.000000 -9999.000000 -9999.000000 -9999.000000 -9999.000000 -9999.000000 -9999.000000 -9999.000000 -9999.000000 -9999.000000 -9999.000000 -9999.000000 -9999.000000 -9999.000000 -9999.000000 -9999.000000 -9999.000000 -9999.000000 -9999.000000 -9999.000000 -9999.000000 -9999.000000 -9999.000000 -9999.000000 -9999.000000 -9999.000000 -9999.000000 -9999.000000 -9999.000000 -9999.000000 -9999.000000 -9999.000000
-9999.000000 -9999.000000 -9999.000000 -9999.000000 -9999.000000 -9999.000000 -9999.000000 -9999.000000 -9999.000000 -9999.000000 -9999.000000 -9999.000000 -9999.000000 -9999.000000 -9999.000000 -9999.000000 -9999.000000 -9999.000000 -9999.000000 -9999.000000 -9999.000000 -9999.000000 -9999.000000 -9999.000000 -9999.000000 -9999.000000 -9999.000000 -9999.000000 -9999.000000 -9999.000000 -9999.000000 -9999.000000 -9999.000000 -9999.000000 -9999.000000 -9999.000000 -9999.000000 -9999.000000 -9999.000000 -9999.000000 -9999.000000 -9999.000000 -9999.000000 -9999.000000 -9999.000000 -9999.000000 -9999.000000 -9999.000000 -9999.000000 -9999.000000 -9999.000000 -9999.000000 -9999.000000 -9999.000000 -9999.000000 -9999.000000 -9999.000000
-9999.000000 -9999.000000 -9999.000000 -9999.000000 -9999.000000 -9999.000000 -9999.000000 -9999.000000 -9999.000000 -9999.000000 -9999.000000 -9999.000000 -9999.000000 -9999.000000 -9999.000000 -9999.000000 -9999.000000 -9999.000000 -9999.000000 -9999.000000 -9999.000000 -9999.000000 -9999.000000 -9999.000000 -9999.000000 -9999.000000 -9999.000000 -9999.000000 -9999.000000 -9999.000000 -9999.000000 -9999.000000 -9999.000000 -9999.000000 -9999.000000 -9999.000000 -9999.000000 -9999.000000 -9999.000000 -9999.000000 -9999.000000 -9999.000000 -9999.000000 -9999.000000 -9999.000000 -9999.000000 -9999.000000 -9999.000000 -9999.000000 -9999.000000 -9999.000000 -9999.000000 -9999.000000 -9999.000000 -9999.000000 -9999.000000 -9999.000000
-9999.000000 -9999.000000 -9999.000000 -9999.000000 -9999.000000 -9999.000000 -9999.000000 -9999.000000 -9999.000000 -9999.000000 -9999.000000 -9999.000000 -9999.000000 -9999.000000 -9999.000000 -9999.000000 -9999.000000 -9999.000000 -9999.000000 -9999.000000 -9999.000000 -9999.000000 -9999.000000 -9999.000000 -9999.000000 -9999.000000 -9999.000000 -9999.000000 -9999.000000 -9999.000000 -9999.000000 -9999.000000 -9999.000000 -9999.000000 -9999.000000 -9999.000000 -9999.000000 -9999.000000 -9999.000000 -9999.000000 -9999.000000 -9999.000000 -9999.000000 -9999.000000 -9999.000000 -9999.000000 -9999.000000 -9999.000000 -9999.000000 -9999.000000 -9999.000000 -9999.000000 -9999.000000 -9999.000000 -9999.000000 -9999.000000 -9999.000000
-9999.000000 -9999.000000 -9999.000000 -9999.000000 -9999.000000 -9999.000000 -9999.000000 -9999.000000 -9999.000000 -9999.000000 -9999.000000 -9999.000000 -9999.000000 -9999.000000 -9999.000000 -9999.000000 -9999.000000 -9999.000000 -9999.000000 -9999.000000 -9999.000000 -9999.000000 -9999.000000 -9999.000000 -9999.000000 -9999.000000 -9999.000000 -9999.000000 -9999.000000 -9999.000000 -9999.000000 -9999.000000 -9999.000000 -9999.000000 -9999.000000 -9999.000000 -9999.000000 -9999.000000 -9999.000000 -9999.000000 -9999.000000 -9999.000000 -9999.000000 -9999.000000 -9999.000000 -9999.000000 -9999.000000 -9999.000000 -9999.000000 -9999.000000 -9999.000000 -9999.000000 -9999.000000 -9999.000000 -9999.000000 -9999.000000 -9999.000000
