Data/ET/20200108.L3.pakistan.eto.forecast.txt
ncols    	169
nrows    	134
xllcorner	60.9
yllcorner	23.7
cellsize 	0.1
NODATA_value  -9999
[rows 100 to 124 of 134, columns 57 to 113 of 169]
4.673505 4.683816 4.689745 3.508715 3.573569 4.387179 4.502592 4.552703 7.536969 7.541135 8.162002 8.161734 8.161467 7.538099 7.537579 7.425541 7.425027 7.425284 7.548975 7.549765 7.448850 7.441490 7.439035 7.681114 7.682545 7.978465 7.971975 7.976991 8.522256 8.521951 -9999.000000 -9999.000000 -9999.000000 -9999.000000 -9999.000000 -9999.000000 -9999.000000 -9999.000000 -9999.000000 -9999.000000 -9999.000000 -9999.000000 -9999.000000 -9999.000000 -9999.000000 -9999.000000 -9999.000000 -9999.000000 -9999.000000 -9999.000000 -9999.000000 -9999.000000 -9999.000000 -9999.000000 -9999.000000 -9999.000000 -9999.000000
4.639351 4.692733 4.684836 3.528252 3.560431 4.488780 4.491321 4.556580 7.540421 7.541983 8.163890 8.163623 8.163089 7.541420 7.540121 7.428084 7.428084 7.427827 7.551208 7.552524 7.444307 7.444307 7.450845 7.683425 7.684283 7.984589 7.984295 7.981938 8.526004 -9999.000000 -9999.000000 -9999.000000 -9999.000000 -9999.000000 -9999.000000 -9999.000000 -9999.000000 -9999.000000 -9999.000000 -9999.000000 -9999.000000 -9999.000000 -9999.000000 -9999.000000 -9999.000000 -9999.000000 -9999.000000 -9999.000000 -9999.000000 -9999.000000 -9999.000000 -9999.000000 -9999.000000 -9999.000000 -9999.000000 -9999.000000 -9999.000000
3.941059 3.932841 3.937865 3.625449 3.630221 4.142030 4.323837 4.365716 7.343867 7.348217 7.678212 7.677951 7.678212 7.616650 7.616650 7.775198 7.775464 7.774932 7.783112 7.780635 7.692328 7.691470 7.692042 7.836075 7.833424 8.197881 8.198789 8.190003 8.525117 -9999.000000 -9999.000000 -9999.000000 -9999.000000 -9999.000000 -9999.000000 -9999.000000 -9999.000000 -9999.000000 -9999.000000 -9999.000000 -9999.000000 -9999.000000 -9999.000000 -9999.000000 -9999.000000 -9999.000000 -9999.000000 -9999.000000 -9999.000000 -9999.000000 -9999.000000 -9999.000000 -9999.000000 -9999.000000 -9999.000000 -9999.000000 -9999.000000
3.931267 3.941649 3.940965 3.640164 3.650188 4.178736 4.334683 4.372616 7.348593 7.351916 7.680536 7.680796 7.680015 7.618769 7.619029 7.777812 7.778610 7.778078 7.781837 7.784864 7.693880 7.694452 7.692737 7.839107 7.830565 8.200266 8.194513 8.194513 8.528705 8.526542 -9999.000000 -9999.000000 -9999.000000 -9999.000000 -9999.000000 -9999.000000 -9999.000000 -9999.000000 -9999.000000 -9999.000000 -9999.000000 -9999.000000 -9999.000000 -9999.000000 -9999.000000 -9999.000000 -9999.000000 -9999.000000 -9999.000000 -9999.000000 -9999.000000 -9999.000000 -9999.000000 -9999.000000 -9999.000000 -9999.000000 -9999.000000
3.955755 3.951900 3.975636 3.621749 3.661743 4.216826 4.358187 4.376806 7.353824 7.354590 7.683119 7.682598 7.682598 7.621928 7.621407 7.779892 7.780955 7.780423 7.788264 7.785514 7.696574 7.694575 7.694860 7.841548 7.832716 8.204161 8.204464 8.200531 8.530129 8.529511 8.605496 8.608295 -9999.000000 -9999.000000 -9999.000000 -9999.000000 -9999.000000 -9999.000000 -9999.000000 -9999.000000 -9999.000000 -9999.000000 -9999.000000 -9999.000000 -9999.000000 -9999.000000 -9999.000000 -9999.000000 -9999.000000 -9999.000000 -9999.000000 -9999.000000 -9999.000000 -9999.000000 -9999.000000 -9999.000000 -9999.000000
4.270235 4.232937 4.285295 3.306936 3.325136 4.434842 4.516062 4.556124 6.140381 6.141927 6.544514 6.543334 6.543570 7.177693 7.176695 7.848450 7.848716 7.848716 7.942126 7.940997 8.049671 8.049375 8.054983 8.246884 8.242306 8.291115 8.294489 8.290194 8.193627 8.194240 8.364874 8.357059 8.358623 8.498630 8.501494 8.821091 -9999.000000 -9999.000000 -9999.000000 -9999.000000 -9999.000000 -9999.000000 -9999.000000 -9999.000000 -9999.000000 -9999.000000 -9999.000000 -9999.000000 -9999.000000 -9999.000000 -9999.000000 -9999.000000 -9999.000000 -9999.000000 -9999.000000 -9999.000000 -9999.000000
4.235618 4.245934 4.291342 3.329777 3.265675 4.512446 4.457363 4.553560 6.138726 6.143806 6.547358 6.546887 6.546651 7.179998 7.179499 7.851373 7.851106 7.851639 7.945702 7.945984 8.054495 8.055380 8.057445 8.247823 8.246298 8.298144 8.292625 8.288023 8.194849 8.198527 8.361690 8.359815 8.362003 8.505513 8.502969 8.823089 -9999.000000 -9999.000000 -9999.000000 -9999.000000 -9999.000000 -9999.000000 -9999.000000 -9999.000000 -9999.000000 -9999.000000 -9999.000000 -9999.000000 -9999.000000 -9999.000000 -9999.000000 -9999.000000 -9999.000000 -9999.000000 -9999.000000 -9999.000000 -9999.000000
4.815233 4.848416 4.864671 4.068608 4.076822 5.331030 5.280732 5.367849 5.400595 5.516121 5.870477 5.871094 5.865336 6.722354 6.721640 7.845778 7.845239 7.845778 7.994643 7.994924 8.161841 8.162422 8.161550 8.204273 8.195202 8.305830 8.309239 8.303660 8.236407 8.237657 8.181826 8.184346 8.182141 8.189094 8.187197 8.431405 -9999.000000 -9999.000000 -9999.000000 -9999.000000 -9999.000000 -9999.000000 -9999.000000 -9999.000000 -9999.000000 -9999.000000 -9999.000000 -9999.000000 -9999.000000 -9999.000000 -9999.000000 -9999.000000 -9999.000000 -9999.000000 -9999.000000 -9999.000000 -9999.000000
4.827257 4.818205 4.869129 4.055869 4.082053 5.340806 5.318796 5.282280 5.422588 5.484559 5.825383 5.867484 5.807541 6.724047 6.724522 7.848551 7.848011 7.848820 7.996906 7.997186 8.164344 8.164634 8.164054 8.208299 8.208299 8.309225 8.307366 8.310154 8.238265 8.236703 8.184339 8.182449 8.181820 8.190352 8.190036 8.432904 -9999.000000 -9999.000000 -9999.000000 -9999.000000 -9999.000000 -9999.000000 -9999.000000 -9999.000000 -9999.000000 -9999.000000 -9999.000000 -9999.000000 -9999.000000 -9999.000000 -9999.000000 -9999.000000 -9999.000000 -9999.000000 -9999.000000 -9999.000000 -9999.000000
4.902727 4.846534 4.879427 4.027113 4.040153 5.344768 5.347223 5.315552 5.475861 5.511062 5.709255 5.827770 5.837489 6.717180 6.728826 7.850782 7.850512 7.851051 7.999727 8.000007 8.166845 8.167716 8.168006 8.211416 8.210511 8.316950 8.312308 8.313855 8.243554 8.239809 8.187794 8.187794 8.184332 8.190978 8.193505 8.442718 -9999.000000 -9999.000000 -9999.000000 -9999.000000 -9999.000000 -9999.000000 -9999.000000 -9999.000000 -9999.000000 -9999.000000 -9999.000000 -9999.000000 -9999.000000 -9999.000000 -9999.000000 -9999.000000 -9999.000000 -9999.000000 -9999.000000 -9999.000000 -9999.000000
6.145126 6.060405 6.072010 5.760031 5.768412 5.323689 5.396418 5.382908 6.751399 6.785947 7.841685 7.973534 7.919029 8.275641 8.289567 8.539194 8.542038 8.542323 8.457321 8.457609 8.303447 8.304328 8.304035 8.049056 8.048759 8.024672 8.019206 8.022243 7.923347 7.923038 7.971623 7.970054 7.973505 8.038520 8.045514 -9999.000000 -9999.000000 -9999.000000 -9999.000000 -9999.000000 -9999.000000 -9999.000000 -9999.000000 -9999.000000 -9999.000000 -9999.000000 -9999.000000 -9999.000000 -9999.000000 -9999.000000 -9999.000000 -9999.000000 -9999.000000 -9999.000000 -9999.000000 -9999.000000 -9999.000000
6.182789 6.154081 6.005855 5.686372 5.783235 5.403312 5.347306 5.389097 6.759260 6.675436 7.864190 7.936099 7.955684 8.257610 8.284702 8.543599 8.545589 8.544736 8.459845 8.460709 8.306343 8.306930 8.306343 8.050503 8.050800 8.026610 8.026914 8.027520 7.931193 7.929036 7.976762 7.978643 7.976135 8.045597 8.047185 -9999.000000 -9999.000000 -9999.000000 -9999.000000 -9999.000000 -9999.000000 -9999.000000 -9999.000000 -9999.000000 -9999.000000 -9999.000000 -9999.000000 -9999.000000 -9999.000000 -9999.000000 -9999.000000 -9999.000000 -9999.000000 -9999.000000 -9999.000000 -9999.000000 -9999.000000
7.181017 7.143164 7.058526 6.715196 6.758922 6.783325 6.795697 6.815938 8.103433 8.119958 9.454057 9.550844 9.543031 9.740506 9.765944 9.508749 9.519790 9.524853 9.007926 9.007926 8.452488 8.453383 8.454577 8.026978 8.027273 7.510441 7.511022 7.508699 7.394199 7.394199 7.708516 7.711940 7.702912 7.811000 7.802757 8.103252 -9999.000000 -9999.000000 -9999.000000 -9999.000000 -9999.000000 -9999.000000 -9999.000000 -9999.000000 -9999.000000 -9999.000000 -9999.000000 -9999.000000 -9999.000000 -9999.000000 -9999.000000 -9999.000000 -9999.000000 -9999.000000 -9999.000000 -9999.000000 -9999.000000
7.189156 7.169733 7.092623 6.755452 6.690988 6.795254 6.797584 6.822914 8.099788 8.120824 9.447543 9.565991 9.561432 9.740413 9.759793 9.497808 9.514246 9.525570 9.009504 9.009504 8.455103 8.455997 8.456296 8.028781 8.029666 7.513487 7.514067 7.514067 7.396069 7.400775 7.716219 7.711243 7.707198 7.816240 7.812440 8.109108 8.100042 -9999.000000 -9999.000000 -9999.000000 -9999.000000 -9999.000000 -9999.000000 -9999.000000 -9999.000000 -9999.000000 -9999.000000 -9999.000000 -9999.000000 -9999.000000 -9999.000000 -9999.000000 -9999.000000 -9999.000000 -9999.000000 -9999.000000 -9999.000000
7.193461 7.181441 7.141685 6.785191 6.716670 6.807380 6.849733 6.836813 8.061820 8.123187 9.558317 9.500943 9.573057 9.756233 9.764311 9.510787 9.506606 9.528071 9.013793 9.011383 8.458013 8.458609 8.458609 8.032057 8.032352 7.515659 7.516529 7.516529 7.399113 7.399701 7.717076 7.714278 7.714900 7.816728 7.810078 8.102663 8.101691 8.100396 8.228825 8.224966 8.355077 -9999.000000 -9999.000000 -9999.000000 -9999.000000 -9999.000000 -9999.000000 -9999.000000 -9999.000000 -9999.000000 -9999.000000 -9999.000000 -9999.000000 -9999.000000 -9999.000000 -9999.000000 -9999.000000
9.065945 9.048954 9.005289 10.125285 10.090562 9.962206 10.115597 10.104684 9.794953 9.797658 10.515117 10.506692 10.550356 10.516362 10.516670 10.177436 10.206429 10.221798 9.459766 9.459134 8.608289 8.608592 8.609200 8.017342 8.017935 7.405341 7.405920 7.406498 7.153026 7.153312 7.266823 7.269207 7.266525 7.380929 7.380008 7.571909 7.574097 7.566591 7.725043 7.714033 7.710636 -9999.000000 -9999.000000 -9999.000000 -9999.000000 -9999.000000 -9999.000000 -9999.000000 -9999.000000 -9999.000000 -9999.000000 -9999.000000 -9999.000000 -9999.000000 -9999.000000 -9999.000000 -9999.000000
9.070167 9.059398 9.048611 10.135180 10.117605 10.116686 10.116686 10.035650 9.814404 9.817363 10.524630 10.505478 10.556909 10.512120 10.525671 10.196026 10.221145 10.225214 9.460628 9.461893 8.610024 8.611541 8.611541 8.020087 8.020680 7.407612 7.408767 7.409345 7.155574 7.155860 7.270603 7.272091 7.263752 7.385958 7.382277 7.580006 7.570944 7.570631 7.728342 7.715451 7.716019 -9999.000000 -9999.000000 -9999.000000 -9999.000000 -9999.000000 -9999.000000 -9999.000000 -9999.000000 -9999.000000 -9999.000000 -9999.000000 -9999.000000 -9999.000000 -9999.000000 -9999.000000 -9999.000000
11.938823 11.929303 11.897078 11.898079 11.910217 11.687828 11.605798 11.621431 11.148239 11.163453 10.870490 10.887676 10.894289 10.732225 10.742457 10.483487 10.484816 10.493781 9.792659 9.791634 9.039565 9.040221 9.040549 7.891852 7.892746 7.178636 7.178919 7.179201 6.908752 6.907911 6.706286 6.698694 6.698694 6.907286 6.908753 7.312439 7.315520 7.310898 7.816230 7.807891 8.096389 8.105795 -9999.000000 -9999.000000 -9999.000000 -9999.000000 -9999.000000 -9999.000000 -9999.000000 -9999.000000 -9999.000000 -9999.000000 -9999.000000 -9999.000000 -9999.000000 -9999.000000 -9999.000000
-9999.000000 11.934906 11.872463 11.904285 11.935982 11.689620 11.647030 11.639427 11.153226 11.175276 10.875548 10.883085 10.873133 10.733553 10.749206 10.479383 10.494993 10.496319 9.794084 9.794425 9.043480 9.042496 9.043807 7.894414 7.895010 7.180737 7.181302 7.181302 6.911170 6.911170 6.708507 6.704011 6.696422 6.914084 6.906753 7.314679 7.318374 7.309751 7.815404 7.811557 8.108701 8.108053 -9999.000000 -9999.000000 -9999.000000 -9999.000000 -9999.000000 -9999.000000 -9999.000000 -9999.000000 -9999.000000 -9999.000000 -9999.000000 -9999.000000 -9999.000000 -9999.000000 -9999.000000
-9999.000000 11.929574 11.899841 11.929759 11.937901 11.680588 11.672149 11.636981 11.186489 11.195581 10.869130 10.899238 10.902835 10.745105 10.755306 10.487910 10.498855 10.499187 9.797556 9.796873 9.045752 9.045752 9.046407 7.896975 7.897570 7.184249 7.183684 7.184531 6.914986 6.913585 6.711288 6.700334 6.696681 6.910033 6.907981 7.323380 7.316302 7.312916 7.815220 7.817142 8.114195 8.112900 8.109986 -9999.000000 -9999.000000 -9999.000000 -9999.000000 -9999.000000 -9999.000000 -9999.000000 -9999.000000 -9999.000000 -9999.000000 -9999.000000 -9999.000000 -9999.000000 -9999.000000
-9999.000000 12.070164 12.059000 12.060251 12.038847 12.615916 12.605386 12.602574 11.913482 11.904513 11.366067 11.433616 11.441703 11.055445 11.064943 10.390005 10.386904 10.392417 9.576390 9.576051 8.739490 8.740146 8.739490 7.872113 7.872416 7.105825 7.106675 7.107241 6.507926 6.507926 6.496517 6.499274 6.491554 7.121800 7.119674 7.522159 7.509225 7.514590 7.873918 7.873595 7.988679 7.995813 7.987057 -9999.000000 -9999.000000 -9999.000000 -9999.000000 -9999.000000 -9999.000000 -9999.000000 -9999.000000 -9999.000000 -9999.000000 -9999.000000 -9999.000000 -9999.000000 -9999.000000
-9999.000000 12.081605 12.063399 12.055544 12.059528 12.628389 12.625592 12.616838 11.932651 11.902928 11.420819 11.444460 11.457036 11.066367 11.070092 10.393406 10.393062 10.394095 9.578610 9.579288 8.743220 8.741909 8.742237 7.875925 7.875622 7.109401 7.110250 7.110250 6.510567 6.508962 6.498591 6.498867 6.488944 7.125090 7.126001 7.525319 7.519646 7.519961 7.876011 7.877304 8.001091 7.991369 8.004653 7.882893 -9999.000000 -9999.000000 -9999.000000 -9999.000000 -9999.000000 -9999.000000 -9999.000000 -9999.000000 -9999.000000 -9999.000000 -9999.000000 -9999.000000 -9999.000000
-9999.000000 -9999.000000 -9999.000000 -9999.000000 12.527514 12.304703 12.295008 12.293067 12.184672 12.175080 11.373238 11.384251 11.382831 10.597122 10.602760 9.686203 9.686888 9.686545 8.945030 8.945030 8.429732 8.429732 8.429732 7.576800 7.576497 6.761129 6.761129 6.761685 6.252665 6.247652 6.773950 6.769293 6.770458 7.183066 7.185227 7.710782 7.707200 7.704593 7.923269 7.926904 7.981539 7.989151 7.990805 7.708270 -9999.000000 -9999.000000 -9999.000000 -9999.000000 -9999.000000 -9999.000000 -9999.000000 -9999.000000 -9999.000000 -9999.000000 -9999.000000 -9999.000000 -9999.000000
-9999.000000 -9999.000000 -9999.000000 -9999.000000 -9999.000000 -9999.000000 -9999.000000 -9999.000000 12.199884 12.198046 11.390321 11.391030 11.390676 10.605187 10.604483 9.688501 9.689187 9.689187 8.947856 8.947856 8.433334 8.433009 8.433009 7.579652 7.581165 6.763850 6.764128 6.764684 6.254414 6.247559 6.770700 6.774481 6.775645 7.193487 7.185156 7.714309 7.709426 7.707472 7.936657 7.930716 7.997237 7.995584 7.999550 7.716918 7.711769 -9999.000000 -9999.000000 -9999.000000 -9999.000000 -9999.000000 -9999.000000 -9999.000000 -9999.000000 -9999.000000 -9999.000000 -9999.000000 -9999.000000
-9999.000000 -9999.000000 -9999.000000 -9999.000000 -9999.000000 -9999.000000 12.310889 12.311276 12.201475 12.200005 11.393904 11.392842 11.382203 10.608316 10.608316 9.691483 9.692511 9.691826 8.951012 8.950679 8.436608 8.436284 8.435959 7.583409 7.583712 6.767402 6.767680 6.763233 6.256952 6.252737 6.779083 6.781989 6.774723 7.195264 7.190022 7.721409 7.718808 7.719784 7.946396 7.947384 8.002340 8.009602 8.012242 7.724591 7.730696 -9999.000000 -9999.000000 -9999.000000 -9999.000000 -9999.000000 -9999.000000 -9999.000000 -9999.000000 -9999.000000 -9999.000000 -9999.000000 -9999.000000
