Data/ET/20200108.L7.pakistan.eto.forecast.txt
ncols    	169
nrows    	134
xllcorner	60.9
yllcorner	23.7
cellsize 	0.1
NODATA_value  -9999
[rows 50 to 74 of 134, columns 57 to 113 of 169]
-9999.000000 -9999.000000 -9999.000000 -9999.000000 -9999.000000 -9999.000000 -9999.000000 -9999.000000 -9999.000000 -9999.000000 -9999.000000 -9999.000000 -9999.000000 -9999.000000 -9999.000000 -9999.000000 -9999.000000 -9999.000000 -9999.000000 -9999.000000 -9999.000000 -9999.000000 -9999.000000 -9999.000000 -9999.000000 -9999.000000 -9999.000000 2.164844 2.511249 2.506142 3.312104 3.317496 3.319341 3.627365 3.648180 5.732980 5.735690 5.743202 6.399933 6.401581 6.181597 6.182272 6.183957 5.236544 5.236383 3.985658 3.983905 3.983655 4.220972 4.220972 4.916822 4.916346 4.917297 3.786655 3.786655 2.703804 2.704000
-9999.000000 -9999.000000 -9999.000000 -9999.000000 -9999.000000 -9999.000000 -9999.000000 -9999.000000 -9999.000000 -9999.000000 -9999.000000 -9999.000000 -9999.000000 -9999.000000 -9999.000000 -9999.000000 -9999.000000 -9999.000000 -9999.000000 -9999.000000 -9999.000000 -9999.000000 -9999.000000 -9999.000000 -9999.000000 -9999.000000 -9999.000000 2.164349 2.517732 2.513149 3.298697 3.296802 3.277594 3.591921 3.649872 5.686562 5.742317 5.745465 6.401929 6.404397 6.183241 6.184757 6.186273 5.238032 5.238841 3.987841 3.986591 3.986466 4.223455 4.223723 4.919345 4.919503 4.919187 3.788855 3.789202 2.706498 2.707349
-9999.000000 -9999.000000 -9999.000000 -9999.000000 -9999.000000 -9999.000000 -9999.000000 -9999.000000 -9999.000000 -9999.000000 -9999.000000 -9999.000000 -9999.000000 -9999.000000 -9999.000000 0.780389 -9999.000000 -9999.000000 -9999.000000 0.747761 -9999.000000 -9999.000000 -9999.000000 -9999.000000 -9999.000000 -9999.000000 1.855677 1.853710 1.987406 1.983008 1.699365 1.701717 1.696942 2.425840 2.463052 3.677923 3.693449 3.696437 5.279071 5.280030 6.315826 6.316878 6.317404 6.146316 6.145968 5.192185 5.192345 5.191864 4.935742 4.935584 5.071850 5.071522 5.071686 4.131342 4.131860 3.038882 3.039868
-9999.000000 -9999.000000 -9999.000000 -9999.000000 -9999.000000 -9999.000000 -9999.000000 -9999.000000 -9999.000000 -9999.000000 -9999.000000 -9999.000000 -9999.000000 -9999.000000 -9999.000000 0.778851 0.778265 0.779193 0.744549 0.743990 0.778497 -9999.000000 -9999.000000 -9999.000000 -9999.000000 1.855155 1.846369 1.855581 1.987268 1.983564 1.703224 1.701570 1.697938 2.438041 2.458611 3.671775 3.691813 3.698639 5.280596 5.283153 6.316411 6.319039 6.320264 6.148265 6.148438 5.194813 5.194813 5.194493 4.938275 4.937958 5.073903 5.074231 5.074231 4.134147 4.133889 3.041441 3.042425
-9999.000000 -9999.000000 -9999.000000 -9999.000000 -9999.000000 -9999.000000 -9999.000000 -9999.000000 -9999.000000 -9999.000000 -9999.000000 -9999.000000 -9999.000000 1.067444 1.067659 0.778219 0.779121 0.778779 0.744592 0.744032 0.779144 0.777046 -9999.000000 1.181245 1.180847 1.850821 1.851059 1.856876 1.985662 1.987441 1.701143 1.698875 1.700757 2.385598 2.447440 3.635222 3.672078 3.698497 5.282601 5.286111 6.320322 6.321722 6.324169 6.150038 6.150386 5.196638 5.197278 5.196798 4.940647 4.940647 5.076936 5.076445 5.076772 4.137080 4.136692 3.045390 3.045226
-9999.000000 -9999.000000 -9999.000000 -9999.000000 -9999.000000 -9999.000000 -9999.000000 -9999.000000 -9999.000000 1.419672 -9999.000000 1.143020 1.143226 0.807490 0.808374 0.506613 0.506050 0.506913 0.698038 0.696960 0.791721 0.791107 0.789863 1.054299 1.052515 1.454643 1.454474 1.454333 1.056038 1.052134 1.113487 1.124344 1.115396 1.528895 1.528593 2.611845 2.615545 2.637254 4.234703 4.237104 5.609583 5.610608 5.611120 5.787834 5.786630 5.578617 5.578955 5.578786 5.186607 5.186607 5.184699 5.184026 5.184531 4.351272 4.351272 3.444738 3.444332
-9999.000000 -9999.000000 -9999.000000 -9999.000000 -9999.000000 -9999.000000 -9999.000000 -9999.000000 -9999.000000 -9999.000000 1.146034 1.145720 1.146666 0.810540 0.809483 0.514701 0.510355 0.508275 0.699275 0.697749 0.790149 0.788306 0.798038 1.055163 1.051764 1.456233 1.455541 1.455030 1.053542 1.055223 1.120935 1.120504 1.117995 1.530946 1.529874 2.609257 2.615650 2.637206 4.235647 4.239644 5.610980 5.614222 5.613711 5.789696 5.788837 5.580869 5.581206 5.581206 5.189131 5.189131 5.187075 5.186907 5.186907 4.354012 4.353324 3.447290 3.447189
-9999.000000 -9999.000000 -9999.000000 -9999.000000 -9999.000000 -9999.000000 -9999.000000 -9999.000000 -9999.000000 -9999.000000 -9999.000000 0.980941 0.981599 0.642647 0.641447 0.619399 0.618668 0.617557 0.817547 0.818176 1.045677 1.046593 1.049548 1.307297 1.308000 1.350770 1.349389 1.348556 1.289019 1.290203 1.649360 1.648957 1.648760 1.766714 1.762239 2.157465 2.162998 2.172988 3.391156 3.394923 4.900251 4.901957 4.902267 5.356894 5.356070 5.458233 5.458566 5.458566 5.350190 5.350359 5.120506 5.120340 5.119676 4.380925 4.380785 3.734275 3.734502
-9999.000000 -9999.000000 1.669411 1.250999 1.250170 -9999.000000 -9999.000000 -9999.000000 1.066194 1.066518 0.981762 0.984213 0.983548 0.644196 0.642107 0.622661 0.621819 0.619163 0.822881 0.827348 1.050758 1.054466 1.048198 1.308802 1.307133 1.351646 1.350162 1.350113 1.291562 1.295338 1.650656 1.650641 1.651386 1.761006 1.765161 2.156797 2.163310 2.172395 3.393777 3.396945 4.902401 4.904415 4.904260 5.359058 5.358564 5.460362 5.460861 5.460861 5.352183 5.352352 5.123215 5.122717 5.122054 4.383522 4.384500 3.736796 3.737024
-9999.000000 1.669102 1.670002 1.252269 1.253818 1.003703 1.005438 1.006013 1.067292 1.070576 0.992711 0.989157 0.991696 0.651747 0.648322 0.631878 0.634553 0.634118 0.825765 0.822560 1.047574 1.047380 1.048157 1.310128 1.309287 1.352271 1.351249 1.351893 1.293706 1.293635 1.651626 1.651736 1.653450 1.764989 1.771043 2.159043 2.163568 2.172917 3.395111 3.399065 4.903621 4.907025 4.907025 5.361220 5.360891 5.462822 5.462988 5.462988 5.354682 5.355189 5.125093 5.125424 5.124762 4.386117 4.387512 3.739543 3.739316
1.071227 1.068939 1.075111 1.014591 1.012549 0.932527 0.930404 0.929654 1.153610 1.154986 0.751979 0.743502 0.740345 0.834993 0.837163 1.142009 1.141960 1.140658 1.332253 1.331794 1.511309 1.511679 1.512019 1.670128 1.670651 1.965487 1.965025 1.960833 1.461416 1.459523 1.633023 1.633049 1.633769 1.640771 1.640558 2.195939 2.219696 2.218833 3.307458 3.313755 4.703728 4.705527 4.706127 5.177511 5.177673 5.442942 5.442942 5.443276 5.401707 5.402049 5.111750 5.111422 5.110439 4.404753 4.404894 4.089619 4.088982
1.073917 1.072062 1.075404 1.018842 1.018533 0.934741 0.935052 0.937179 1.156733 1.158239 0.760078 0.764883 0.754205 0.848670 0.840564 1.139064 1.137854 1.140528 1.334978 1.332113 1.512296 1.512066 1.512012 1.671723 1.672397 1.965221 1.964524 1.964999 1.462077 1.462343 1.634718 1.634829 1.635341 1.643048 1.642767 2.209577 2.216405 2.220917 3.307821 3.316550 4.705809 4.708355 4.708654 5.179610 5.180094 5.444953 5.445286 5.445453 5.404173 5.404343 5.113465 5.113138 5.115102 4.406958 4.407380 4.091744 4.091617
0.830117 0.831514 0.831482 1.264870 1.263921 1.621139 1.621141 1.621131 1.313372 1.321423 0.721135 0.709494 0.704768 1.115296 1.114698 1.510161 1.510080 1.510161 1.491836 1.492642 1.743891 1.744021 1.744207 2.048772 2.048789 2.040880 2.038892 2.038106 1.319869 1.318094 1.527160 1.523423 1.522677 1.563160 1.564944 2.445631 2.467332 2.468202 3.364708 3.378279 4.736468 4.737527 4.737224 5.394385 5.394886 5.462581 5.462751 5.462921 5.588681 5.588327 5.204033 5.204033 5.204701 4.652434 4.652137 4.241041 4.240908
0.820886 0.821164 0.819039 1.258815 1.259266 1.622237 1.622259 1.622288 1.317586 1.314047 0.715109 0.715372 0.714056 1.123084 1.123865 1.512778 1.511456 1.511305 1.492894 1.492820 1.745548 1.745615 1.745637 2.047828 2.046852 2.042489 2.041838 2.042298 1.317357 1.322614 1.525583 1.525752 1.524405 1.565492 1.566671 2.427843 2.471316 2.478278 3.350547 3.379906 4.736282 4.739909 4.739909 5.396806 5.396639 5.465289 5.464949 5.464779 5.590448 5.590978 5.206429 5.207097 5.207430 4.654536 4.654239 4.243982 4.243452
0.818326 0.818449 0.818295 1.258881 1.259524 1.623341 1.623448 1.623396 1.316503 1.320410 0.741396 0.731032 0.730954 1.131512 1.126638 1.514355 1.514345 1.513584 1.494908 1.494913 1.746432 1.746083 1.746244 2.047673 2.048309 2.045229 2.046374 2.042538 1.318113 1.318824 1.527000 1.526052 1.525622 1.566167 1.565921 2.457273 2.475738 2.480544 3.336271 3.382674 4.738666 4.742440 4.742290 5.399058 5.399391 5.467315 5.467825 5.467825 5.592567 5.592214 5.209157 5.209991 5.209491 4.656784 4.656932 4.246258 4.245728
1.007338 1.007196 1.007846 0.708788 0.713280 1.422259 1.421590 1.424422 1.352377 1.356592 1.076195 1.079030 1.075320 1.009075 1.005566 1.219190 1.220540 1.218246 1.654871 1.654912 2.179609 2.185573 2.188143 2.237336 2.241065 1.851059 1.851311 1.851769 1.169681 1.166899 1.104408 1.100471 1.096535 1.435351 1.441871 2.548963 2.571696 2.575487 3.682536 3.710057 5.266432 5.271828 5.271828 5.622614 5.622788 5.743710 5.743888 5.744244 5.726827 5.727005 5.335984 5.334630 5.334460 5.046215 5.046535 4.464968 4.464265
1.008442 1.008564 1.011171 0.709661 0.711942 1.426044 1.424550 1.424522 1.354681 1.356877 1.076919 1.080749 1.092344 1.020794 1.015786 1.222832 1.219691 1.217200 1.656681 1.656816 2.187503 2.191626 2.194534 2.244494 2.245609 1.854890 1.853419 1.853860 1.176967 1.172148 1.105949 1.107952 1.101870 1.438551 1.437099 2.528046 2.568158 2.574589 3.678879 3.709226 5.269539 5.274760 5.274760 5.625522 5.625348 5.746027 5.746561 5.746561 5.729306 5.730017 5.337221 5.337221 5.336375 5.048599 5.048759 4.467022 4.466600
0.891497 0.893744 0.896674 1.254976 1.268419 1.287871 1.291169 1.285950 1.408715 1.406978 1.521402 1.522821 1.522153 1.226504 1.228021 1.321889 1.320338 1.319160 2.117032 2.120480 2.298522 2.300333 2.299994 2.056416 2.058150 1.751878 1.752885 1.752688 1.619207 1.619502 1.601338 1.601490 1.601210 2.105394 2.112187 3.208107 3.302676 3.313998 4.395439 4.432028 5.636662 5.638263 5.638263 5.804326 5.804506 5.961632 5.962186 5.962925 6.014615 6.014055 5.316154 5.315484 5.315986 4.766896 4.765835 4.373188 4.373050
0.896393 0.910696 0.896254 1.256573 1.258575 1.285986 1.300573 1.290397 1.407629 1.403654 1.520696 1.520081 1.522168 1.218275 1.224556 1.324447 1.320149 1.318264 2.120553 2.123869 2.296721 2.300053 2.307383 2.062079 2.062115 1.755351 1.755041 1.754742 1.621686 1.621438 1.603553 1.604161 1.603176 2.107110 2.103422 3.259460 3.308326 3.307535 4.412214 4.435332 5.640113 5.640646 5.640468 5.805960 5.806858 5.964117 5.963563 5.964855 6.016548 6.016548 5.317658 5.317992 5.318159 4.768912 4.768912 4.375380 4.375518
0.900854 0.899618 0.905360 1.259255 1.266711 1.297017 1.284420 1.289351 1.409960 1.405801 1.520588 1.520335 1.519987 1.208279 1.225789 1.327384 1.323995 1.320281 2.128235 2.131481 2.310993 2.306705 2.313379 2.062427 2.059976 1.757697 1.756821 1.757216 1.623174 1.625498 1.606381 1.606885 1.604976 2.114302 2.107592 3.291116 3.323388 3.332696 4.424497 4.441370 5.643204 5.642849 5.643027 5.808491 5.809030 5.966047 5.967153 5.966969 6.018294 6.018108 5.320665 5.320331 5.319830 4.771683 4.771229 4.378804 4.378530
1.136959 1.133107 1.160922 1.162387 1.167911 1.157442 1.156364 1.156005 2.590098 2.612317 2.221598 2.217503 2.224719 1.391549 1.391136 1.725253 1.723297 1.722071 2.013076 2.018824 2.084847 2.085312 2.085433 1.840104 1.839905 1.507920 1.507628 1.509027 1.545761 1.550265 2.087288 2.091096 2.093918 2.356105 2.337028 4.092818 4.116390 4.132753 5.139464 5.146018 5.981966 5.983081 5.983081 5.931618 5.932346 5.936988 5.936988 5.936988 5.722585 5.721860 5.071213 5.071213 5.070733 4.661353 4.661206 4.454244 4.453962
1.136252 1.134080 1.141078 1.164104 1.164468 1.154824 1.148718 1.162512 2.595512 2.617118 2.231152 2.233029 2.235455 1.391327 1.390196 1.728713 1.727890 1.724816 2.007826 2.024911 2.087492 2.087411 2.087512 1.840343 1.839080 1.512780 1.515057 1.511548 1.549035 1.549645 2.097079 2.092719 2.095479 2.343162 2.347947 4.110183 4.138002 4.148556 5.144174 5.152514 5.985067 5.985253 5.985067 5.933947 5.935038 5.939351 5.939168 5.939351 5.724484 5.724484 5.073791 5.073472 5.073313 4.663671 4.663229 4.456717 4.456435
1.106910 1.106540 1.107391 0.848380 0.847518 2.225307 2.242612 2.247694 2.588995 2.585128 1.930882 1.935011 1.936519 1.519568 1.519933 2.488958 2.457550 2.456988 2.600956 2.596920 2.229915 2.228897 2.225301 2.086254 2.087699 1.405989 1.413990 1.415029 2.009025 2.009400 2.614945 2.632975 2.632928 3.192751 3.234545 4.917394 4.937136 4.948459 5.911955 5.914720 6.287732 6.287347 6.287540 6.191114 6.191114 6.083950 6.083950 6.084135 5.840313 5.839950 5.377275 5.376767 5.376428 4.932570 4.932570 4.553230 4.552939
1.111328 1.119002 1.111217 0.868645 0.857488 2.228318 2.228269 2.254575 2.619419 2.604091 1.934056 1.938915 1.938679 1.522202 1.523203 2.511150 2.496471 2.491770 2.591402 2.606566 2.216068 2.226405 2.229235 2.086755 2.090426 1.409796 1.406152 1.405557 2.012815 2.011359 2.639288 2.639146 2.627753 3.207497 3.274766 4.939873 4.947417 4.952594 5.914166 5.916928 6.290094 6.289517 6.289709 6.192732 6.193480 6.086198 6.086383 6.086013 5.842818 5.842092 5.378987 5.378987 5.378818 4.935479 4.935164 4.555663 4.555809
1.115233 1.112222 1.126005 0.856112 0.849824 2.232016 2.248646 2.258909 2.625959 2.625541 1.942095 1.943857 1.944648 1.522021 1.523290 2.509222 2.510147 2.495134 2.601623 2.597287 2.234390 2.235635 2.224989 2.093727 2.095716 1.406860 1.408999 1.407201 2.015688 2.011500 2.635654 2.624783 2.645984 3.215085 3.281523 4.950612 4.955783 4.959539 5.919134 5.919134 6.292069 6.291877 6.291877 6.194724 6.195471 6.088260 6.088445 6.088445 5.844415 5.844596 5.381543 5.381374 5.380529 4.937755 4.937440 4.558095 4.557659
