Data/ET/20200108.L2.pakistan.eto.forecast.txt
ncols    	169
nrows    	134
xllcorner	60.9
yllcorner	23.7
cellsize 	0.1
NODATA_value  -9999
[rows 75 to 99 of 134, columns 0 to 56 of 169]
-9999.000000 -9999.000000 3.896537 3.940760 4.005551 2.728653 2.733798 3.947171 3.946802 3.943720 6.102068 -9999.000000 -9999.000000 -9999.000000 -9999.000000 -9999.000000 -9999.000000 -9999.000000 -9999.000000 -9999.000000 -9999.000000 -9999.000000 -9999.000000 -9999.000000 -9999.000000 -9999.000000 -9999.000000 -9999.000000 -9999.000000 -9999.000000 -9999.000000 -9999.000000 -9999.000000 -9999.000000 -9999.000000 5.723980 5.759917 5.920443 5.997192 6.017207 2.813615 2.811999 3.542089 3.538153 3.537408 5.154553 5.155865 3.615014 3.614342 3.614342 3.002921 2.995849 3.293323 3.267248 3.270115 2.694773 2.692164
-9999.000000 -9999.000000 -9999.000000 3.930306 3.964902 2.715062 2.728192 3.943619 3.943003 3.937701 6.071809 6.084342 6.665790 6.664767 -9999.000000 -9999.000000 -9999.000000 -9999.000000 -9999.000000 -9999.000000 8.671900 8.662253 7.578585 7.561545 7.550113 6.467002 6.457864 6.276449 6.277361 6.282929 6.191140 -9999.000000 5.602395 5.600125 5.622305 5.788629 5.773541 5.994274 6.015339 6.018777 2.815711 2.815150 3.543816 3.542753 3.542116 5.159296 5.158150 3.617954 3.618066 3.613590 3.007466 2.988710 3.274916 3.256148 3.266739 2.674071 2.694494
-9999.000000 -9999.000000 -9999.000000 -9999.000000 4.243796 4.298423 4.357785 6.081555 6.090713 6.083056 7.903113 7.915077 8.787896 8.789997 8.786319 8.249944 8.229037 7.008649 7.008914 7.012885 7.555801 7.554418 7.259909 7.240795 7.221954 6.238988 6.370911 5.930511 5.916926 5.909269 5.158492 5.163917 4.329159 4.341244 4.346959 5.466626 5.481800 4.693472 4.699924 4.699924 1.344069 1.344199 2.759819 2.759409 2.758998 5.449283 5.448572 4.184294 4.184158 4.190134 3.542904 3.542113 2.952297 2.947031 2.945011 2.148486 2.149294
-9999.000000 -9999.000000 -9999.000000 -9999.000000 4.295227 4.300261 4.334790 6.055306 6.075452 6.049568 7.903287 7.886613 8.773231 8.777816 8.770403 8.228391 8.201097 6.976051 6.976051 6.991302 7.548925 7.564584 7.272938 7.262459 7.233673 6.362046 6.396660 5.969728 5.953275 5.953942 5.227712 5.202148 4.343095 4.374019 4.377496 5.473531 5.495796 4.697301 4.702057 4.701597 1.346547 1.346678 2.762459 2.762049 2.761502 5.445426 5.454842 4.196911 4.194879 4.181442 3.546759 3.503718 2.950359 2.955350 2.940400 2.148289 2.140295
-9999.000000 -9999.000000 -9999.000000 -9999.000000 -9999.000000 4.304740 4.337650 6.035255 6.031516 6.055725 7.900322 7.883440 8.764489 8.761115 8.738764 8.191561 8.200118 6.976453 6.927750 6.940463 7.547124 7.572103 7.289115 7.280909 7.264691 6.411944 6.403085 5.990502 5.983323 5.975716 5.241721 5.243112 4.361044 4.381338 4.393617 5.490813 5.503268 4.700817 4.703576 4.703576 1.349243 1.349529 2.762913 2.766118 2.766800 5.463400 5.461984 4.191219 4.063995 4.146792 3.523797 3.516632 2.965226 2.958138 2.927345 2.150331 2.149403
-9999.000000 -9999.000000 -9999.000000 -9999.000000 -9999.000000 -9999.000000 4.116964 5.681659 5.675939 5.679473 7.622141 7.634667 8.681599 8.676491 8.641343 8.310705 8.305969 7.119081 7.090793 7.072674 7.153541 7.182819 7.753434 7.745036 7.740625 7.387292 7.385201 6.840774 6.833904 6.821561 4.694903 4.694903 3.557356 3.560447 3.560767 5.264131 5.253939 3.812520 3.805115 3.813649 1.574800 1.574607 3.849266 3.847212 3.848541 5.591050 5.507618 4.785786 4.799609 4.781910 3.940843 3.913992 3.181797 3.163549 3.169589 2.364981 2.358385
-9999.000000 -9999.000000 -9999.000000 -9999.000000 -9999.000000 -9999.000000 4.150055 5.691381 5.690209 5.695564 7.653572 7.656130 8.689682 8.697196 8.691939 8.334553 8.332303 7.157142 7.150613 7.160560 7.196720 7.204816 7.770555 7.765991 7.760026 7.404417 7.403851 6.858623 6.852343 6.851085 4.704997 4.706181 3.566681 3.568063 3.571888 5.275259 5.281444 3.819925 3.820425 3.820551 1.577305 1.577250 3.844732 3.839291 3.788561 5.524385 5.554897 4.816603 4.807744 4.791138 3.905923 3.883871 3.174787 3.167180 3.180226 2.359664 2.358345
-9999.000000 -9999.000000 -9999.000000 -9999.000000 -9999.000000 -9999.000000 -9999.000000 4.131513 4.115422 4.134360 5.413845 5.416889 8.114575 8.118720 8.117800 8.781294 8.777846 8.785305 8.787424 8.792832 8.624365 8.621452 8.684070 8.681245 8.670865 8.345111 8.338830 7.721053 7.718847 7.715975 5.497823 5.494670 4.739560 4.748128 4.746260 6.706610 6.705275 5.572373 5.571547 5.563929 3.673864 3.738075 4.062092 4.145449 4.161572 4.175285 4.160669 3.375432 3.365702 3.344302 4.174497 4.182704 2.726676 2.717324 2.722111 2.235235 2.231615
-9999.000000 -9999.000000 -9999.000000 -9999.000000 -9999.000000 -9999.000000 -9999.000000 -9999.000000 4.124995 4.126550 5.415361 5.425727 8.129425 8.131260 8.125295 8.791603 8.799374 8.801496 8.805007 8.810382 8.641182 8.639734 8.701967 8.698223 8.690250 8.362023 8.357342 7.744826 7.740226 7.738910 5.517906 5.511261 4.752300 4.747946 4.743277 6.696966 6.694668 5.545521 5.419066 5.488740 3.738813 3.719591 4.159538 4.132102 4.200128 4.192544 4.174554 3.383474 3.370531 3.341769 4.204120 4.175648 2.713912 2.724145 2.726551 2.236138 2.229440
-9999.000000 -9999.000000 -9999.000000 -9999.000000 -9999.000000 -9999.000000 -9999.000000 -9999.000000 -9999.000000 4.139055 5.394992 5.414907 8.129562 8.139635 8.136891 8.802786 8.810981 8.822250 8.807797 8.820622 8.651902 8.655267 8.713938 8.709509 8.704839 8.378612 8.375954 7.760363 7.759275 7.752952 5.520412 5.482649 4.736397 4.723901 4.694852 6.632605 6.628687 5.486258 5.495605 5.518426 3.747959 3.740486 4.166176 4.217826 4.215321 4.205895 4.209171 3.389145 3.375349 3.339439 4.201458 4.178254 2.727708 2.728575 2.729544 2.231879 2.225544
-9999.000000 -9999.000000 -9999.000000 -9999.000000 -9999.000000 -9999.000000 -9999.000000 -9999.000000 -9999.000000 -9999.000000 3.664073 3.661397 5.760598 5.771065 5.777494 7.747428 7.756043 9.283152 9.270932 9.283930 9.361932 9.361087 8.750522 8.748730 8.746681 8.946894 8.937971 8.780819 8.775036 8.764163 7.548579 7.529586 5.083733 5.071265 5.075791 4.523296 4.516904 3.541569 3.553614 3.547208 2.058791 2.067600 2.119695 2.119546 2.118864 1.930355 1.929880 4.235688 4.207432 4.136676 4.652123 4.658631 3.322212 3.324872 3.308687 2.079573 2.073671
-9999.000000 -9999.000000 -9999.000000 -9999.000000 -9999.000000 -9999.000000 -9999.000000 -9999.000000 -9999.000000 -9999.000000 -9999.000000 -9999.000000 -9999.000000 5.778114 5.782728 7.755322 7.757780 9.278220 9.282116 9.298948 9.366925 9.366925 8.755831 8.759152 8.757109 8.956368 8.952912 8.791277 8.778775 8.763078 7.533293 7.499940 5.118040 5.141147 5.138097 4.569281 4.578575 3.575267 3.581524 3.593027 2.071366 2.071157 2.122574 2.122249 2.122013 1.932636 1.931931 4.233668 4.206570 4.141618 4.660931 4.661857 3.319463 3.327367 3.306503 2.074859 2.096834
-9999.000000 -9999.000000 -9999.000000 -9999.000000 -9999.000000 -9999.000000 -9999.000000 -9999.000000 -9999.000000 -9999.000000 -9999.000000 -9999.000000 -9999.000000 -9999.000000 -9999.000000 -9999.000000 6.965116 9.156073 9.170534 9.178695 9.874683 9.874373 8.505151 8.501561 8.494371 8.907264 8.904724 8.516966 8.517217 8.506418 7.572014 7.556698 4.984334 4.981126 4.988252 3.635703 3.633452 3.511776 3.510537 3.509523 2.877010 2.876084 3.480527 3.480087 3.479757 3.530679 3.527948 4.222551 4.180726 4.135817 4.310589 4.327240 4.158044 4.147874 4.151241 3.061095 3.067525
-9999.000000 -9999.000000 -9999.000000 -9999.000000 -9999.000000 -9999.000000 -9999.000000 -9999.000000 -9999.000000 -9999.000000 -9999.000000 -9999.000000 -9999.000000 -9999.000000 -9999.000000 -9999.000000 -9999.000000 9.171185 9.177442 9.180159 9.874988 9.874988 8.505866 8.504486 8.502829 8.906409 8.903868 8.522538 8.521035 8.519783 7.583982 7.580886 4.995224 4.993979 4.991846 3.640692 3.639509 3.513944 3.512932 3.511695 2.879418 2.878879 3.483305 3.480668 3.478140 3.530070 3.520135 4.194897 4.178433 4.131577 4.330136 4.334061 4.158677 4.129010 4.148702 3.045260 3.061986
-9999.000000 -9999.000000 -9999.000000 -9999.000000 -9999.000000 -9999.000000 -9999.000000 -9999.000000 -9999.000000 -9999.000000 -9999.000000 -9999.000000 -9999.000000 -9999.000000 -9999.000000 -9999.000000 -9999.000000 -9999.000000 -9999.000000 9.181079 9.876221 9.875603 8.506856 8.506028 8.498571 8.901486 8.903266 8.516584 8.516584 8.519341 7.585930 7.584026 4.999164 4.994369 4.994014 3.643310 3.639293 3.516449 3.515213 3.514427 2.881748 2.880595 3.485092 3.479385 3.473784 3.526740 3.478927 4.163873 4.183383 4.142418 4.320610 4.337845 4.160795 4.152705 4.160888 3.054811 3.071678
-9999.000000 -9999.000000 -9999.000000 -9999.000000 -9999.000000 -9999.000000 -9999.000000 -9999.000000 -9999.000000 -9999.000000 -9999.000000 -9999.000000 -9999.000000 -9999.000000 -9999.000000 -9999.000000 -9999.000000 -9999.000000 8.962214 8.963015 8.652063 8.651774 7.621181 7.619117 7.618085 8.790669 8.786810 8.195952 8.195443 8.196461 8.189012 8.189777 6.378753 6.376038 6.374000 3.180701 3.180038 3.569674 3.568746 3.569094 2.645281 2.643968 2.794021 2.792327 2.787107 6.015673 5.982221 4.775546 4.811012 4.792318 3.331770 3.356370 3.561163 3.548679 3.561081 3.325382 3.328496
-9999.000000 -9999.000000 -9999.000000 -9999.000000 -9999.000000 -9999.000000 -9999.000000 -9999.000000 -9999.000000 -9999.000000 -9999.000000 -9999.000000 -9999.000000 -9999.000000 -9999.000000 -9999.000000 -9999.000000 -9999.000000 -9999.000000 8.954817 8.649857 8.652169 7.623446 7.621125 7.618804 8.794198 8.786998 8.198878 8.195064 8.195827 8.190455 8.188926 6.381105 6.377713 6.376581 3.183730 3.183635 3.571790 3.569936 3.568314 2.646945 2.644761 2.796430 2.789952 2.777072 5.957063 5.949157 4.788006 4.805032 4.801615 3.357099 3.361341 3.541570 3.563991 3.551784 3.326268 3.334574
-9999.000000 -9999.000000 -9999.000000 -9999.000000 -9999.000000 -9999.000000 -9999.000000 -9999.000000 -9999.000000 -9999.000000 -9999.000000 -9999.000000 -9999.000000 -9999.000000 -9999.000000 -9999.000000 -9999.000000 -9999.000000 -9999.000000 9.731144 7.439900 7.447053 6.379597 6.382361 6.379136 8.775767 8.772699 7.832507 7.824544 7.824295 8.355775 8.357078 6.945663 6.941772 6.943961 4.499874 4.499874 4.982253 4.975662 4.976019 5.595590 5.587294 4.902611 4.854778 4.823558 4.894040 4.874224 4.640890 4.646293 4.648090 3.411118 3.424647 3.213967 3.197704 3.185104 3.427213 3.413443
-9999.000000 -9999.000000 -9999.000000 -9999.000000 -9999.000000 -9999.000000 -9999.000000 -9999.000000 -9999.000000 -9999.000000 -9999.000000 -9999.000000 -9999.000000 -9999.000000 -9999.000000 -9999.000000 -9999.000000 -9999.000000 -9999.000000 9.711382 7.419802 7.430827 6.370540 6.374461 6.372847 8.774909 8.774398 7.827961 7.829702 7.824724 8.354765 8.352681 6.945539 6.944810 6.941650 4.503124 4.500061 4.983927 4.976807 4.963077 5.552562 5.557211 4.873055 4.838705 4.808060 4.870598 4.884457 4.648277 4.646600 4.653300 3.420234 3.436481 3.228640 3.229872 3.221469 3.435469 3.424765
-9999.000000 -9999.000000 -9999.000000 -9999.000000 -9999.000000 -9999.000000 -9999.000000 -9999.000000 -9999.000000 -9999.000000 -9999.000000 -9999.000000 -9999.000000 -9999.000000 -9999.000000 -9999.000000 -9999.000000 -9999.000000 -9999.000000 9.692208 7.401172 7.410182 6.347360 6.355925 6.361705 8.760223 8.761762 7.822414 7.824158 7.824158 8.356099 8.355058 6.943230 6.943473 6.941042 4.496704 4.489929 4.951554 4.960664 4.955485 5.549138 5.502530 4.808370 4.788809 4.776688 4.877842 4.875552 4.650020 4.650498 4.657183 3.440514 3.444126 3.238529 3.238605 3.223854 3.385353 3.434520
-9999.000000 -9999.000000 -9999.000000 -9999.000000 -9999.000000 -9999.000000 -9999.000000 -9999.000000 -9999.000000 -9999.000000 -9999.000000 -9999.000000 -9999.000000 -9999.000000 -9999.000000 -9999.000000 -9999.000000 -9999.000000 -9999.000000 8.859342 8.142028 8.146148 7.638792 7.652068 7.659876 9.028428 9.047572 7.903236 7.906927 7.908079 8.759780 8.759544 7.889123 7.880789 7.864757 6.912996 6.933307 6.196132 6.190726 6.146527 5.788172 5.803778 4.583843 4.583261 4.577542 3.326486 3.350504 3.935211 3.955495 3.944061 3.034088 2.998447 2.983030 2.976636 2.968976 2.586651 2.567270
-9999.000000 -9999.000000 -9999.000000 -9999.000000 -9999.000000 -9999.000000 -9999.000000 -9999.000000 -9999.000000 -9999.000000 -9999.000000 -9999.000000 -9999.000000 -9999.000000 -9999.000000 -9999.000000 -9999.000000 -9999.000000 -9999.000000 8.839589 8.113344 8.119257 7.608154 7.616512 7.635782 9.022340 9.036798 7.904650 7.883127 7.891706 8.707107 8.731931 7.863487 7.864418 7.841050 6.941426 6.926747 6.151197 6.092830 6.105427 5.799029 5.821833 4.594648 4.585129 4.546101 3.355277 3.351183 3.926321 3.962885 3.938573 3.032819 3.018569 2.993214 2.991001 2.980056 2.574104 2.589190
-9999.000000 -9999.000000 -9999.000000 -9999.000000 -9999.000000 -9999.000000 -9999.000000 -9999.000000 -9999.000000 -9999.000000 -9999.000000 -9999.000000 -9999.000000 -9999.000000 -9999.000000 -9999.000000 -9999.000000 -9999.000000 -9999.000000 6.528404 5.898952 5.909233 6.784581 6.791559 6.780750 7.691494 7.734132 7.640524 7.632563 7.610771 7.927420 7.905192 7.480463 7.487171 7.481088 6.752916 6.719802 5.995537 6.006261 6.011454 5.074562 5.069143 4.273514 4.237221 4.287065 2.997738 2.982534 2.972932 2.989897 2.971286 3.114932 3.126081 3.521078 3.502518 3.501859 2.683761 2.647907
-9999.000000 -9999.000000 -9999.000000 -9999.000000 -9999.000000 -9999.000000 -9999.000000 -9999.000000 -9999.000000 -9999.000000 -9999.000000 -9999.000000 -9999.000000 -9999.000000 -9999.000000 -9999.000000 -9999.000000 -9999.000000 -9999.000000 6.488907 5.855781 5.813147 6.647084 6.783659 6.834140 7.712305 7.679668 7.544172 7.536198 7.570600 7.907582 7.902556 7.468826 7.439953 7.415799 6.740408 6.749074 6.026687 6.023598 6.021977 5.071545 5.056691 4.284219 4.299925 4.298055 2.996371 2.960502 2.981281 2.989059 2.974375 3.134839 3.135233 3.520377 3.510274 3.495054 2.676792 2.679339
-9999.000000 -9999.000000 -9999.000000 -9999.000000 -9999.000000 -9999.000000 -9999.000000 -9999.000000 -9999.000000 -9999.000000 -9999.000000 -9999.000000 -9999.000000 -9999.000000 -9999.000000 -9999.000000 -9999.000000 -9999.000000 -9999.000000 -9999.000000 -9999.000000 -9999.000000 -9999.000000 -9999.000000 6.836482 7.718001 7.701326 7.601989 7.604276 7.594054 7.896785 7.871210 7.440402 7.433192 7.450288 6.757714 6.763391 6.030390 6.020832 6.008114 5.052589 5.090115 4.313868 4.313868 4.310266 2.996554 3.016028 2.994348 2.970760 3.002421 3.135003 3.124144 3.503113 3.484001 3.499826 2.695392 2.683515
