Data/ET/20200108.L5.pakistan.eto.forecast.txt
ncols    	169
nrows    	134
xllcorner	60.9
yllcorner	23.7
cellsize 	0.1
NODATA_value  -9999
[rows 100 to 124 of 134, columns 57 to 113 of 169]
5.011867 5.019611 5.024056 5.141920 5.219614 5.097052 5.208873 5.256745 5.285975 5.288608 4.831902 4.831758 4.831613 5.125937 5.125629 5.189607 5.189297 5.189452 5.221885 5.222367 5.007594 5.003224 5.001767 4.563012 4.563762 4.350641 4.347487 4.349924 4.065744 4.065613 -9999.000000 -9999.000000 -9999.000000 -9999.000000 -9999.000000 -9999.000000 -9999.000000 -9999.000000 -9999.000000 -9999.000000 -9999.000000 -9999.000000 -9999.000000 -9999.000000 -9999.000000 -9999.000000 -9999.000000 -9999.000000 -9999.000000 -9999.000000 -9999.000000 -9999.000000 -9999.000000 -9999.000000 -9999.000000 -9999.000000 -9999.000000
4.985847 5.026077 5.020158 5.164522 5.203060 5.195480 5.197923 5.260319 5.289019 5.290006 4.834143 4.833998 4.833710 5.128909 5.128138 5.192258 5.192258 5.192103 5.224251 5.225053 5.005822 5.005822 5.009702 4.565251 4.565700 4.354716 4.354573 4.353428 4.068598 -9999.000000 -9999.000000 -9999.000000 -9999.000000 -9999.000000 -9999.000000 -9999.000000 -9999.000000 -9999.000000 -9999.000000 -9999.000000 -9999.000000 -9999.000000 -9999.000000 -9999.000000 -9999.000000 -9999.000000 -9999.000000 -9999.000000 -9999.000000 -9999.000000 -9999.000000 -9999.000000 -9999.000000 -9999.000000 -9999.000000 -9999.000000 -9999.000000
5.786245 5.778568 5.783265 6.054604 6.060786 4.745060 4.931208 4.973405 4.294425 4.296680 4.163666 4.163545 4.163666 4.690017 4.690017 5.378274 5.378436 5.378112 5.770750 5.769139 5.487031 5.486495 5.486852 4.823917 4.822482 4.523156 4.523605 4.519259 4.542496 -9999.000000 -9999.000000 -9999.000000 -9999.000000 -9999.000000 -9999.000000 -9999.000000 -9999.000000 -9999.000000 -9999.000000 -9999.000000 -9999.000000 -9999.000000 -9999.000000 -9999.000000 -9999.000000 -9999.000000 -9999.000000 -9999.000000 -9999.000000 -9999.000000 -9999.000000 -9999.000000 -9999.000000 -9999.000000 -9999.000000 -9999.000000 -9999.000000
5.776323 5.786035 5.785397 6.072279 6.085169 4.782816 4.941979 4.980161 4.298248 4.299970 4.166363 4.166484 4.166121 4.692522 4.692662 5.380921 5.381406 5.381082 5.770665 5.772633 5.488646 5.489003 5.487933 4.826442 4.821818 4.525374 4.522529 4.522529 4.545258 4.544186 -9999.000000 -9999.000000 -9999.000000 -9999.000000 -9999.000000 -9999.000000 -9999.000000 -9999.000000 -9999.000000 -9999.000000 -9999.000000 -9999.000000 -9999.000000 -9999.000000 -9999.000000 -9999.000000 -9999.000000 -9999.000000 -9999.000000 -9999.000000 -9999.000000 -9999.000000 -9999.000000 -9999.000000 -9999.000000 -9999.000000 -9999.000000
5.798406 5.794826 5.816761 6.047049 6.098642 4.821809 4.965485 4.984194 4.302330 4.302727 4.169179 4.168937 4.168937 4.695583 4.695304 5.383241 5.383888 5.383564 5.775587 5.773800 5.490974 5.489727 5.489905 4.828646 4.823867 4.528338 4.528488 4.526544 4.546946 4.546640 4.232520 4.233789 -9999.000000 -9999.000000 -9999.000000 -9999.000000 -9999.000000 -9999.000000 -9999.000000 -9999.000000 -9999.000000 -9999.000000 -9999.000000 -9999.000000 -9999.000000 -9999.000000 -9999.000000 -9999.000000 -9999.000000 -9999.000000 -9999.000000 -9999.000000 -9999.000000 -9999.000000 -9999.000000 -9999.000000 -9999.000000
5.385123 5.348941 5.399625 6.742869 6.773313 5.862378 5.952738 5.996743 4.564392 4.565392 4.106800 4.106195 4.106316 4.115882 4.115406 4.637217 4.637356 4.637356 5.072303 5.071674 4.995696 4.995534 4.998601 4.654495 4.652199 4.747698 4.749454 4.747219 4.362918 4.363208 3.714965 3.712074 3.712652 3.487901 3.488848 3.508981 -9999.000000 -9999.000000 -9999.000000 -9999.000000 -9999.000000 -9999.000000 -9999.000000 -9999.000000 -9999.000000 -9999.000000 -9999.000000 -9999.000000 -9999.000000 -9999.000000 -9999.000000 -9999.000000 -9999.000000 -9999.000000 -9999.000000 -9999.000000 -9999.000000
5.351067 5.361111 5.404976 6.778554 6.669600 5.948195 5.887005 5.993407 4.564367 4.567650 4.109778 4.109536 4.109415 4.118536 4.118299 4.640045 4.639907 4.640184 5.075262 5.075419 4.999319 4.999803 5.000931 4.656009 4.655244 4.752267 4.749397 4.747004 4.364509 4.366248 3.715121 3.714428 3.715237 3.491506 3.490666 3.510902 -9999.000000 -9999.000000 -9999.000000 -9999.000000 -9999.000000 -9999.000000 -9999.000000 -9999.000000 -9999.000000 -9999.000000 -9999.000000 -9999.000000 -9999.000000 -9999.000000 -9999.000000 -9999.000000 -9999.000000 -9999.000000 -9999.000000 -9999.000000 -9999.000000
5.506883 5.537467 5.552386 5.361056 5.370657 5.944386 5.898456 5.977828 5.162223 5.257261 4.905771 4.906219 4.902037 4.531542 4.531134 4.702469 4.702183 4.702469 4.870403 4.870552 4.970968 4.971281 4.970811 4.860588 4.855766 4.481899 4.483536 4.480858 4.053224 4.053749 3.454878 3.455697 3.454981 3.257213 3.256661 3.043852 -9999.000000 -9999.000000 -9999.000000 -9999.000000 -9999.000000 -9999.000000 -9999.000000 -9999.000000 -9999.000000 -9999.000000 -9999.000000 -9999.000000 -9999.000000 -9999.000000 -9999.000000 -9999.000000 -9999.000000 -9999.000000 -9999.000000 -9999.000000 -9999.000000
5.517648 5.509288 5.556145 5.345486 5.376137 5.953250 5.933208 5.899837 5.180644 5.231632 4.873519 4.904097 4.860556 4.533627 4.533898 4.705205 4.704920 4.705347 4.872775 4.872923 4.973447 4.973603 4.973290 4.863790 4.863790 4.484687 4.483795 4.485132 4.055283 4.054626 3.457232 3.456620 3.456415 3.259087 3.258995 3.045806 -9999.000000 -9999.000000 -9999.000000 -9999.000000 -9999.000000 -9999.000000 -9999.000000 -9999.000000 -9999.000000 -9999.000000 -9999.000000 -9999.000000 -9999.000000 -9999.000000 -9999.000000 -9999.000000 -9999.000000 -9999.000000 -9999.000000 -9999.000000 -9999.000000
5.586522 5.535073 5.565250 5.310942 5.326343 5.956823 5.959055 5.930216 5.224765 5.253662 4.789628 4.875760 4.882819 4.530826 4.537473 4.707654 4.707511 4.707796 4.875441 4.875589 4.975923 4.976393 4.976549 4.866508 4.866027 4.489549 4.487322 4.488065 4.058782 4.057209 3.459891 3.459891 3.458768 3.260776 3.261510 3.049807 -9999.000000 -9999.000000 -9999.000000 -9999.000000 -9999.000000 -9999.000000 -9999.000000 -9999.000000 -9999.000000 -9999.000000 -9999.000000 -9999.000000 -9999.000000 -9999.000000 -9999.000000 -9999.000000 -9999.000000 -9999.000000 -9999.000000 -9999.000000 -9999.000000
5.793967 5.728716 5.737678 4.463911 4.469417 5.040236 5.099335 5.088373 5.479809 5.504415 4.592022 4.665970 4.635287 4.194151 4.200414 4.670974 4.672384 4.672525 5.119060 5.119218 5.533194 5.533716 5.533542 5.274749 5.274578 5.009578 5.006575 5.008244 4.684662 4.684504 4.361252 4.360519 4.362132 3.807225 3.809868 -9999.000000 -9999.000000 -9999.000000 -9999.000000 -9999.000000 -9999.000000 -9999.000000 -9999.000000 -9999.000000 -9999.000000 -9999.000000 -9999.000000 -9999.000000 -9999.000000 -9999.000000 -9999.000000 -9999.000000 -9999.000000 -9999.000000 -9999.000000 -9999.000000 -9999.000000
5.823065 5.801059 5.686717 4.416525 4.480085 5.105364 5.059895 5.093835 5.486066 5.426388 4.605753 4.646025 4.657041 4.187639 4.199796 4.674592 4.675577 4.675155 5.121555 5.122027 5.535762 5.536110 5.535762 5.276495 5.276665 5.011565 5.011732 5.012065 4.689717 4.688607 4.364763 4.365642 4.364470 3.811248 3.811848 -9999.000000 -9999.000000 -9999.000000 -9999.000000 -9999.000000 -9999.000000 -9999.000000 -9999.000000 -9999.000000 -9999.000000 -9999.000000 -9999.000000 -9999.000000 -9999.000000 -9999.000000 -9999.000000 -9999.000000 -9999.000000 -9999.000000 -9999.000000 -9999.000000 -9999.000000
6.758030 6.729247 6.664640 4.943607 4.971664 4.942102 4.950165 4.963362 5.432445 5.443046 5.002546 5.057032 5.052612 4.673971 4.686606 4.703606 4.709093 4.711612 5.075846 5.075846 5.394539 5.395050 5.395731 5.402987 5.403161 5.325871 5.326226 5.324808 5.324139 5.324139 5.031678 5.033588 5.028552 4.522567 4.518607 3.788903 -9999.000000 -9999.000000 -9999.000000 -9999.000000 -9999.000000 -9999.000000 -9999.000000 -9999.000000 -9999.000000 -9999.000000 -9999.000000 -9999.000000 -9999.000000 -9999.000000 -9999.000000 -9999.000000 -9999.000000 -9999.000000 -9999.000000 -9999.000000 -9999.000000
6.764363 6.749611 6.690862 4.970232 4.928897 4.950766 4.952284 4.968794 5.431067 5.444553 5.000278 5.066941 5.064359 4.675472 4.685086 4.699706 4.707861 4.713488 5.077956 5.077956 5.397038 5.397548 5.397718 5.404900 5.405424 5.328428 5.328782 5.328782 5.325989 5.328895 5.036830 5.034055 5.031799 4.526163 4.524337 3.792506 3.789253 -9999.000000 -9999.000000 -9999.000000 -9999.000000 -9999.000000 -9999.000000 -9999.000000 -9999.000000 -9999.000000 -9999.000000 -9999.000000 -9999.000000 -9999.000000 -9999.000000 -9999.000000 -9999.000000 -9999.000000 -9999.000000 -9999.000000 -9999.000000
6.767785 6.758659 6.728428 4.990106 4.946165 4.959555 4.987165 4.978738 5.407736 5.447021 5.063925 5.031575 5.072271 4.684859 4.688868 4.707670 4.705596 4.716249 5.081492 5.080223 5.399705 5.400045 5.400045 5.407684 5.407858 5.330451 5.330981 5.330981 5.328564 5.328927 5.038163 5.036603 5.036950 4.527474 4.524282 3.791695 3.791346 3.790882 3.052455 3.051546 2.829053 -9999.000000 -9999.000000 -9999.000000 -9999.000000 -9999.000000 -9999.000000 -9999.000000 -9999.000000 -9999.000000 -9999.000000 -9999.000000 -9999.000000 -9999.000000 -9999.000000 -9999.000000 -9999.000000
6.242757 6.232202 6.205086 5.820045 5.798736 4.925921 5.009421 5.003426 5.769625 5.771365 5.898419 5.893181 5.920375 5.348186 5.348356 4.880648 4.895334 4.903140 4.679735 4.679435 4.986828 4.986985 4.987299 5.153835 5.154169 5.158182 5.158524 5.158865 5.442307 5.442489 5.541640 5.543157 5.541451 5.235757 5.235218 4.723877 4.724975 4.721209 3.960623 3.956376 3.638304 -9999.000000 -9999.000000 -9999.000000 -9999.000000 -9999.000000 -9999.000000 -9999.000000 -9999.000000 -9999.000000 -9999.000000 -9999.000000 -9999.000000 -9999.000000 -9999.000000 -9999.000000 -9999.000000
6.246077 6.239389 6.232689 5.827174 5.816378 5.011401 5.011401 4.967113 5.783155 5.785061 5.905497 5.893591 5.925613 5.347312 5.354747 4.891543 4.904282 4.906349 4.681610 4.682208 4.988936 4.989720 4.989720 5.156316 5.156649 5.160293 5.160975 5.161316 5.444586 5.444768 5.544646 5.545593 5.540286 5.239416 5.237263 4.728973 4.724428 4.724272 3.963330 3.958361 3.641646 -9999.000000 -9999.000000 -9999.000000 -9999.000000 -9999.000000 -9999.000000 -9999.000000 -9999.000000 -9999.000000 -9999.000000 -9999.000000 -9999.000000 -9999.000000 -9999.000000 -9999.000000 -9999.000000
6.146719 6.141215 6.122615 6.456325 6.463879 5.786913 5.738605 5.747777 6.112819 6.122546 6.523038 6.534201 6.538500 6.084959 6.091190 5.700525 5.701281 5.706382 5.583086 5.582529 5.552423 5.552799 5.552987 5.188872 5.189382 5.424064 5.424240 5.424417 5.481961 5.481419 5.570155 5.565078 5.565078 5.561512 5.562459 5.248622 5.250380 5.247742 4.762786 4.758770 4.502364 4.506523 -9999.000000 -9999.000000 -9999.000000 -9999.000000 -9999.000000 -9999.000000 -9999.000000 -9999.000000 -9999.000000 -9999.000000 -9999.000000 -9999.000000 -9999.000000 -9999.000000 -9999.000000
-9999.000000 6.145428 6.109428 6.461165 6.480909 5.789225 5.764098 5.759626 6.117084 6.131186 6.527304 6.532197 6.525737 6.086884 6.096415 5.699363 5.708239 5.708993 5.585001 5.585186 5.555659 5.555095 5.555847 5.191239 5.191579 5.426018 5.426371 5.426371 5.484133 5.484133 5.572074 5.569068 5.563993 5.566411 5.561682 5.250690 5.252798 5.247877 4.763442 4.761590 4.508892 4.508606 -9999.000000 -9999.000000 -9999.000000 -9999.000000 -9999.000000 -9999.000000 -9999.000000 -9999.000000 -9999.000000 -9999.000000 -9999.000000 -9999.000000 -9999.000000 -9999.000000 -9999.000000
-9999.000000 6.143322 6.126172 6.478001 6.483076 5.785142 5.780162 5.759459 6.139435 6.145262 6.524123 6.543668 6.546006 6.095029 6.101242 5.705379 5.711602 5.711791 5.588025 5.587655 5.557953 5.557953 5.558329 5.193604 5.193943 5.428852 5.428499 5.429028 5.487205 5.486303 5.574366 5.567044 5.564601 5.564311 5.562988 5.256442 5.252405 5.250473 4.764407 4.765332 4.512403 4.511830 4.510543 -9999.000000 -9999.000000 -9999.000000 -9999.000000 -9999.000000 -9999.000000 -9999.000000 -9999.000000 -9999.000000 -9999.000000 -9999.000000 -9999.000000 -9999.000000 -9999.000000
-9999.000000 6.671558 6.664731 6.463104 6.450767 6.344373 6.338357 6.336752 6.331649 6.326124 6.411780 6.453991 6.459059 6.237451 6.243171 5.912011 5.910249 5.913382 6.004334 6.004135 6.239854 6.240269 6.239854 6.035603 6.035801 5.944041 5.944621 5.945008 5.862076 5.862076 5.884227 5.886202 5.880669 5.709095 5.707748 5.414196 5.406794 5.409865 4.993854 4.993690 4.546302 4.549541 4.545565 -9999.000000 -9999.000000 -9999.000000 -9999.000000 -9999.000000 -9999.000000 -9999.000000 -9999.000000 -9999.000000 -9999.000000 -9999.000000 -9999.000000 -9999.000000 -9999.000000
-9999.000000 6.679459 6.668323 6.461442 6.463738 6.352722 6.351123 6.346120 6.344606 6.326293 6.447054 6.461857 6.469743 6.245143 6.247386 5.915130 5.914934 5.915521 6.006634 6.007032 6.242880 6.242051 6.242259 6.038615 6.038416 5.946882 5.947461 5.947461 5.864180 5.863024 5.885892 5.886089 5.878977 5.711741 5.712318 5.416769 5.413524 5.413704 4.995873 4.996527 4.552930 4.548517 4.554547 3.449838 -9999.000000 -9999.000000 -9999.000000 -9999.000000 -9999.000000 -9999.000000 -9999.000000 -9999.000000 -9999.000000 -9999.000000 -9999.000000 -9999.000000 -9999.000000
-9999.000000 -9999.000000 -9999.000000 -9999.000000 7.445694 7.231330 7.225270 7.224057 6.859556 6.853653 5.902740 5.908732 5.907959 5.997153 6.000318 6.238750 6.239166 6.238958 6.617673 6.617673 6.625224 6.625224 6.625224 6.587783 6.587565 6.664998 6.664998 6.665436 6.357523 6.353512 6.000470 5.997222 5.998034 5.730557 5.731920 5.237172 5.235232 5.233820 5.042829 5.044694 4.780373 4.784069 4.784872 3.441707 -9999.000000 -9999.000000 -9999.000000 -9999.000000 -9999.000000 -9999.000000 -9999.000000 -9999.000000 -9999.000000 -9999.000000 -9999.000000 -9999.000000 -9999.000000
-9999.000000 -9999.000000 -9999.000000 -9999.000000 -9999.000000 -9999.000000 -9999.000000 -9999.000000 6.869907 6.868775 5.913388 5.913774 5.913581 6.002876 6.002481 6.241084 6.241500 6.241500 6.620087 6.620087 6.628117 6.627895 6.627895 6.590063 6.591150 6.667019 6.667238 6.667676 6.358739 6.353254 5.998538 6.001175 6.001987 5.737739 5.732487 5.239951 5.237308 5.236250 5.050567 5.047518 4.788849 4.788047 4.789972 3.445826 3.444272 -9999.000000 -9999.000000 -9999.000000 -9999.000000 -9999.000000 -9999.000000 -9999.000000 -9999.000000 -9999.000000 -9999.000000 -9999.000000 -9999.000000
-9999.000000 -9999.000000 -9999.000000 -9999.000000 -9999.000000 -9999.000000 7.236767 7.237009 6.871869 6.870964 5.916689 5.916111 5.910325 6.005827 6.005827 6.243832 6.244455 6.244040 6.622720 6.622499 6.630785 6.630563 6.630341 6.592992 6.593209 6.669695 6.669914 6.666413 6.360587 6.357215 6.004718 6.006744 6.001678 5.739470 5.736166 5.244664 5.243256 5.243784 5.056428 5.056935 4.792180 4.795704 4.796985 3.449647 3.451489 -9999.000000 -9999.000000 -9999.000000 -9999.000000 -9999.000000 -9999.000000 -9999.000000 -9999.000000 -9999.000000 -9999.000000 -9999.000000 -9999.000000
