Data/ET/20200108.L7.pakistan.eto.forecast.txt
ncols    	169
nrows    	134
xllcorner	60.9
yllcorner	23.7
cellsize 	0.1
NODATA_value  -9999
[rows 100 to 124 of 134, columns 0 to 56 of 169]
-9999.000000 -9999.000000 -9999.000000 -9999.000000 -9999.000000 -9999.000000 -9999.000000 -9999.000000 -9999.000000 -9999.000000 -9999.000000 -9999.000000 -9999.000000 -9999.000000 -9999.000000 -9999.000000 -9999.000000 -9999.000000 -9999.000000 -9999.000000 -9999.000000 -9999.000000 -9999.000000 3.776485 3.776099 4.831826 4.829988 4.890172 4.884026 4.874553 5.281594 5.280684 4.678738 4.678911 4.677868 4.299932 4.294959 3.613456 3.605322 3.614747 2.774661 2.777062 1.820535 1.820515 1.820902 1.369144 1.362238 2.086526 2.077466 2.092014 2.433625 2.424518 2.746372 2.734272 2.744312 2.798063 2.800352
-9999.000000 -9999.000000 -9999.000000 -9999.000000 -9999.000000 -9999.000000 -9999.000000 -9999.000000 -9999.000000 -9999.000000 -9999.000000 -9999.000000 -9999.000000 -9999.000000 -9999.000000 -9999.000000 -9999.000000 -9999.000000 -9999.000000 -9999.000000 -9999.000000 -9999.000000 -9999.000000 3.776375 3.778300 4.830189 4.833281 4.895214 4.894451 4.891871 5.293823 5.291033 4.685601 4.680063 4.675280 4.295957 4.284390 3.618197 3.624399 3.626459 2.777496 2.776391 1.823326 1.823050 1.824114 1.362393 1.367648 2.084979 2.094522 2.096001 2.433583 2.433715 2.746535 2.741656 2.747251 2.796861 2.815451
-9999.000000 -9999.000000 -9999.000000 -9999.000000 -9999.000000 -9999.000000 -9999.000000 -9999.000000 -9999.000000 -9999.000000 -9999.000000 -9999.000000 -9999.000000 -9999.000000 -9999.000000 -9999.000000 -9999.000000 -9999.000000 -9999.000000 -9999.000000 -9999.000000 -9999.000000 -9999.000000 4.011373 4.022698 5.087457 5.091321 5.184232 5.183032 5.181630 5.262186 5.252131 4.672798 4.658803 4.673911 4.156180 4.153646 3.313864 3.313931 3.312125 2.213570 2.212494 1.575120 1.577131 1.577824 1.912201 1.909806 2.895345 2.945940 2.931713 2.240592 2.250766 2.827491 2.811259 2.830524 3.184069 3.168609
-9999.000000 -9999.000000 -9999.000000 -9999.000000 -9999.000000 -9999.000000 -9999.000000 -9999.000000 -9999.000000 -9999.000000 -9999.000000 -9999.000000 -9999.000000 -9999.000000 -9999.000000 -9999.000000 -9999.000000 -9999.000000 -9999.000000 -9999.000000 -9999.000000 -9999.000000 -9999.000000 4.017811 4.017078 5.079627 5.085552 5.177794 5.184308 5.182608 5.264965 5.262516 4.690773 4.681138 4.673097 4.152894 4.153740 3.309190 3.309592 3.305972 2.219146 2.220554 1.579439 1.586650 1.571013 1.914731 1.915024 2.949435 2.947402 2.901152 2.244837 2.250980 2.830097 2.818090 2.833692 3.194261 3.152290
-9999.000000 -9999.000000 -9999.000000 -9999.000000 -9999.000000 -9999.000000 -9999.000000 -9999.000000 -9999.000000 -9999.000000 -9999.000000 -9999.000000 -9999.000000 -9999.000000 -9999.000000 -9999.000000 -9999.000000 -9999.000000 2.745488 2.743911 3.789071 3.784135 4.029786 4.031558 4.032765 5.090515 5.091962 5.184984 5.184884 5.183985 5.265091 5.259165 4.674786 4.668474 4.659415 4.149436 4.162673 3.317150 3.325187 3.333581 2.225911 2.227746 1.577142 1.572831 1.573007 1.918548 1.918690 2.949816 2.954884 2.931134 2.257422 2.257722 2.844978 2.825575 2.850365 3.209165 3.197512
-9999.000000 -9999.000000 -9999.000000 -9999.000000 -9999.000000 -9999.000000 -9999.000000 -9999.000000 -9999.000000 -9999.000000 -9999.000000 -9999.000000 -9999.000000 -9999.000000 1.750248 2.273108 2.272177 3.061778 3.055434 3.046616 3.835241 3.831279 5.895443 5.910728 5.903955 6.340395 6.350415 6.419211 6.416713 6.408159 5.821079 5.822592 4.622283 4.632025 4.631339 3.469347 3.461314 2.206811 2.201375 2.205375 1.921677 1.920992 1.405088 1.404998 1.402683 2.050483 2.052946 2.598913 2.598464 2.597365 2.179323 2.178138 3.255013 3.305592 3.325984 4.004568 3.949882
-9999.000000 -9999.000000 -9999.000000 -9999.000000 -9999.000000 -9999.000000 -9999.000000 -9999.000000 -9999.000000 -9999.000000 -9999.000000 -9999.000000 -9999.000000 1.751796 1.752700 2.261674 2.265785 3.045185 3.063209 3.058824 3.848943 3.850905 5.936530 5.934396 5.918525 6.361226 6.378428 6.435847 6.425400 6.438417 5.849354 5.849602 4.642079 4.646055 4.647757 3.480155 3.472718 2.207752 2.206824 2.206937 1.925528 1.926114 1.405291 1.404478 1.408344 2.057161 2.056506 2.606810 2.605365 2.606860 2.184325 2.175505 3.308735 3.321705 3.341300 4.000922 3.974561
-9999.000000 -9999.000000 -9999.000000 -9999.000000 -9999.000000 -9999.000000 -9999.000000 -9999.000000 -9999.000000 -9999.000000 -9999.000000 -9999.000000 2.916293 2.926633 2.917361 3.314346 3.307326 4.615011 4.622448 4.623933 5.658740 5.656361 6.908355 6.906553 6.911136 6.497551 6.485079 6.182966 6.179309 6.182685 4.921129 4.903439 2.693808 2.693808 2.689898 2.143592 2.142724 1.789740 1.788513 1.787886 1.729114 1.728755 1.465165 1.462757 1.461860 1.829910 1.829872 1.632403 1.631971 1.632487 1.915290 1.915709 2.655079 2.673534 2.672442 2.832726 2.817545
-9999.000000 -9999.000000 -9999.000000 -9999.000000 -9999.000000 -9999.000000 -9999.000000 -9999.000000 -9999.000000 2.185543 3.457689 3.470080 2.928476 2.930206 2.923818 3.327382 3.317945 4.624956 4.624551 4.630751 5.665520 5.667101 6.907510 6.911437 6.913234 6.509017 6.494190 6.182922 6.183905 6.187272 4.925740 4.924176 2.700805 2.695720 2.683929 2.152819 2.156418 1.790099 1.789971 1.790109 1.731490 1.732243 1.471836 1.465951 1.463989 1.832470 1.832472 1.635691 1.634128 1.634198 1.919192 1.918999 2.664782 2.679840 2.680070 2.831879 2.828468
-9999.000000 -9999.000000 -9999.000000 -9999.000000 -9999.000000 -9999.000000 -9999.000000 -9999.000000 -9999.000000 2.194704 3.486270 3.488181 2.942002 2.941272 2.941339 3.348311 3.334565 4.645328 4.626113 4.628403 5.666124 5.661853 6.869815 6.885426 6.866145 6.488390 6.433749 6.140969 6.133050 6.172737 4.921747 4.917439 2.696450 2.701044 2.705116 2.160566 2.161073 1.792345 1.792377 1.792843 1.735151 1.735231 1.471454 1.465686 1.464204 1.835062 1.835156 1.636740 1.635740 1.642697 1.921963 1.922053 2.661349 2.683439 2.683897 2.848010 2.840343
-9999.000000 -9999.000000 -9999.000000 -9999.000000 -9999.000000 -9999.000000 -9999.000000 -9999.000000 -9999.000000 3.761740 3.505538 3.500557 3.208964 3.212306 3.208621 4.594865 4.600637 7.218778 7.224673 7.221953 8.320129 8.321674 6.333573 6.318542 6.316181 5.018678 5.004302 4.782891 4.769207 4.774819 4.229990 4.223529 3.478339 3.479117 3.480587 3.433804 3.429909 2.733363 2.731178 2.735439 1.892262 1.892643 1.865446 1.865509 1.865473 1.332744 1.344204 1.632434 1.623117 1.625395 1.738080 1.740467 2.190553 2.201854 2.203203 3.881220 3.876023
-9999.000000 -9999.000000 -9999.000000 -9999.000000 -9999.000000 -9999.000000 -9999.000000 -9999.000000 -9999.000000 3.775204 3.516194 3.508382 3.218637 3.214361 3.211538 4.561661 4.600187 7.223837 7.222930 7.206351 8.315716 8.321020 6.329430 6.314382 6.282594 4.956406 4.967256 4.745981 4.758207 4.760304 4.226323 4.218835 3.465924 3.460284 3.473026 3.432839 3.427088 2.737072 2.742302 2.743446 1.895183 1.895397 1.868184 1.868246 1.868055 1.356440 1.336544 1.624182 1.624868 1.626725 1.742673 1.742565 2.197425 2.205627 2.206273 3.885174 3.884415
-9999.000000 -9999.000000 -9999.000000 -9999.000000 -9999.000000 -9999.000000 -9999.000000 -9999.000000 -9999.000000 4.684423 4.641480 4.645609 5.816227 5.827528 5.829112 6.797296 6.797296 7.838617 7.836209 7.824388 6.735606 6.730293 5.189550 5.189726 5.176647 6.276979 6.281300 5.765012 5.759840 5.717666 2.396807 2.395680 1.922566 1.924213 1.924628 2.187508 2.188474 2.345142 2.343302 2.350779 2.668607 2.670445 1.899971 1.900101 1.900115 1.369420 1.368793 1.667019 1.671637 1.669324 2.259408 2.260757 3.349316 3.354626 3.356847 4.800916 4.801607
-9999.000000 -9999.000000 -9999.000000 -9999.000000 -9999.000000 -9999.000000 -9999.000000 -9999.000000 4.680674 4.698229 4.661451 4.664142 5.831656 5.833436 5.834425 6.801260 6.802588 7.840678 7.837549 7.833695 6.745872 6.734603 5.210227 5.210403 5.203192 6.312468 6.296720 5.796876 5.757136 5.762494 2.414556 2.413655 1.927517 1.927937 1.927572 2.193016 2.190589 2.345909 2.352202 2.354703 2.670605 2.673895 1.902811 1.902972 1.903092 1.371512 1.381539 1.673984 1.671304 1.670792 2.268529 2.264534 3.305741 3.360781 3.360492 4.806187 4.805842
-9999.000000 -9999.000000 -9999.000000 -9999.000000 -9999.000000 -9999.000000 -9999.000000 -9999.000000 4.707979 4.698182 4.666025 4.670450 5.837359 5.835976 5.829452 6.795925 6.794818 7.821040 7.822490 7.815718 6.743324 6.744428 5.220997 5.224152 5.223802 6.335075 6.330607 5.812821 5.800956 5.709238 2.417430 2.419824 1.930898 1.931032 1.931570 2.196098 2.196011 2.355302 2.357794 2.358155 2.677338 2.677876 1.905529 1.905348 1.904667 1.384613 1.373281 1.673190 1.674006 1.674512 2.269362 2.275241 3.356912 3.364420 3.364131 4.809899 4.808693
-9999.000000 -9999.000000 -9999.000000 -9999.000000 -9999.000000 -9999.000000 -9999.000000 5.997647 6.000324 6.002383 5.339968 5.342364 6.207231 6.071003 6.170615 6.052964 6.074723 5.162840 5.165184 5.166266 3.390918 3.370121 4.823301 4.856819 4.863944 7.049300 7.051237 4.139200 4.140437 4.136312 3.326448 3.322498 3.671002 3.678375 3.685980 3.273948 3.256922 3.019048 2.993398 3.014317 3.103333 3.124342 2.057120 2.057946 2.057849 2.224104 2.231086 3.179543 3.179802 3.181706 4.371419 4.350343 6.743809 -9999.000000 -9999.000000 7.336215 7.335942
-9999.000000 -9999.000000 -9999.000000 -9999.000000 -9999.000000 -9999.000000 -9999.000000 6.006855 6.005621 6.005621 5.341311 5.342048 6.208457 6.199019 6.208666 6.076587 5.961037 5.136904 5.168323 5.170664 3.393865 3.393769 4.866385 4.864182 4.868248 7.064432 7.061293 4.156701 4.143118 4.149706 3.343373 -9999.000000 -9999.000000 3.698546 3.697962 3.279643 3.279003 3.046173 3.047646 3.047646 3.133299 3.127870 2.061473 2.059115 2.061652 2.233456 2.234360 3.201353 3.200748 3.200921 4.376410 4.376562 -9999.000000 -9999.000000 -9999.000000 7.337935 -9999.000000
-9999.000000 -9999.000000 -9999.000000 -9999.000000 -9999.000000 -9999.000000 -9999.000000 5.766335 5.765933 5.766134 5.028248 5.027381 5.280900 5.291292 5.287704 5.775862 5.775862 6.683127 6.685384 6.689144 5.559079 5.532922 7.483928 7.484452 7.483404 6.535031 -9999.000000 -9999.000000 -9999.000000 -9999.000000 6.240842 6.241094 5.720366 5.720587 5.720366 5.360561 5.360353 5.831367 5.831833 5.830902 5.580014 5.583206 6.098908 -9999.000000 -9999.000000 -9999.000000 -9999.000000 -9999.000000 -9999.000000 -9999.000000 -9999.000000 -9999.000000 -9999.000000 -9999.000000 -9999.000000 -9999.000000 -9999.000000
-9999.000000 -9999.000000 -9999.000000 -9999.000000 -9999.000000 -9999.000000 -9999.000000 5.768945 5.768744 5.768744 5.032958 5.032092 5.296336 5.296713 5.296147 5.783266 -9999.000000 -9999.000000 6.662512 6.692631 5.559744 5.561705 -9999.000000 7.487359 7.486835 6.533694 -9999.000000 -9999.000000 -9999.000000 -9999.000000 -9999.000000 -9999.000000 -9999.000000 -9999.000000 -9999.000000 5.360205 -9999.000000 -9999.000000 -9999.000000 -9999.000000 -9999.000000 -9999.000000 -9999.000000 -9999.000000 -9999.000000 -9999.000000 -9999.000000 -9999.000000 -9999.000000 -9999.000000 -9999.000000 -9999.000000 -9999.000000 -9999.000000 -9999.000000 -9999.000000 -9999.000000
-9999.000000 -9999.000000 -9999.000000 -9999.000000 -9999.000000 -9999.000000 -9999.000000 -9999.000000 5.771351 5.769945 5.025717 5.035931 -9999.000000 -9999.000000 -9999.000000 -9999.000000 -9999.000000 -9999.000000 -9999.000000 -9999.000000 -9999.000000 -9999.000000 -9999.000000 -9999.000000 -9999.000000 -9999.000000 -9999.000000 -9999.000000 -9999.000000 -9999.000000 -9999.000000 -9999.000000 -9999.000000 -9999.000000 -9999.000000 -9999.000000 -9999.000000 -9999.000000 -9999.000000 -9999.000000 -9999.000000 -9999.000000 -9999.000000 -9999.000000 -9999.000000 -9999.000000 -9999.000000 -9999.000000 -9999.000000 -9999.000000 -9999.000000 -9999.000000 -9999.000000 -9999.000000 -9999.000000 -9999.000000 -9999.000000
-9999.000000 -9999.000000 -9999.000000 -9999.000000 -9999.000000 -9999.000000 -9999.000000 -9999.000000 6.465941 6.456551 -9999.000000 -9999.000000 -9999.000000 -9999.000000 -9999.000000 -9999.000000 -9999.000000 -9999.000000 -9999.000000 -9999.000000 -9999.000000 -9999.000000 -9999.000000 -9999.000000 -9999.000000 -9999.000000 -9999.000000 -9999.000000 -9999.000000 -9999.000000 -9999.000000 -9999.000000 -9999.000000 -9999.000000 -9999.000000 -9999.000000 -9999.000000 -9999.000000 -9999.000000 -9999.000000 -9999.000000 -9999.000000 -9999.000000 -9999.000000 -9999.000000 -9999.000000 -9999.000000 -9999.000000 -9999.000000 -9999.000000 -9999.000000 -9999.000000 -9999.000000 -9999.000000 -9999.000000 -9999.000000 -9999.000000
-9999.000000 -9999.000000 -9999.000000 -9999.000000 -9999.000000 -9999.000000 -9999.000000 -9999.000000 -9999.000000 -9999.000000 -9999.000000 -9999.000000 -9999.000000 -9999.000000 -9999.000000 -9999.000000 -9999.000000 -9999.000000 -9999.000000 -9999.000000 -9999.000000 -9999.000000 -9999.000000 -9999.000000 -9999.000000 -9999.000000 -9999.000000 -9999.000000 -9999.000000 -9999.000000 -9999.000000 -9999.000000 -9999.000000 -9999.000000 -9999.000000 -9999.000000 -9999.000000 -9999.000000 -9999.000000 -9999.000000 -9999.000000 -9999.000000 -9999.000000 -9999.000000 -9999.000000 -9999.000000 -9999.000000 -9999.000000 -9999.000000 -9999.000000 -9999.000000 -9999.000000 -9999.000000 -9999.000000 -9999.000000 -9999.000000 -9999.000000
-9999.000000 -9999.000000 -9999.000000 -9999.000000 -9999.000000 -9999.000000 -9999.000000 -9999.000000 -9999.000000 -9999.000000 -9999.000000 -9999.000000 -9999.000000 -9999.000000 -9999.000000 -9999.000000 -9999.000000 -9999.000000 -9999.000000 -9999.000000 -9999.000000 -9999.000000 -9999.000000 -9999.000000 -9999.000000 -9999.000000 -9999.000000 -9999.000000 -9999.000000 -9999.000000 -9999.000000 -9999.000000 -9999.000000 -9999.000000 -9999.000000 -9999.000000 -9999.000000 -9999.000000 -9999.000000 -9999.000000 -9999.000000 -9999.000000 -9999.000000 -9999.000000 -9999.000000 -9999.000000 -9999.000000 -9999.000000 -9999.000000 -9999.000000 -9999.000000 -9999.000000 -9999.000000 -9999.000000 -9999.000000 -9999.000000 -9999.000000
-9999.000000 -9999.000000 -9999.000000 -9999.000000 -9999.000000 -9999.000000 -9999.000000 -9999.000000 -9999.000000 -9999.000000 -9999.000000 -9999.000000 -9999.000000 -9999.000000 -9999.000000 -9999.000000 -9999.000000 -9999.000000 -9999.000000 -9999.000000 -9999.000000 -9999.000000 -9999.000000 -9999.000000 -9999.000000 -9999.000000 -9999.000000 -9999.000000 -9999.000000 -9999.000000 -9999.000000 -9999.000000 -9999.000000 -9999.000000 -9999.000000 -9999.000000 -9999.000000 -9999.000000 -9999.000000 -9999.000000 -9999.000000 -9999.000000 -9999.000000 -9999.000000 -9999.000000 -9999.000000 -9999.000000 -9999.000000 -9999.000000 -9999.000000 -9999.000000 -9999.000000 -9999.000000 -9999.000000 -9999.000000 -9999.000000 -9999.000000
-9999.000000 -9999.000000 -9999.000000 -9999.000000 -9999.000000 -9999.000000 -9999.000000 -9999.000000 -9999.000000 -9999.000000 -9999.000000 -9999.000000 -9999.000000 -9999.000000 -9999.000000 -9999.000000 -9999.000000 -9999.000000 -9999.000000 -9999.000000 -9999.000000 -9999.000000 -9999.000000 -9999.000000 -9999.000000 -9999.000000 -9999.000000 -9999.000000 -9999.000000 -9999.000000 -9999.000000 -9999.000000 -9999.000000 -9999.000000 -9999.000000 -9999.000000 -9999.000000 -9999.000000 -9999.000000 -9999.000000 -9999.000000 -9999.000000 -9999.000000 -9999.000000 -9999.000000 -9999.000000 -9999.000000 -9999.000000 -9999.000000 -9999.000000 -9999.000000 -9999.000000 -9999.000000 -9999.000000 -9999.000000 -9999.000000 -9999.000000
