Data/ET/20200108.L7.pakistan.eto.forecast.weekly.txt
ncols    	169
nrows    	134
xllcorner	60.9
yllcorner	23.7
cellsize 	0.1
NODATA_value  -9999
[rows 100 to 124 of 134, columns 56 to 111 of 169]
31.059497 26.879224 26.923888 26.949592 23.219455 23.510752 25.571331 26.037694 26.240395 39.166538 39.185461 40.847014 40.845800 40.844585 41.552365 41.549813 44.612398 44.609614 44.611006 47.465618 47.470199 50.074401 50.028922 50.013751 51.812971 51.821795 53.056260 53.016651 53.047262 53.783244 53.781433 -9999.000000 -9999.000000 -9999.000000 -9999.000000 -9999.000000 -9999.000000 -9999.000000 -9999.000000 -9999.000000 -9999.000000 -9999.000000 -9999.000000 -9999.000000 -9999.000000 -9999.000000 -9999.000000 -9999.000000 -9999.000000 -9999.000000 -9999.000000 -9999.000000 -9999.000000 -9999.000000 -9999.000000 -9999.000000
31.246232 26.740396 26.971102 26.936901 23.315297 23.459659 25.991005 26.001267 26.264983 39.190716 39.197805 40.865181 40.863967 40.861541 41.577067 41.570696 44.633460 44.633460 44.632069 47.484191 47.491819 50.049759 50.049759 50.090155 51.830180 51.835471 53.096738 53.094941 53.080560 53.809609 -9999.000000 -9999.000000 -9999.000000 -9999.000000 -9999.000000 -9999.000000 -9999.000000 -9999.000000 -9999.000000 -9999.000000 -9999.000000 -9999.000000 -9999.000000 -9999.000000 -9999.000000 -9999.000000 -9999.000000 -9999.000000 -9999.000000 -9999.000000 -9999.000000 -9999.000000 -9999.000000 -9999.000000 -9999.000000 -9999.000000
32.849742 28.291983 28.246515 28.274316 26.105531 26.131456 26.817889 27.682229 27.880541 39.877133 39.897666 40.364123 40.362920 40.364123 41.788123 41.788123 45.981112 45.982545 45.979679 49.432076 49.417574 51.687300 51.682055 51.685552 53.316674 53.300355 54.179225 54.184753 54.131285 55.385837 -9999.000000 -9999.000000 -9999.000000 -9999.000000 -9999.000000 -9999.000000 -9999.000000 -9999.000000 -9999.000000 -9999.000000 -9999.000000 -9999.000000 -9999.000000 -9999.000000 -9999.000000 -9999.000000 -9999.000000 -9999.000000 -9999.000000 -9999.000000 -9999.000000 -9999.000000 -9999.000000 -9999.000000 -9999.000000 -9999.000000
32.664476 28.243057 28.300470 28.296691 26.190891 26.245274 27.000271 27.740624 27.920097 39.907203 39.922883 40.384422 40.385623 40.382020 41.807594 41.808868 46.002597 46.006890 46.004028 49.429396 49.447108 51.699784 51.703279 51.692794 53.337906 53.285338 54.196905 54.161902 54.161902 55.411070 55.397885 -9999.000000 -9999.000000 -9999.000000 -9999.000000 -9999.000000 -9999.000000 -9999.000000 -9999.000000 -9999.000000 -9999.000000 -9999.000000 -9999.000000 -9999.000000 -9999.000000 -9999.000000 -9999.000000 -9999.000000 -9999.000000 -9999.000000 -9999.000000 -9999.000000 -9999.000000 -9999.000000 -9999.000000 -9999.000000
33.145874 28.383632 28.362335 28.493402 26.096419 26.313308 27.188802 27.858804 27.946809 39.939638 39.943252 40.405904 40.403505 40.403505 41.832142 41.829596 46.021203 46.026922 46.024062 49.471781 49.455695 51.719245 51.707020 51.708767 53.355498 53.301154 54.223771 54.225611 54.201688 55.423103 55.419339 54.280862 54.297553 -9999.000000 -9999.000000 -9999.000000 -9999.000000 -9999.000000 -9999.000000 -9999.000000 -9999.000000 -9999.000000 -9999.000000 -9999.000000 -9999.000000 -9999.000000 -9999.000000 -9999.000000 -9999.000000 -9999.000000 -9999.000000 -9999.000000 -9999.000000 -9999.000000 -9999.000000 -9999.000000
36.926561 27.781321 27.594215 27.856893 27.340561 27.463559 30.661110 31.105369 31.323926 36.424782 36.432450 38.970729 38.964796 38.965983 40.293900 40.289049 45.566187 45.567599 45.567599 49.433264 49.426890 52.800219 52.798458 52.831911 54.891836 54.864076 55.281882 55.302579 55.276235 54.221362 54.225084 53.152910 53.107359 53.116473 53.147718 53.164386 54.637259 -9999.000000 -9999.000000 -9999.000000 -9999.000000 -9999.000000 -9999.000000 -9999.000000 -9999.000000 -9999.000000 -9999.000000 -9999.000000 -9999.000000 -9999.000000 -9999.000000 -9999.000000 -9999.000000 -9999.000000 -9999.000000 -9999.000000
37.153560 27.614563 27.666272 27.893946 27.496678 27.061973 31.090805 30.789728 31.315062 36.423893 36.449069 38.993092 38.990722 38.989537 40.314098 40.311676 45.589152 45.587741 45.590563 49.458490 49.460082 52.832516 52.837794 52.850106 54.900513 54.891266 55.327996 55.294151 55.265926 54.232094 54.254412 53.138609 53.127680 53.140430 53.192014 53.177213 54.653129 -9999.000000 -9999.000000 -9999.000000 -9999.000000 -9999.000000 -9999.000000 -9999.000000 -9999.000000 -9999.000000 -9999.000000 -9999.000000 -9999.000000 -9999.000000 -9999.000000 -9999.000000 -9999.000000 -9999.000000 -9999.000000 -9999.000000
32.849347 29.421943 29.578988 29.655956 29.156372 29.205298 34.106018 33.840089 34.300718 33.525874 34.100908 36.130125 36.133140 36.104988 39.902835 39.899329 47.044581 47.041637 47.044581 49.681278 49.682865 52.664519 52.667914 52.662821 55.333057 55.277660 55.738841 55.759741 55.725535 54.898894 54.906464 52.703717 52.718430 52.705556 52.521400 52.510314 53.330450 -9999.000000 -9999.000000 -9999.000000 -9999.000000 -9999.000000 -9999.000000 -9999.000000 -9999.000000 -9999.000000 -9999.000000 -9999.000000 -9999.000000 -9999.000000 -9999.000000 -9999.000000 -9999.000000 -9999.000000 -9999.000000 -9999.000000
33.000830 29.486499 29.443691 29.684596 29.085191 29.241118 34.163478 34.047143 33.854163 33.641859 33.950184 35.916670 36.122472 35.829422 39.919566 39.921901 47.066145 47.063204 47.067615 49.699380 49.700965 52.683610 52.685306 52.681914 55.360750 55.360750 55.762844 55.751448 55.768540 54.913495 54.904036 52.722713 52.711684 52.708006 52.532960 52.531113 53.343541 -9999.000000 -9999.000000 -9999.000000 -9999.000000 -9999.000000 -9999.000000 -9999.000000 -9999.000000 -9999.000000 -9999.000000 -9999.000000 -9999.000000 -9999.000000 -9999.000000 -9999.000000 -9999.000000 -9999.000000 -9999.000000 -9999.000000
33.167169 29.851090 29.585278 29.740841 28.918581 28.996299 34.190188 34.203159 34.035822 33.913314 34.088373 35.355729 35.935399 35.982901 39.894276 39.951447 47.084751 47.083282 47.086220 49.720635 49.722219 52.702684 52.707769 52.709463 55.382886 55.377360 55.813377 55.784925 55.794412 54.948873 54.926194 52.747204 52.747204 52.726997 52.540822 52.555585 53.405144 -9999.000000 -9999.000000 -9999.000000 -9999.000000 -9999.000000 -9999.000000 -9999.000000 -9999.000000 -9999.000000 -9999.000000 -9999.000000 -9999.000000 -9999.000000 -9999.000000 -9999.000000 -9999.000000 -9999.000000 -9999.000000 -9999.000000
35.759997 36.376076 35.964435 36.020803 34.239586 34.281559 35.088859 35.492558 35.417577 40.526398 40.709335 44.228683 44.908961 44.627262 46.642582 46.712929 50.661315 50.676748 50.678291 52.274539 52.276197 53.993645 53.998863 53.997124 55.058407 55.056586 55.869928 55.835679 55.854710 55.739960 55.738023 54.535767 54.526096 54.547369 53.252322 53.294122 -9999.000000 -9999.000000 -9999.000000 -9999.000000 -9999.000000 -9999.000000 -9999.000000 -9999.000000 -9999.000000 -9999.000000 -9999.000000 -9999.000000 -9999.000000 -9999.000000 -9999.000000 -9999.000000 -9999.000000 -9999.000000 -9999.000000 -9999.000000
35.833601 36.566790 36.427273 35.707551 33.879057 34.363412 35.536099 35.225336 35.457229 40.573285 40.130229 44.350459 44.721219 44.822397 46.558782 46.695540 50.691733 50.702524 50.697900 52.294185 52.299157 54.014789 54.018265 54.014789 55.070455 55.072275 55.884859 55.886759 55.890560 55.791594 55.778058 54.570496 54.582086 54.566632 53.298457 53.307948 -9999.000000 -9999.000000 -9999.000000 -9999.000000 -9999.000000 -9999.000000 -9999.000000 -9999.000000 -9999.000000 -9999.000000 -9999.000000 -9999.000000 -9999.000000 -9999.000000 -9999.000000 -9999.000000 -9999.000000 -9999.000000 -9999.000000 -9999.000000
37.169651 42.232848 42.043110 41.619091 38.124887 38.340344 39.595615 39.659382 39.763766 46.095365 46.183490 52.872146 53.410304 53.366760 54.598290 54.739240 56.084622 56.147254 56.175989 55.519164 55.519164 55.827687 55.833034 55.840163 56.073772 56.075614 55.618781 55.622561 55.607439 56.306295 56.306295 56.140331 56.162458 56.104101 54.454536 54.403472 52.691707 -9999.000000 -9999.000000 -9999.000000 -9999.000000 -9999.000000 -9999.000000 -9999.000000 -9999.000000 -9999.000000 -9999.000000 -9999.000000 -9999.000000 -9999.000000 -9999.000000 -9999.000000 -9999.000000 -9999.000000 -9999.000000 -9999.000000
37.202405 42.281087 42.183747 41.797463 38.331133 38.013802 39.664149 39.676158 39.806753 46.081934 46.194072 52.841426 53.499980 53.474558 54.603554 54.710891 56.028074 56.121279 56.185513 55.533385 55.533385 55.847161 55.852505 55.854286 56.087710 56.093233 55.640072 55.643849 55.643849 56.319534 56.350915 56.191983 56.159823 56.133678 54.490099 54.466561 52.730440 52.677932 -9999.000000 -9999.000000 -9999.000000 -9999.000000 -9999.000000 -9999.000000 -9999.000000 -9999.000000 -9999.000000 -9999.000000 -9999.000000 -9999.000000 -9999.000000 -9999.000000 -9999.000000 -9999.000000 -9999.000000 -9999.000000
37.225189 42.310094 42.249869 42.050724 38.485613 38.148127 39.733679 39.952096 39.885430 45.885876 46.212635 53.462417 53.143138 53.544597 54.696926 54.741678 56.107146 56.083441 56.205158 55.563171 55.549327 55.868399 55.871958 55.871958 56.110839 56.112678 55.655682 55.661344 55.661344 56.340608 56.344529 56.199388 56.181308 56.185327 54.496224 54.455043 52.697926 52.692300 52.684799 51.511754 51.490490 51.077532 -9999.000000 -9999.000000 -9999.000000 -9999.000000 -9999.000000 -9999.000000 -9999.000000 -9999.000000 -9999.000000 -9999.000000 -9999.000000 -9999.000000 -9999.000000 -9999.000000
47.619655 48.116630 48.033095 47.818641 52.250423 52.064886 53.623742 54.493911 54.431696 55.861613 55.877593 58.880866 58.831966 59.085632 59.298921 59.300666 60.089954 60.258113 60.347320 59.241651 59.237936 57.040652 57.042463 57.046085 56.795585 56.799311 56.145156 56.148958 56.152759 56.446585 56.448541 56.430632 56.446737 56.428618 54.841578 54.835650 53.406598 53.419941 53.374176 51.920328 51.857305 51.694923 -9999.000000 -9999.000000 -9999.000000 -9999.000000 -9999.000000 -9999.000000 -9999.000000 -9999.000000 -9999.000000 -9999.000000 -9999.000000 -9999.000000 -9999.000000 -9999.000000
-9999.000000 48.145737 48.092799 48.039791 52.311411 52.217423 54.506598 54.506598 54.045876 55.981528 55.999024 58.941276 58.830120 59.128875 59.280435 59.357121 60.202553 60.348294 60.371914 59.250973 59.258398 57.054772 57.063820 57.063820 56.815274 56.818997 56.161096 56.168694 56.172492 56.464362 56.466317 56.456711 56.466769 56.410417 54.875642 54.851949 53.459236 53.403992 53.402086 51.943938 51.870162 51.730452 -9999.000000 -9999.000000 -9999.000000 -9999.000000 -9999.000000 -9999.000000 -9999.000000 -9999.000000 -9999.000000 -9999.000000 -9999.000000 -9999.000000 -9999.000000 -9999.000000
-9999.000000 63.155945 63.100575 62.913379 64.760561 64.833850 65.959561 65.449181 65.546262 64.188885 64.283510 63.501302 63.604971 63.644883 63.705567 63.766524 64.320835 64.328835 64.382783 62.804514 62.798426 62.404575 62.408703 62.410767 58.445339 58.451125 57.310553 57.312476 57.314399 56.830261 56.824371 55.786830 55.733243 55.733243 54.746467 54.756235 54.037377 54.056648 54.027739 53.529495 53.480749 54.691637 54.746388 -9999.000000 -9999.000000 -9999.000000 -9999.000000 -9999.000000 -9999.000000 -9999.000000 -9999.000000 -9999.000000 -9999.000000 -9999.000000 -9999.000000 -9999.000000
-9999.000000 -9999.000000 63.139532 62.777091 64.804223 64.995750 65.975622 65.710366 65.663083 64.224060 64.361231 63.535967 63.581422 63.521406 63.717597 63.810841 64.299724 64.393644 64.401625 62.816626 62.818654 62.431446 62.425259 62.433508 58.463252 58.467106 57.324921 57.328765 57.328765 56.846758 56.846758 55.801393 55.769663 55.716071 54.792328 54.743522 54.053919 54.077029 54.023088 53.528878 53.506392 54.767610 54.763839 -9999.000000 -9999.000000 -9999.000000 -9999.000000 -9999.000000 -9999.000000 -9999.000000 -9999.000000 -9999.000000 -9999.000000 -9999.000000 -9999.000000 -9999.000000
-9999.000000 -9999.000000 63.114912 62.942263 64.964276 65.013501 65.924216 65.871645 65.652842 64.435165 64.491800 63.501443 63.683023 63.704735 63.790511 63.851287 64.354594 64.420450 64.422444 62.840890 62.836837 62.447984 62.447984 62.452106 58.481149 58.485000 57.348881 57.345041 57.350801 56.873045 56.863242 55.819908 55.742581 55.716777 54.765959 54.752295 54.110858 54.066597 54.045414 53.532010 53.543245 54.803883 54.796348 54.779392 -9999.000000 -9999.000000 -9999.000000 -9999.000000 -9999.000000 -9999.000000 -9999.000000 -9999.000000 -9999.000000 -9999.000000 -9999.000000 -9999.000000
-9999.000000 -9999.000000 70.666249 70.596942 68.998050 68.869408 72.699088 72.633862 72.616447 69.770021 69.714338 67.620410 68.032618 68.082033 67.501477 67.558803 65.629257 65.610682 65.643698 63.875727 63.873644 62.984874 62.989058 62.984874 60.508914 60.510930 58.340127 58.346023 58.349954 56.445331 56.445331 55.867610 55.887272 55.832197 54.677987 54.664747 54.543872 54.466659 54.498691 54.664848 54.662970 55.653328 55.695723 55.643687 -9999.000000 -9999.000000 -9999.000000 -9999.000000 -9999.000000 -9999.000000 -9999.000000 -9999.000000 -9999.000000 -9999.000000 -9999.000000 -9999.000000
-9999.000000 -9999.000000 70.741794 70.628755 68.975292 68.999238 72.781142 72.763804 72.709567 69.893361 69.708796 67.958453 68.102853 68.179721 67.571065 67.593548 65.653218 65.651156 65.657341 63.892420 63.896583 63.010242 63.001879 63.003970 60.534711 60.532697 58.364359 58.370250 58.370250 56.462405 56.450657 55.880565 55.882531 55.811721 54.700556 54.706225 54.566144 54.532288 54.534170 54.681319 54.688826 55.730827 55.673065 55.751988 56.452358 -9999.000000 -9999.000000 -9999.000000 -9999.000000 -9999.000000 -9999.000000 -9999.000000 -9999.000000 -9999.000000 -9999.000000 -9999.000000
-9999.000000 -9999.000000 -9999.000000 -9999.000000 -9999.000000 75.874976 75.086320 75.026008 75.013934 73.449214 73.390291 69.710534 69.776161 69.767700 68.050185 68.084140 66.054466 66.058726 66.056596 64.822940 64.822940 63.435400 63.435400 63.435400 60.960867 60.958807 58.898238 58.898238 58.902264 58.073081 58.034559 57.233426 57.201556 57.209526 56.281584 56.295204 56.471296 56.449858 56.434261 56.684638 56.706280 57.253247 57.299161 57.309136 57.186020 -9999.000000 -9999.000000 -9999.000000 -9999.000000 -9999.000000 -9999.000000 -9999.000000 -9999.000000 -9999.000000 -9999.000000 -9999.000000
-9999.000000 -9999.000000 -9999.000000 -9999.000000 -9999.000000 -9999.000000 -9999.000000 -9999.000000 -9999.000000 73.546773 73.535481 69.816508 69.820732 69.818620 68.102104 68.097864 66.071270 66.075527 66.075527 64.842369 64.842369 63.459653 63.457522 63.457522 60.979674 60.989962 58.915445 58.917457 58.921481 58.082164 58.029465 57.210630 57.236515 57.244476 56.348990 56.296508 56.495476 56.466263 56.454573 56.767654 56.732291 57.351118 57.341154 57.365064 57.242185 57.210134 -9999.000000 -9999.000000 -9999.000000 -9999.000000 -9999.000000 -9999.000000 -9999.000000 -9999.000000 -9999.000000 -9999.000000
-9999.000000 -9999.000000 -9999.000000 -9999.000000 -9999.000000 -9999.000000 -9999.000000 75.132437 75.134844 73.560632 73.551602 69.842025 69.835694 69.772312 68.124288 68.124288 66.092314 66.098695 66.094441 64.863928 64.861781 63.481753 63.479623 63.477493 61.004635 61.006691 58.938670 58.940680 58.908505 58.097315 58.064912 57.267453 57.287336 57.237612 56.361931 56.328912 56.541025 56.525467 56.531302 56.828914 56.834796 57.385081 57.428853 57.444760 57.292259 57.330242 -9999.000000 -9999.000000 -9999.000000 -9999.000000 -9999.000000 -9999.000000 -9999.000000 -9999.000000 -9999.000000 -9999.000000
