Data/ET/20200108.L1.pakistan.eto.forecast.txt
ncols    	169
nrows    	134
xllcorner	60.9
yllcorner	23.7
cellsize 	0.1
NODATA_value  -9999
[rows 100 to 124 of 134, columns 0 to 56 of 169]
-9999.000000 -9999.000000 -9999.000000 -9999.000000 -9999.000000 -9999.000000 -9999.000000 -9999.000000 -9999.000000 -9999.000000 -9999.000000 -9999.000000 -9999.000000 -9999.000000 -9999.000000 -9999.000000 -9999.000000 -9999.000000 -9999.000000 -9999.000000 -9999.000000 -9999.000000 -9999.000000 5.581654 5.580877 5.340638 5.337770 5.141750 5.132505 5.118287 5.143590 5.142174 5.038560 5.038837 5.037176 4.801796 4.793966 4.084074 4.072023 4.085988 3.648203 3.652985 2.897626 2.898059 2.889827 2.806595 2.819699 2.644787 2.612950 2.663491 2.634490 2.620612 1.970941 1.968084 1.970448 2.045786 2.046506
-9999.000000 -9999.000000 -9999.000000 -9999.000000 -9999.000000 -9999.000000 -9999.000000 -9999.000000 -9999.000000 -9999.000000 -9999.000000 -9999.000000 -9999.000000 -9999.000000 -9999.000000 -9999.000000 -9999.000000 -9999.000000 -9999.000000 -9999.000000 -9999.000000 -9999.000000 -9999.000000 5.579886 5.583773 5.337983 5.342810 5.149388 5.148238 5.144353 5.162873 5.158514 5.049255 5.040423 5.032808 4.795067 4.776882 4.090422 4.099626 4.102686 3.651682 3.649477 2.896653 2.902327 2.881691 2.826610 2.816663 2.633438 2.666463 2.671466 2.633227 2.633428 1.973073 1.971929 1.973242 2.047423 2.053275
-9999.000000 -9999.000000 -9999.000000 -9999.000000 -9999.000000 -9999.000000 -9999.000000 -9999.000000 -9999.000000 -9999.000000 -9999.000000 -9999.000000 -9999.000000 -9999.000000 -9999.000000 -9999.000000 -9999.000000 -9999.000000 -9999.000000 -9999.000000 -9999.000000 -9999.000000 -9999.000000 5.324663 5.344971 5.177947 5.183772 5.011700 5.009975 5.007960 5.046147 5.031772 5.123087 5.101731 5.124788 4.556738 4.553069 3.719382 3.719478 3.716885 3.323866 3.319252 2.532327 2.527234 2.525491 1.878202 1.874968 1.708849 1.705332 1.706234 1.941473 1.946034 1.817652 1.816811 1.817820 1.800264 1.799905
-9999.000000 -9999.000000 -9999.000000 -9999.000000 -9999.000000 -9999.000000 -9999.000000 -9999.000000 -9999.000000 -9999.000000 -9999.000000 -9999.000000 -9999.000000 -9999.000000 -9999.000000 -9999.000000 -9999.000000 -9999.000000 -9999.000000 -9999.000000 -9999.000000 -9999.000000 -9999.000000 5.335188 5.333874 5.166246 5.175159 5.002712 5.012067 5.009623 5.050203 5.046695 5.150104 5.135344 5.123046 4.551263 4.552487 3.711767 3.712344 3.707145 3.339162 3.345157 2.530412 2.512769 2.551904 1.880805 1.881198 1.707757 1.707885 1.711187 1.944778 1.947511 1.820159 1.819553 1.820351 1.802996 1.802159
-9999.000000 -9999.000000 -9999.000000 -9999.000000 -9999.000000 -9999.000000 -9999.000000 -9999.000000 -9999.000000 -9999.000000 -9999.000000 -9999.000000 -9999.000000 -9999.000000 -9999.000000 -9999.000000 -9999.000000 -9999.000000 5.022233 5.017037 5.112155 5.103068 5.355674 5.358857 5.361025 5.182715 5.184895 5.013297 5.013153 5.011861 5.050458 5.041978 5.125129 5.115484 5.101661 4.545536 4.564717 3.722300 3.733857 3.745929 3.359568 3.367332 2.545069 2.556097 2.555642 1.885138 1.885329 1.710377 1.710048 1.711667 1.951795 1.951930 1.823315 1.822311 1.823621 1.805834 1.805540
-9999.000000 -9999.000000 -9999.000000 -9999.000000 -9999.000000 -9999.000000 -9999.000000 -9999.000000 -9999.000000 -9999.000000 -9999.000000 -9999.000000 -9999.000000 -9999.000000 3.537553 3.936813 3.932098 4.504891 4.490584 4.470668 4.639301 4.632995 4.350177 4.367045 4.359557 4.345945 4.357832 4.652726 4.649566 4.638775 4.210024 4.211542 4.241925 4.252646 4.251891 3.991613 3.979950 3.444417 3.418828 3.437701 3.197995 3.182096 2.272949 2.273047 2.275556 1.255485 1.248704 1.432803 1.433028 1.433579 1.736196 1.736351 1.590359 1.582005 1.578760 1.627021 1.632116
-9999.000000 -9999.000000 -9999.000000 -9999.000000 -9999.000000 -9999.000000 -9999.000000 -9999.000000 -9999.000000 -9999.000000 -9999.000000 -9999.000000 -9999.000000 3.556341 3.542975 3.866893 3.888390 4.464289 4.505054 4.495149 4.659961 4.663090 4.396537 4.394152 4.376485 4.371751 4.392410 4.674809 4.661521 4.678088 4.239347 4.239598 4.263826 4.268214 4.270093 4.006164 3.995358 3.439314 3.434926 3.435464 3.227413 3.239322 2.278402 2.279279 2.275127 1.247040 1.248829 1.432710 1.433434 1.432685 1.738528 1.739778 1.584680 1.582587 1.579478 1.630352 1.632823
-9999.000000 -9999.000000 -9999.000000 -9999.000000 -9999.000000 -9999.000000 -9999.000000 -9999.000000 -9999.000000 -9999.000000 -9999.000000 -9999.000000 3.650360 3.669129 3.652298 4.331915 4.319397 4.812636 4.821976 4.823843 4.626764 4.624361 3.885667 3.884294 3.887790 4.155007 4.143940 4.633237 4.629378 4.632940 3.830047 3.814595 4.442259 4.442259 4.430873 3.963973 3.958247 3.474544 3.506306 3.524102 3.181266 3.185355 2.487116 2.491362 2.492951 1.637202 1.635024 1.649681 1.649359 1.649744 1.580701 1.579442 1.754714 1.753705 1.753759 2.036923 2.032955
-9999.000000 -9999.000000 -9999.000000 -9999.000000 -9999.000000 -9999.000000 -9999.000000 -9999.000000 -9999.000000 2.827040 2.984391 2.994955 3.670309 3.673452 3.661844 4.353109 4.336273 4.824717 4.824209 4.832003 4.634140 4.635738 3.886539 3.889532 3.890903 4.166523 4.153330 4.634071 4.635109 4.638664 3.834944 3.833574 4.457735 4.442935 4.408431 4.010674 4.033729 3.534421 3.538146 3.534119 3.186064 3.177727 2.483067 2.493279 2.496725 1.637744 1.637860 1.653097 1.651925 1.651978 1.579756 1.580317 1.757531 1.756712 1.756701 2.039070 2.038181
-9999.000000 -9999.000000 -9999.000000 -9999.000000 -9999.000000 -9999.000000 -9999.000000 -9999.000000 -9999.000000 2.849421 3.009271 3.010908 3.692728 3.691402 3.691523 4.388406 4.363884 4.849939 4.825762 4.828641 4.635276 4.630962 3.859578 3.871322 3.856827 4.149503 4.101638 4.591000 4.582768 4.624229 3.832310 3.828546 4.440150 4.453570 4.465431 4.047391 4.050609 3.543298 3.542394 3.529524 3.176841 3.175992 2.491217 2.501235 2.503840 1.640468 1.642931 1.654830 1.654081 1.659341 1.582084 1.581819 1.761138 1.759843 1.759819 2.045666 2.043651
-9999.000000 -9999.000000 -9999.000000 -9999.000000 -9999.000000 -9999.000000 -9999.000000 -9999.000000 -9999.000000 3.933583 3.903621 3.896838 4.321754 4.328007 4.321112 5.281300 5.289088 5.440869 5.446482 5.443892 5.758806 5.760362 5.325622 5.309429 5.306890 4.892909 4.875905 4.681514 4.665345 4.671973 3.757155 3.750773 3.863167 3.864213 3.866187 3.684445 3.679589 3.752848 3.748206 3.757255 2.847295 2.856472 1.724882 1.724608 1.724762 1.618858 1.623099 1.770836 1.769140 1.769511 1.959043 1.955820 1.903742 1.906833 1.907222 1.414837 1.416075
-9999.000000 -9999.000000 -9999.000000 -9999.000000 -9999.000000 -9999.000000 -9999.000000 -9999.000000 -9999.000000 3.949408 3.917354 3.906709 4.337658 4.329651 4.324364 5.235846 5.287802 5.446400 5.445537 5.429777 5.755330 5.760664 5.321594 5.305399 5.271326 4.819557 4.832302 4.638066 4.652459 4.654931 3.754045 3.746659 3.845924 3.838350 3.855464 3.683014 3.675847 3.758154 3.769264 3.771692 2.857311 2.862507 1.727633 1.727343 1.728317 1.629624 1.622133 1.771781 1.771889 1.772194 1.959372 1.959509 1.908033 1.910288 1.910473 1.418044 1.418226
-9999.000000 -9999.000000 -9999.000000 -9999.000000 -9999.000000 -9999.000000 -9999.000000 -9999.000000 -9999.000000 4.443753 4.704743 4.709534 5.240731 5.252593 5.254257 5.529451 5.529451 6.021890 6.019502 6.007791 6.676049 6.669877 6.340680 6.340926 6.322673 5.961992 5.966858 5.787374 5.781241 5.731323 4.942017 4.935953 3.339071 3.387384 3.398202 3.511688 3.516489 3.722507 3.715828 3.742879 3.046613 3.049423 1.769590 1.769468 1.769455 2.759119 2.760300 2.354267 2.341190 2.347650 1.833564 1.833647 1.564112 1.563071 1.562637 1.190431 1.190238
-9999.000000 -9999.000000 -9999.000000 -9999.000000 -9999.000000 -9999.000000 -9999.000000 -9999.000000 4.440125 4.458509 4.727850 4.730976 5.257283 5.259153 5.260192 5.533958 5.535270 6.024674 6.021571 6.017751 6.687938 6.674841 6.368564 6.368809 6.358742 6.001993 5.984224 5.825005 5.777824 5.784177 5.024414 5.019666 3.405955 3.416647 3.407381 3.528476 3.516385 3.718551 3.741406 3.750439 3.048544 3.053577 1.772433 1.772277 1.772165 2.763179 2.744563 2.345200 2.352633 2.354080 1.836823 1.836566 1.576705 1.565588 1.565645 1.193105 1.193202
-9999.000000 -9999.000000 -9999.000000 -9999.000000 -9999.000000 -9999.000000 -9999.000000 -9999.000000 4.469025 4.458753 4.733084 4.738228 5.263628 5.262175 5.255322 5.529280 5.528186 6.005970 6.007404 6.000710 6.684933 6.686216 6.382628 6.387033 6.386544 6.027532 6.022479 5.843766 5.829647 5.720948 5.027811 5.040438 3.426700 3.430052 3.443151 3.533256 3.532821 3.745996 3.755017 3.756322 3.057724 3.058548 1.775380 1.775579 1.776439 2.746895 2.767819 2.357829 2.355551 2.354149 1.839537 1.839924 1.570086 1.568591 1.568648 1.196209 1.196549
-9999.000000 -9999.000000 -9999.000000 -9999.000000 -9999.000000 -9999.000000 -9999.000000 5.561443 5.564362 5.566606 5.656586 5.659578 5.895160 5.742607 5.853966 5.180902 5.202489 5.583241 5.586091 5.587407 6.821793 6.764610 6.207262 6.256195 6.266592 6.654279 6.656388 6.509465 6.511794 6.504026 6.346601 6.336080 5.377621 5.391344 5.405487 5.186100 5.148550 4.603347 4.545329 4.592673 4.254623 4.294117 3.781007 3.788580 3.787697 3.002922 3.025380 2.812147 2.812358 2.813903 2.269429 2.264840 1.864166 -9999.000000 -9999.000000 1.914748 1.914739
-9999.000000 -9999.000000 -9999.000000 -9999.000000 -9999.000000 -9999.000000 -9999.000000 5.571825 5.570479 5.570479 5.657916 5.658836 5.896612 5.885980 5.896848 5.204743 5.090739 5.551519 5.589710 5.592558 6.824947 6.824683 6.268979 6.265764 6.271698 6.670812 6.667392 6.539843 6.514272 6.526680 6.386923 -9999.000000 -9999.000000 5.426609 5.425524 5.195506 5.194097 4.661214 4.664519 4.664519 4.308829 4.298637 3.799425 3.777615 3.801063 3.027053 3.029953 2.830407 2.829914 2.830055 2.272738 2.272771 -9999.000000 -9999.000000 -9999.000000 1.917226 -9999.000000
-9999.000000 -9999.000000 -9999.000000 -9999.000000 -9999.000000 -9999.000000 -9999.000000 5.859207 5.858725 5.858966 5.483019 5.481918 6.096460 6.110295 6.105518 6.803232 6.803232 6.772854 6.775447 6.779766 6.879605 6.843076 7.401342 7.401948 7.400736 7.909199 -9999.000000 -9999.000000 -9999.000000 -9999.000000 8.041144 8.041483 7.551085 7.551396 7.551085 7.650766 7.650449 7.636824 7.637479 7.636169 7.542188 7.546815 6.971436 -9999.000000 -9999.000000 -9999.000000 -9999.000000 -9999.000000 -9999.000000 -9999.000000 -9999.000000 -9999.000000 -9999.000000 -9999.000000 -9999.000000 -9999.000000 -9999.000000
-9999.000000 -9999.000000 -9999.000000 -9999.000000 -9999.000000 -9999.000000 -9999.000000 5.862130 5.861889 5.861889 5.488411 5.487311 6.116189 6.116691 6.115937 6.812306 -9999.000000 -9999.000000 6.749180 6.783761 6.879671 6.882411 -9999.000000 7.405251 7.404645 7.906782 -9999.000000 -9999.000000 -9999.000000 -9999.000000 -9999.000000 -9999.000000 -9999.000000 -9999.000000 -9999.000000 7.649080 -9999.000000 -9999.000000 -9999.000000 -9999.000000 -9999.000000 -9999.000000 -9999.000000 -9999.000000 -9999.000000 -9999.000000 -9999.000000 -9999.000000 -9999.000000 -9999.000000 -9999.000000 -9999.000000 -9999.000000 -9999.000000 -9999.000000 -9999.000000 -9999.000000
-9999.000000 -9999.000000 -9999.000000 -9999.000000 -9999.000000 -9999.000000 -9999.000000 -9999.000000 5.864809 5.863124 5.478620 5.491598 -9999.000000 -9999.000000 -9999.000000 -9999.000000 -9999.000000 -9999.000000 -9999.000000 -9999.000000 -9999.000000 -9999.000000 -9999.000000 -9999.000000 -9999.000000 -9999.000000 -9999.000000 -9999.000000 -9999.000000 -9999.000000 -9999.000000 -9999.000000 -9999.000000 -9999.000000 -9999.000000 -9999.000000 -9999.000000 -9999.000000 -9999.000000 -9999.000000 -9999.000000 -9999.000000 -9999.000000 -9999.000000 -9999.000000 -9999.000000 -9999.000000 -9999.000000 -9999.000000 -9999.000000 -9999.000000 -9999.000000 -9999.000000 -9999.000000 -9999.000000 -9999.000000 -9999.000000
-9999.000000 -9999.000000 -9999.000000 -9999.000000 -9999.000000 -9999.000000 -9999.000000 -9999.000000 6.982304 6.970520 -9999.000000 -9999.000000 -9999.000000 -9999.000000 -9999.000000 -9999.000000 -9999.000000 -9999.000000 -9999.000000 -9999.000000 -9999.000000 -9999.000000 -9999.000000 -9999.000000 -9999.000000 -9999.000000 -9999.000000 -9999.000000 -9999.000000 -9999.000000 -9999.000000 -9999.000000 -9999.000000 -9999.000000 -9999.000000 -9999.000000 -9999.000000 -9999.000000 -9999.000000 -9999.000000 -9999.000000 -9999.000000 -9999.000000 -9999.000000 -9999.000000 -9999.000000 -9999.000000 -9999.000000 -9999.000000 -9999.000000 -9999.000000 -9999.000000 -9999.000000 -9999.000000 -9999.000000 -9999.000000 -9999.000000
-9999.000000 -9999.000000 -9999.000000 -9999.000000 -9999.000000 -9999.000000 -9999.000000 -9999.000000 -9999.000000 -9999.000000 -9999.000000 -9999.000000 -9999.000000 -9999.000000 -9999.000000 -9999.000000 -9999.000000 -9999.000000 -9999.000000 -9999.000000 -9999.000000 -9999.000000 -9999.000000 -9999.000000 -9999.000000 -9999.000000 -9999.000000 -9999.000000 -9999.000000 -9999.000000 -9999.000000 -9999.000000 -9999.000000 -9999.000000 -9999.000000 -9999.000000 -9999.000000 -9999.000000 -9999.000000 -9999.000000 -9999.000000 -9999.000000 -9999.000000 -9999.000000 -9999.000000 -9999.000000 -9999.000000 -9999.000000 -9999.000000 -9999.000000 -9999.000000 -9999.000000 -9999.000000 -9999.000000 -9999.000000 -9999.000000 -9999.000000
-9999.000000 -9999.000000 -9999.000000 -9999.000000 -9999.000000 -9999.000000 -9999.000000 -9999.000000 -9999.000000 -9999.000000 -9999.000000 -9999.000000 -9999.000000 -9999.000000 -9999.000000 -9999.000000 -9999.000000 -9999.000000 -9999.000000 -9999.000000 -9999.000000 -9999.000000 -9999.000000 -9999.000000 -9999.000000 -9999.000000 -9999.000000 -9999.000000 -9999.000000 -9999.000000 -9999.000000 -9999.000000 -9999.000000 -9999.000000 -9999.000000 -9999.000000 -9999.000000 -9999.000000 -9999.000000 -9999.000000 -9999.000000 -9999.000000 -9999.000000 -9999.000000 -9999.000000 -9999.000000 -9999.000000 -9999.000000 -9999.000000 -9999.000000 -9999.000000 -9999.000000 -9999.000000 -9999.000000 -9999.000000 -9999.000000 -9999.000000
-9999.000000 -9999.000000 -9999.000000 -9999.000000 -9999.000000 -9999.000000 -9999.000000 -9999.000000 -9999.000000 -9999.000000 -9999.000000 -9999.000000 -9999.000000 -9999.000000 -9999.000000 -9999.000000 -9999.000000 -9999.000000 -9999.000000 -9999.000000 -9999.000000 -9999.000000 -9999.000000 -9999.000000 -9999.000000 -9999.000000 -9999.000000 -9999.000000 -9999.000000 -9999.000000 -9999.000000 -9999.000000 -9999.000000 -9999.000000 -9999.000000 -9999.000000 -9999.000000 -9999.000000 -9999.000000 -9999.000000 -9999.000000 -9999.000000 -9999.000000 -9999.000000 -9999.000000 -9999.000000 -9999.000000 -9999.000000 -9999.000000 -9999.000000 -9999.000000 -9999.000000 -9999.000000 -9999.000000 -9999.000000 -9999.000000 -9999.000000
-9999.000000 -9999.000000 -9999.000000 -9999.000000 -9999.000000 -9999.000000 -9999.000000 -9999.000000 -9999.000000 -9999.000000 -9999.000000 -9999.000000 -9999.000000 -9999.000000 -9999.000000 -9999.000000 -9999.000000 -9999.000000 -9999.000000 -9999.000000 -9999.000000 -9999.000000 -9999.000000 -9999.000000 -9999.000000 -9999.000000 -9999.000000 -9999.000000 -9999.000000 -9999.000000 -9999.000000 -9999.000000 -9999.000000 -9999.000000 -9999.000000 -9999.000000 -9999.000000 -9999.000000 -9999.000000 -9999.000000 -9999.000000 -9999.000000 -9999.000000 -9999.000000 -9999.000000 -9999.000000 -9999.000000 -9999.000000 -9999.000000 -9999.000000 -9999.000000 -9999.000000 -9999.000000 -9999.000000 -9999.000000 -9999.000000 -9999.000000
