Data/ET/20200108.L4.pakistan.eto.forecast.txt
ncols    	169
nrows    	134
xllcorner	60.9
yllcorner	23.7
cellsize 	0.1
NODATA_value  -9999
[rows 100 to 124 of 134, columns 57 to 113 of 169]
2.618321 2.621417 2.623198 2.122392 2.135563 3.566685 3.637043 3.667378 6.008141 6.010747 6.633281 6.633117 6.632953 6.993650 6.993318 7.320001 7.319657 7.319829 7.641030 7.641574 7.962593 7.957084 7.955245 8.397231 8.398329 8.680078 8.675004 8.678926 9.045732 9.045483 -9999.000000 -9999.000000 -9999.000000 -9999.000000 -9999.000000 -9999.000000 -9999.000000 -9999.000000 -9999.000000 -9999.000000 -9999.000000 -9999.000000 -9999.000000 -9999.000000 -9999.000000 -9999.000000 -9999.000000 -9999.000000 -9999.000000 -9999.000000 -9999.000000 -9999.000000 -9999.000000 -9999.000000 -9999.000000 -9999.000000 -9999.000000
2.609147 2.625120 2.622752 2.127700 2.134206 3.628979 3.630521 3.670030 6.010390 6.011367 6.634471 6.634306 6.633978 6.995687 6.994858 7.321621 7.321621 7.321450 7.642453 7.643358 7.958861 7.958861 7.963755 8.398627 8.399286 8.684549 8.684318 8.682477 9.048616 -9999.000000 -9999.000000 -9999.000000 -9999.000000 -9999.000000 -9999.000000 -9999.000000 -9999.000000 -9999.000000 -9999.000000 -9999.000000 -9999.000000 -9999.000000 -9999.000000 -9999.000000 -9999.000000 -9999.000000 -9999.000000 -9999.000000 -9999.000000 -9999.000000 -9999.000000 -9999.000000 -9999.000000 -9999.000000 -9999.000000 -9999.000000 -9999.000000
2.766658 2.763179 2.765306 2.590570 2.592562 4.330608 4.480749 4.514526 6.209489 6.212233 6.657996 6.657833 6.657996 7.032473 7.032473 7.344729 7.344901 7.344557 7.929147 7.927438 8.195573 8.194949 8.195365 8.535275 8.533251 8.877684 8.878421 8.871282 8.984920 -9999.000000 -9999.000000 -9999.000000 -9999.000000 -9999.000000 -9999.000000 -9999.000000 -9999.000000 -9999.000000 -9999.000000 -9999.000000 -9999.000000 -9999.000000 -9999.000000 -9999.000000 -9999.000000 -9999.000000 -9999.000000 -9999.000000 -9999.000000 -9999.000000 -9999.000000 -9999.000000 -9999.000000 -9999.000000 -9999.000000 -9999.000000 -9999.000000
2.763048 2.767439 2.767150 2.597310 2.601486 4.360960 4.489157 4.519709 6.212409 6.214506 6.659459 6.659621 6.659134 7.033791 7.033956 7.346381 7.346897 7.346553 7.928056 7.930144 8.196311 8.196727 8.195478 8.537161 8.530639 8.879337 8.874663 8.874663 8.987821 8.986000 -9999.000000 -9999.000000 -9999.000000 -9999.000000 -9999.000000 -9999.000000 -9999.000000 -9999.000000 -9999.000000 -9999.000000 -9999.000000 -9999.000000 -9999.000000 -9999.000000 -9999.000000 -9999.000000 -9999.000000 -9999.000000 -9999.000000 -9999.000000 -9999.000000 -9999.000000 -9999.000000 -9999.000000 -9999.000000 -9999.000000 -9999.000000
2.773928 2.772301 2.782310 2.590237 2.606886 4.392248 4.507756 4.522717 6.215648 6.216131 6.661082 6.660758 6.660758 7.035769 7.035439 7.347689 7.348376 7.348032 7.932277 7.930381 8.197879 8.196423 8.196631 8.538597 8.531853 8.882218 8.882463 8.879269 8.988900 8.988380 9.026085 9.028518 -9999.000000 -9999.000000 -9999.000000 -9999.000000 -9999.000000 -9999.000000 -9999.000000 -9999.000000 -9999.000000 -9999.000000 -9999.000000 -9999.000000 -9999.000000 -9999.000000 -9999.000000 -9999.000000 -9999.000000 -9999.000000 -9999.000000 -9999.000000 -9999.000000 -9999.000000 -9999.000000 -9999.000000 -9999.000000
3.020798 3.003880 3.027611 2.979952 2.992169 4.612310 4.677397 4.709094 5.848405 5.849491 6.603432 6.602611 6.602775 6.968778 6.968124 7.423820 7.423993 7.423993 8.077333 8.076564 8.553122 8.552912 8.556898 8.830818 8.827328 8.995068 8.997874 8.994303 9.034226 9.034764 8.956843 8.949895 8.951286 8.511431 8.514048 8.213453 -9999.000000 -9999.000000 -9999.000000 -9999.000000 -9999.000000 -9999.000000 -9999.000000 -9999.000000 -9999.000000 -9999.000000 -9999.000000 -9999.000000 -9999.000000 -9999.000000 -9999.000000 -9999.000000 -9999.000000 -9999.000000 -9999.000000 -9999.000000 -9999.000000
3.005445 3.010128 3.030680 2.995120 2.951844 4.674075 4.629998 4.706643 5.847046 5.850611 6.605095 6.604767 6.604603 6.970144 6.969817 7.425613 7.425440 7.425786 8.079478 8.079670 8.556187 8.556816 8.558283 8.831211 8.830048 9.000734 8.996146 8.992319 9.035162 9.038385 8.953974 8.952307 8.954252 8.517811 8.515487 8.215561 -9999.000000 -9999.000000 -9999.000000 -9999.000000 -9999.000000 -9999.000000 -9999.000000 -9999.000000 -9999.000000 -9999.000000 -9999.000000 -9999.000000 -9999.000000 -9999.000000 -9999.000000 -9999.000000 -9999.000000 -9999.000000 -9999.000000 -9999.000000 -9999.000000
3.703382 3.721136 3.729808 3.827225 3.833126 5.038132 5.002807 5.063821 5.661186 5.747596 6.427472 6.427926 6.423687 7.193611 7.193113 7.665959 7.665609 7.665959 8.030085 8.030273 8.489674 8.490088 8.489467 8.850723 8.843564 8.979644 8.982543 8.977798 8.916812 8.917916 8.604518 8.606831 8.604807 8.148584 8.146797 7.638537 -9999.000000 -9999.000000 -9999.000000 -9999.000000 -9999.000000 -9999.000000 -9999.000000 -9999.000000 -9999.000000 -9999.000000 -9999.000000 -9999.000000 -9999.000000 -9999.000000 -9999.000000 -9999.000000 -9999.000000 -9999.000000 -9999.000000 -9999.000000 -9999.000000
3.709993 3.705145 3.732351 3.817820 3.836654 5.044731 5.029324 5.003650 5.677362 5.723773 6.393535 6.424674 6.380263 7.194419 7.194751 7.667538 7.667189 7.667713 8.031333 8.031521 8.491171 8.491377 8.490964 8.853650 8.853650 8.982420 8.980840 8.983211 8.918401 8.917022 8.606859 8.605125 8.604547 8.149919 8.149621 7.640352 -9999.000000 -9999.000000 -9999.000000 -9999.000000 -9999.000000 -9999.000000 -9999.000000 -9999.000000 -9999.000000 -9999.000000 -9999.000000 -9999.000000 -9999.000000 -9999.000000 -9999.000000 -9999.000000 -9999.000000 -9999.000000 -9999.000000 -9999.000000 -9999.000000
3.750377 3.720468 3.738000 3.796775 3.806228 5.047264 5.048979 5.026807 5.716895 5.743081 6.305662 6.394694 6.401906 7.189242 7.197384 7.668768 7.668594 7.668942 8.032956 8.033144 8.492666 8.493286 8.493493 8.855861 8.855147 8.988877 8.984931 8.986247 8.923022 8.919713 8.610064 8.610064 8.606887 8.150658 8.153039 7.649800 -9999.000000 -9999.000000 -9999.000000 -9999.000000 -9999.000000 -9999.000000 -9999.000000 -9999.000000 -9999.000000 -9999.000000 -9999.000000 -9999.000000 -9999.000000 -9999.000000 -9999.000000 -9999.000000 -9999.000000 -9999.000000 -9999.000000 -9999.000000 -9999.000000
5.234659 5.181447 5.188765 5.164381 5.169864 5.393454 5.446381 5.436601 6.286798 6.308413 6.957516 7.031781 7.001220 7.757882 7.766307 8.161686 8.163454 8.163631 8.204364 8.204551 8.442415 8.443035 8.442829 8.720347 8.720109 8.952073 8.947272 8.949940 9.002942 9.002658 8.501399 8.499895 8.503203 7.711414 7.717952 -9999.000000 -9999.000000 -9999.000000 -9999.000000 -9999.000000 -9999.000000 -9999.000000 -9999.000000 -9999.000000 -9999.000000 -9999.000000 -9999.000000 -9999.000000 -9999.000000 -9999.000000 -9999.000000 -9999.000000 -9999.000000 -9999.000000 -9999.000000 -9999.000000 -9999.000000
5.258011 5.240105 5.146754 5.115857 5.179467 5.451035 5.410370 5.440751 6.291572 6.238759 6.970126 7.010673 7.021656 7.746770 7.763185 8.164208 8.165444 8.164914 8.205791 8.206352 8.444190 8.444603 8.444190 8.721289 8.721527 8.953639 8.953906 8.954438 9.009977 9.007995 8.506298 8.508100 8.505697 7.718298 7.719783 -9999.000000 -9999.000000 -9999.000000 -9999.000000 -9999.000000 -9999.000000 -9999.000000 -9999.000000 -9999.000000 -9999.000000 -9999.000000 -9999.000000 -9999.000000 -9999.000000 -9999.000000 -9999.000000 -9999.000000 -9999.000000 -9999.000000 -9999.000000 -9999.000000 -9999.000000
5.754999 5.731725 5.679483 5.516879 5.543269 6.145693 6.153627 6.166584 6.993265 7.002956 7.806975 7.860397 7.856100 8.335365 8.349894 8.658498 8.664916 8.667857 8.681934 8.681934 8.743083 8.743705 8.744535 8.821504 8.821740 8.977819 8.978351 8.976225 8.878586 8.878586 8.321009 8.324351 8.315536 7.426097 7.418471 6.242905 -9999.000000 -9999.000000 -9999.000000 -9999.000000 -9999.000000 -9999.000000 -9999.000000 -9999.000000 -9999.000000 -9999.000000 -9999.000000 -9999.000000 -9999.000000 -9999.000000 -9999.000000 -9999.000000 -9999.000000 -9999.000000 -9999.000000 -9999.000000 -9999.000000
5.760109 5.748180 5.700676 5.541294 5.502343 6.153301 6.154795 6.171004 6.991093 7.003432 7.803297 7.868659 7.866155 8.335187 8.346261 8.651960 8.661525 8.668105 8.682715 8.682715 8.744658 8.745280 8.745487 8.822718 8.823424 8.980257 8.980788 8.980788 8.880102 8.884712 8.328476 8.323618 8.319668 7.431274 7.427759 6.248725 6.241405 -9999.000000 -9999.000000 -9999.000000 -9999.000000 -9999.000000 -9999.000000 -9999.000000 -9999.000000 -9999.000000 -9999.000000 -9999.000000 -9999.000000 -9999.000000 -9999.000000 -9999.000000 -9999.000000 -9999.000000 -9999.000000 -9999.000000 -9999.000000
5.762865 5.755486 5.731041 5.559309 5.518002 6.161029 6.188081 6.179842 6.968724 7.004786 7.864382 7.832776 7.872478 8.344106 8.348719 8.659343 8.656911 8.669389 8.685193 8.683684 8.746438 8.746852 8.746852 8.825107 8.825343 8.981897 8.982693 8.982693 8.882770 8.883346 8.329260 8.326529 8.327136 7.432056 7.425905 6.244612 6.243828 6.242783 5.486593 5.483824 4.392986 -9999.000000 -9999.000000 -9999.000000 -9999.000000 -9999.000000 -9999.000000 -9999.000000 -9999.000000 -9999.000000 -9999.000000 -9999.000000 -9999.000000 -9999.000000 -9999.000000 -9999.000000 -9999.000000
5.480584 5.471811 5.449275 6.861564 6.841348 7.258895 7.349475 7.343043 7.471191 7.472746 8.349063 8.344232 8.369248 8.749256 8.749434 8.936927 8.953591 8.962409 8.982182 8.981789 8.816781 8.816989 8.817405 8.933507 8.933985 9.103284 9.103821 9.104357 8.932217 8.932508 8.325126 8.327575 8.324820 7.486845 7.485960 6.745493 6.747470 6.740691 5.653268 5.644859 4.913727 -9999.000000 -9999.000000 -9999.000000 -9999.000000 -9999.000000 -9999.000000 -9999.000000 -9999.000000 -9999.000000 -9999.000000 -9999.000000 -9999.000000 -9999.000000 -9999.000000 -9999.000000 -9999.000000
5.483592 5.478033 5.472466 6.867723 6.857495 7.350338 7.350338 7.302538 7.482485 7.484185 8.354523 8.343541 8.373004 8.746714 8.754514 8.947467 8.961887 8.964220 8.982566 8.983353 8.817771 8.818811 8.818811 8.935476 8.935954 9.104988 9.106060 9.106596 8.934433 8.934724 8.328716 8.330245 8.321677 7.491782 7.488247 6.753417 6.745232 6.744950 5.657059 5.647217 4.918993 -9999.000000 -9999.000000 -9999.000000 -9999.000000 -9999.000000 -9999.000000 -9999.000000 -9999.000000 -9999.000000 -9999.000000 -9999.000000 -9999.000000 -9999.000000 -9999.000000 -9999.000000 -9999.000000
7.128478 7.122793 7.103563 8.032449 8.039857 8.292726 8.243200 8.252643 8.281241 8.290228 8.654153 8.664237 8.668115 8.978577 8.984587 9.192640 9.193420 9.198672 9.089819 9.089185 9.018409 9.018868 9.019098 9.108966 9.109715 9.188248 9.188518 9.188788 8.993800 8.992914 8.500665 8.492355 8.492355 7.968082 7.969631 6.977568 6.980490 6.976106 6.269454 6.262452 5.971585 5.979169 -9999.000000 -9999.000000 -9999.000000 -9999.000000 -9999.000000 -9999.000000 -9999.000000 -9999.000000 -9999.000000 -9999.000000 -9999.000000 -9999.000000 -9999.000000 -9999.000000 -9999.000000
-9999.000000 7.126802 7.089562 8.036660 8.056002 8.294105 8.268403 8.263813 8.284337 8.297357 8.657180 8.661602 8.655763 8.979255 8.988447 9.190127 9.199275 9.200052 9.090633 9.090844 9.021041 9.020353 9.021271 9.110792 9.111291 9.189773 9.190313 9.190313 8.995810 8.995810 8.502393 8.497472 8.489159 7.974899 7.967161 6.980027 6.983532 6.975353 6.269641 6.266411 5.982632 5.982110 -9999.000000 -9999.000000 -9999.000000 -9999.000000 -9999.000000 -9999.000000 -9999.000000 -9999.000000 -9999.000000 -9999.000000 -9999.000000 -9999.000000 -9999.000000 -9999.000000 -9999.000000
-9999.000000 7.124283 7.106549 8.052626 8.057593 8.288954 8.283863 8.262639 8.304122 8.309486 8.653471 8.671133 8.673242 8.985938 8.991926 9.195018 9.201430 9.201624 9.092714 9.092291 9.022525 9.022525 9.022983 9.112617 9.113115 9.192646 9.192106 9.192915 8.999293 8.997818 8.504733 8.492739 8.488735 7.970265 7.968098 6.988614 6.981901 6.978690 6.270366 6.271980 5.988181 5.987137 5.984787 -9999.000000 -9999.000000 -9999.000000 -9999.000000 -9999.000000 -9999.000000 -9999.000000 -9999.000000 -9999.000000 -9999.000000 -9999.000000 -9999.000000 -9999.000000 -9999.000000
-9999.000000 8.025041 8.017985 8.297757 8.284450 9.129177 9.122527 9.120751 9.205625 9.200198 9.161493 9.202332 9.207213 9.429084 9.434752 9.314884 9.313004 9.316344 9.093436 9.093206 9.105532 9.106033 9.105532 9.074675 9.074933 8.960029 8.960848 8.961394 8.561811 8.561811 8.625741 8.628824 8.620188 8.168115 8.165910 7.562902 7.550145 7.555437 7.245533 7.245224 6.571211 6.577592 6.569760 -9999.000000 -9999.000000 -9999.000000 -9999.000000 -9999.000000 -9999.000000 -9999.000000 -9999.000000 -9999.000000 -9999.000000 -9999.000000 -9999.000000 -9999.000000 -9999.000000
-9999.000000 8.032908 8.021403 8.295396 8.297872 9.137405 9.135639 9.130112 9.217412 9.199433 9.194692 9.208963 9.216550 9.435545 9.437767 9.316863 9.316654 9.317280 9.094884 9.095343 9.108249 9.107249 9.107499 9.077618 9.077360 8.963029 8.963847 8.963847 8.563949 8.562206 8.627155 8.627463 8.616357 8.171135 8.172079 7.566075 7.560479 7.560790 7.247874 7.249111 6.583083 6.574386 6.586270 6.523123 -9999.000000 -9999.000000 -9999.000000 -9999.000000 -9999.000000 -9999.000000 -9999.000000 -9999.000000 -9999.000000 -9999.000000 -9999.000000 -9999.000000 -9999.000000
-9999.000000 -9999.000000 -9999.000000 -9999.000000 8.846839 9.139289 9.132948 9.131678 9.602902 9.596758 9.622711 9.629655 9.628760 9.499220 9.502737 9.281623 9.282089 9.281856 9.136028 9.136028 9.081021 9.081021 9.081021 9.034743 9.034474 8.790362 8.790362 8.790925 8.769595 8.763965 8.859138 8.854081 8.855346 8.436748 8.439025 8.175572 8.171921 8.169265 7.659975 7.663602 6.981551 6.988726 6.990286 7.286981 -9999.000000 -9999.000000 -9999.000000 -9999.000000 -9999.000000 -9999.000000 -9999.000000 -9999.000000 -9999.000000 -9999.000000 -9999.000000 -9999.000000 -9999.000000
-9999.000000 -9999.000000 -9999.000000 -9999.000000 -9999.000000 -9999.000000 -9999.000000 -9999.000000 9.612849 9.611673 9.633541 9.633987 9.633764 9.504187 9.503748 9.283047 9.283512 9.283512 9.137990 9.137990 9.083666 9.083405 9.083405 9.036810 9.038158 8.792419 8.792700 8.793263 8.770514 8.762812 8.854851 8.858958 8.860222 8.447198 8.438424 8.178928 8.173952 8.171961 7.673403 7.667474 6.996837 6.995279 6.999018 7.296025 7.290787 -9999.000000 -9999.000000 -9999.000000 -9999.000000 -9999.000000 -9999.000000 -9999.000000 -9999.000000 -9999.000000 -9999.000000 -9999.000000 -9999.000000
-9999.000000 -9999.000000 -9999.000000 -9999.000000 -9999.000000 -9999.000000 9.144168 9.144422 9.614075 9.613135 9.635859 9.635189 9.628484 9.506073 9.506073 9.284935 9.285632 9.285167 9.140203 9.139951 9.086048 9.085787 9.085526 9.039684 9.039953 8.795317 8.795598 8.791099 8.772321 8.767586 8.863198 8.866353 8.858462 8.448545 8.443023 8.185927 8.183276 8.184270 7.683190 7.684177 7.002136 7.008985 7.011475 7.304076 7.310288 -9999.000000 -9999.000000 -9999.000000 -9999.000000 -9999.000000 -9999.000000 -9999.000000 -9999.000000 -9999.000000 -9999.000000 -9999.000000 -9999.000000
