Data/ET/20200108.L6.pakistan.eto.forecast.txt
ncols    	169
nrows    	134
xllcorner	60.9
yllcorner	23.7
cellsize 	0.1
NODATA_value  -9999
[rows 75 to 99 of 134, columns 0 to 56 of 169]
-9999.000000 -9999.000000 2.624395 2.640146 2.663124 4.359930 4.366985 5.261303 5.260980 5.258290 4.838070 -9999.000000 -9999.000000 -9999.000000 -9999.000000 -9999.000000 -9999.000000 -9999.000000 -9999.000000 -9999.000000 -9999.000000 -9999.000000 -9999.000000 -9999.000000 -9999.000000 -9999.000000 -9999.000000 -9999.000000 -9999.000000 -9999.000000 -9999.000000 -9999.000000 -9999.000000 -9999.000000 -9999.000000 2.905987 2.918152 3.369125 3.398314 3.405934 3.947997 3.946215 3.589759 3.587196 3.586710 3.016947 3.017396 1.915700 1.915612 1.915612 1.791102 1.790402 1.125137 1.132704 1.131867 0.724454 0.726422
-9999.000000 -9999.000000 -9999.000000 2.637133 2.649407 4.338622 4.356894 5.257109 5.256570 5.251925 4.823184 4.829422 4.756432 4.755963 -9999.000000 -9999.000000 -9999.000000 -9999.000000 -9999.000000 -9999.000000 3.871203 3.867103 3.393779 3.387205 3.382802 3.269310 3.265542 3.221148 3.221538 3.223918 3.139646 -9999.000000 3.129518 3.128625 3.137357 2.928773 2.923652 3.398116 3.406125 3.407433 3.949204 3.948586 3.590866 3.590175 3.589760 3.019343 3.018951 1.917335 1.917350 1.916770 1.792849 1.791021 1.132485 1.138017 1.134888 0.743193 0.727535
-9999.000000 -9999.000000 -9999.000000 -9999.000000 2.653105 4.049654 4.082442 5.032227 5.036760 5.032970 4.984462 4.989526 4.753504 4.754388 4.752840 4.189751 4.181629 3.922529 3.922631 3.924157 4.807228 4.806626 4.549725 4.541629 4.533641 3.716230 3.775999 3.494349 3.488084 3.484556 3.307453 3.309961 2.509983 2.513738 2.515516 2.039635 2.041408 3.355763 3.358593 3.358593 3.758169 3.757725 3.346132 3.345747 3.345361 2.715714 2.715529 2.251397 2.251368 2.252631 2.250576 2.250369 1.457819 1.458418 1.458650 0.681721 0.680402
-9999.000000 -9999.000000 -9999.000000 -9999.000000 2.672390 4.050718 4.069851 5.019308 5.029311 5.016453 4.984916 4.977857 4.747827 4.749755 4.746638 4.181903 4.171316 3.910382 3.910382 3.916242 4.804501 4.811307 4.555550 4.551117 4.538930 3.772449 3.788147 3.513048 3.505448 3.505756 3.340105 3.328278 2.515403 2.525013 2.526096 2.041885 2.044479 3.358038 3.360122 3.359921 3.759575 3.759132 3.347762 3.347378 3.346865 2.715704 2.718154 2.255065 2.254637 2.251806 2.252283 2.241016 1.459561 1.458984 1.460725 0.686724 0.700138
-9999.000000 -9999.000000 -9999.000000 -9999.000000 -9999.000000 4.053252 4.071472 5.009429 5.007563 5.019624 4.984042 4.976897 4.744649 4.743231 4.733841 4.168156 4.171471 3.910923 3.892216 3.897100 4.803982 4.814833 4.562696 4.559229 4.552375 3.795538 3.791521 3.523228 3.519909 3.516394 3.347202 3.347846 2.522054 2.528354 2.532173 2.045330 2.046778 3.360174 3.361382 3.361382 3.760243 3.759284 3.347343 3.350348 3.350987 2.721370 2.721002 2.254873 2.228170 2.245542 2.246994 2.245122 1.459352 1.460175 1.463861 0.688048 0.689603
-9999.000000 -9999.000000 -9999.000000 -9999.000000 -9999.000000 -9999.000000 3.341133 5.231509 5.228615 5.230403 5.549914 5.555235 5.575619 5.573444 5.558460 5.221659 5.219527 3.999713 3.986789 3.978519 4.597300 4.611723 5.705154 5.701425 5.699466 4.392899 4.391901 2.624788 2.623161 2.620246 2.712638 2.712638 3.140046 3.141813 3.141995 3.828290 3.823668 4.292438 4.287318 4.293217 3.021608 3.023270 1.950512 1.950264 1.950424 3.038010 3.011924 3.440345 3.446168 3.438710 2.672181 2.662762 1.674665 1.674602 1.674619 1.299484 1.302055
-9999.000000 -9999.000000 -9999.000000 -9999.000000 -9999.000000 -9999.000000 3.359678 5.236536 5.235944 5.238646 5.563566 5.564649 5.579393 5.582589 5.580354 5.232745 5.231733 4.017684 4.014697 4.019248 4.619034 4.623018 5.712957 5.710935 5.708291 4.401641 4.401371 2.630705 2.629216 2.628918 2.717156 2.717523 3.145579 3.146366 3.148546 3.833746 3.836543 4.297147 4.297492 4.297578 3.023467 3.023925 1.951214 1.950564 1.944536 3.017940 3.027470 3.453729 3.450010 3.443025 2.660392 2.652625 1.675812 1.675801 1.675825 1.303460 1.303986
-9999.000000 -9999.000000 -9999.000000 -9999.000000 -9999.000000 -9999.000000 -9999.000000 4.434488 4.423235 4.436474 5.406204 5.407892 5.896549 5.898376 5.897970 5.979219 5.977641 4.818936 4.819959 4.822570 2.860636 2.859926 6.253149 6.251779 6.246742 5.374647 5.371585 3.856352 3.855453 3.854283 4.409999 4.408354 4.012557 4.017090 4.016103 3.825100 3.824574 2.995195 2.994932 2.992510 2.648237 2.672231 2.790830 2.822263 2.828319 4.415787 4.406226 4.353929 4.345920 4.328136 2.632614 2.635344 1.982347 1.980767 1.981576 1.496840 1.497831
-9999.000000 -9999.000000 -9999.000000 -9999.000000 -9999.000000 -9999.000000 -9999.000000 -9999.000000 4.429870 4.430957 5.407139 5.412883 5.903412 5.904219 5.901594 5.984285 5.987836 4.827531 4.829226 4.831822 2.866394 2.866041 6.262136 6.260322 6.256459 5.383327 5.381046 3.867262 3.865386 3.864849 4.420896 4.417439 4.019574 4.017275 4.014805 3.822010 3.821106 2.987557 2.947469 2.969546 2.673167 2.666020 2.828374 2.818078 2.843564 4.426912 4.415199 4.359890 4.349263 4.325344 2.643021 2.633570 1.980944 1.982657 1.983060 1.498252 1.500145
-9999.000000 -9999.000000 -9999.000000 -9999.000000 -9999.000000 -9999.000000 -9999.000000 -9999.000000 -9999.000000 4.439617 5.395906 5.406982 5.903795 5.908224 5.907018 5.989744 5.993485 4.838325 4.831347 4.837538 2.870660 2.871481 6.268241 6.266098 6.263838 5.391839 5.390545 3.874808 3.874363 3.871784 4.422636 4.402965 4.011445 4.004819 3.989355 3.797424 3.795884 2.969686 2.972645 2.979872 2.677219 2.674451 2.831678 2.850961 2.850027 4.435459 4.437576 4.363902 4.352595 4.322712 2.642698 2.635008 1.983991 1.984135 1.984296 1.501162 1.503041
-9999.000000 -9999.000000 -9999.000000 -9999.000000 -9999.000000 -9999.000000 -9999.000000 -9999.000000 -9999.000000 -9999.000000 4.617722 4.615441 5.719772 5.725515 5.729035 6.261955 6.265889 6.083501 6.077725 6.083869 3.078761 3.078551 6.083749 6.082842 6.081805 6.152577 6.148118 4.788349 4.785626 4.780509 3.433968 3.426999 3.314949 3.309597 3.311540 3.241551 3.238641 1.119476 1.115469 1.117598 1.092878 1.080452 2.663105 2.662862 2.661744 4.979234 4.976305 4.051712 4.035662 3.994832 2.467669 2.469252 2.448983 2.449681 2.445424 2.307783 2.302793
-9999.000000 -9999.000000 -9999.000000 -9999.000000 -9999.000000 -9999.000000 -9999.000000 -9999.000000 -9999.000000 -9999.000000 -9999.000000 -9999.000000 -9999.000000 5.729445 5.731968 6.265808 6.266930 6.081624 6.083465 6.091414 3.081609 3.081609 6.086793 6.088473 6.087439 6.157698 6.155972 4.793972 4.788088 4.780703 3.429488 3.417300 3.330451 3.340350 3.339044 3.263241 3.267454 1.111086 1.109014 1.105214 1.080339 1.080630 2.665389 2.664856 2.664469 4.979303 4.974907 4.050533 4.035128 3.997658 2.470475 2.470700 2.448774 2.450843 2.445370 2.303379 2.321585
-9999.000000 -9999.000000 -9999.000000 -9999.000000 -9999.000000 -9999.000000 -9999.000000 -9999.000000 -9999.000000 -9999.000000 -9999.000000 -9999.000000 -9999.000000 -9999.000000 -9999.000000 -9999.000000 6.367999 6.575210 6.581812 6.585535 5.190460 5.190313 5.547363 5.545525 5.541845 6.244162 6.242887 5.247984 5.248104 5.242970 3.223479 3.218966 1.590759 1.590928 1.590554 0.935178 0.936160 1.696410 1.696425 1.696438 2.572255 2.571725 3.784211 3.783869 3.783611 4.445993 4.443712 3.578396 3.558100 3.536031 2.237586 2.240400 2.336958 2.335271 2.335829 2.202053 2.203700
-9999.000000 -9999.000000 -9999.000000 -9999.000000 -9999.000000 -9999.000000 -9999.000000 -9999.000000 -9999.000000 -9999.000000 -9999.000000 -9999.000000 -9999.000000 -9999.000000 -9999.000000 -9999.000000 -9999.000000 6.582408 6.585262 6.586501 5.191336 5.191336 5.548021 5.547315 5.546467 6.244113 6.242839 5.251203 5.250489 5.249894 3.228423 3.227511 1.592688 1.592754 1.592868 0.936533 0.937050 1.698499 1.698513 1.698530 2.573930 2.573622 3.785848 3.783793 3.781820 4.444764 4.436433 3.565084 3.557059 3.534007 2.241593 2.242253 2.337774 2.332874 2.336127 2.198646 2.202926
-9999.000000 -9999.000000 -9999.000000 -9999.000000 -9999.000000 -9999.000000 -9999.000000 -9999.000000 -9999.000000 -9999.000000 -9999.000000 -9999.000000 -9999.000000 -9999.000000 -9999.000000 -9999.000000 -9999.000000 -9999.000000 -9999.000000 6.587219 5.192653 5.192359 5.548821 5.548398 5.544582 6.242025 6.242918 5.248946 5.248946 5.250255 3.230410 3.229849 1.594976 1.595234 1.595254 0.938917 0.940683 1.700582 1.700601 1.700613 2.575560 2.574901 3.786714 3.782261 3.777880 4.441249 4.400618 3.550006 3.559554 3.539444 2.240701 2.243590 2.338834 2.337505 2.338849 2.201746 2.206037
-9999.000000 -9999.000000 -9999.000000 -9999.000000 -9999.000000 -9999.000000 -9999.000000 -9999.000000 -9999.000000 -9999.000000 -9999.000000 -9999.000000 -9999.000000 -9999.000000 -9999.000000 -9999.000000 -9999.000000 -9999.000000 6.691790 6.692145 6.595441 6.595296 5.004807 5.003791 5.003283 6.081517 6.079559 5.653388 5.653143 5.653633 4.215446 4.215749 2.348267 2.347883 2.347595 1.050857 1.051161 2.738434 2.738020 2.738175 3.426533 3.424911 3.665071 3.663170 3.657294 3.478781 3.467017 3.705646 3.720598 3.712732 2.683250 2.692190 2.631131 2.627427 2.631106 3.093421 3.095082
-9999.000000 -9999.000000 -9999.000000 -9999.000000 -9999.000000 -9999.000000 -9999.000000 -9999.000000 -9999.000000 -9999.000000 -9999.000000 -9999.000000 -9999.000000 -9999.000000 -9999.000000 -9999.000000 -9999.000000 -9999.000000 -9999.000000 6.688759 6.594568 6.595722 5.006376 5.005234 5.004092 6.083635 6.079983 5.655206 5.653369 5.653737 4.216987 4.216381 2.350467 2.349989 2.349830 1.052990 1.053034 2.739927 2.739100 2.738376 3.426707 3.424004 3.666329 3.659040 3.644424 3.458759 3.455975 3.711032 3.718204 3.716767 2.692660 2.694190 2.625675 2.632324 2.628711 3.093966 3.098390
-9999.000000 -9999.000000 -9999.000000 -9999.000000 -9999.000000 -9999.000000 -9999.000000 -9999.000000 -9999.000000 -9999.000000 -9999.000000 -9999.000000 -9999.000000 -9999.000000 -9999.000000 -9999.000000 -9999.000000 -9999.000000 -9999.000000 6.214999 6.255516 6.258586 5.809265 5.810735 5.809020 5.754219 5.752683 5.673640 5.669647 5.669522 4.688591 4.689136 3.512011 3.510732 3.511451 2.087846 2.087846 2.602658 2.601009 2.601098 3.175953 3.173166 3.498837 3.479658 3.467052 3.572787 3.564963 4.277790 4.280380 4.281240 3.483442 3.492627 3.109668 3.099080 3.090829 3.886355 3.875640
-9999.000000 -9999.000000 -9999.000000 -9999.000000 -9999.000000 -9999.000000 -9999.000000 -9999.000000 -9999.000000 -9999.000000 -9999.000000 -9999.000000 -9999.000000 -9999.000000 -9999.000000 -9999.000000 -9999.000000 -9999.000000 -9999.000000 6.206750 6.247043 6.251789 5.804499 5.806587 5.805728 5.754213 5.753957 5.671710 5.672583 5.670088 4.688964 4.688092 3.513038 3.512799 3.511761 2.089856 2.089487 2.604164 2.602385 2.598957 3.162189 3.163751 3.487293 3.473469 3.461064 3.563709 3.569188 4.281285 4.280482 4.283687 3.489480 3.500466 3.119245 3.120039 3.114610 3.892553 3.884256
-9999.000000 -9999.000000 -9999.000000 -9999.000000 -9999.000000 -9999.000000 -9999.000000 -9999.000000 -9999.000000 -9999.000000 -9999.000000 -9999.000000 -9999.000000 -9999.000000 -9999.000000 -9999.000000 -9999.000000 -9999.000000 -9999.000000 6.198754 6.239178 6.243068 5.792180 5.796757 5.799842 5.747284 5.748055 5.669279 5.670153 5.670153 4.690319 4.689884 3.513349 3.513428 3.512631 2.090708 2.089899 2.597183 2.599453 2.598162 3.161741 3.146075 3.461486 3.453535 3.448594 3.566756 3.565850 4.282074 4.282303 4.285498 3.503032 3.505461 3.125698 3.125747 3.116234 3.853122 3.891624
-9999.000000 -9999.000000 -9999.000000 -9999.000000 -9999.000000 -9999.000000 -9999.000000 -9999.000000 -9999.000000 -9999.000000 -9999.000000 -9999.000000 -9999.000000 -9999.000000 -9999.000000 -9999.000000 -9999.000000 -9999.000000 -9999.000000 5.404145 5.338739 5.340410 5.620329 5.626006 5.629341 5.865937 5.875085 5.727547 5.729338 5.729898 5.126007 5.125903 4.014850 4.011781 4.005879 3.559281 3.566417 3.747530 3.745470 3.728608 3.968217 3.974574 4.004599 4.004332 4.001712 3.953954 3.971982 4.431654 4.444215 4.437149 3.497841 3.466252 3.642315 3.636039 3.628487 3.479693 3.453878
-9999.000000 -9999.000000 -9999.000000 -9999.000000 -9999.000000 -9999.000000 -9999.000000 -9999.000000 -9999.000000 -9999.000000 -9999.000000 -9999.000000 -9999.000000 -9999.000000 -9999.000000 -9999.000000 -9999.000000 -9999.000000 -9999.000000 5.395352 5.327458 5.329860 5.607483 5.611069 5.619325 5.863454 5.870362 5.728577 5.718125 5.722293 5.103304 5.114291 4.006261 4.006604 3.998012 3.569997 3.564844 3.730824 3.708509 3.713332 3.972856 3.982125 4.009530 4.005181 3.987210 3.974912 3.971864 4.425811 4.448483 4.433452 3.496273 3.483698 3.651744 3.649586 3.638864 3.461964 3.482019
-9999.000000 -9999.000000 -9999.000000 -9999.000000 -9999.000000 -9999.000000 -9999.000000 -9999.000000 -9999.000000 -9999.000000 -9999.000000 -9999.000000 -9999.000000 -9999.000000 -9999.000000 -9999.000000 -9999.000000 -9999.000000 -9999.000000 5.389688 4.506812 4.511309 5.137302 5.140437 5.135580 5.829014 5.848184 5.790338 5.786787 5.777051 5.619206 5.609763 5.068026 5.070696 5.068275 4.889247 4.875598 4.819992 4.824640 4.826887 4.842642 4.839998 4.657803 4.634800 4.666309 4.972404 4.955832 4.691364 4.710007 4.689537 3.901143 3.912443 4.030646 4.014785 4.014220 4.048736 3.993438
-9999.000000 -9999.000000 -9999.000000 -9999.000000 -9999.000000 -9999.000000 -9999.000000 -9999.000000 -9999.000000 -9999.000000 -9999.000000 -9999.000000 -9999.000000 -9999.000000 -9999.000000 -9999.000000 -9999.000000 -9999.000000 -9999.000000 5.373987 4.488115 4.469274 5.075273 5.137158 5.159773 5.838594 5.823897 5.747373 5.743779 5.759263 5.611026 5.608889 5.063617 5.052096 5.042432 4.884232 4.887799 4.833515 4.832182 4.831483 4.841035 4.833766 4.664225 4.674046 4.672880 4.969405 4.929638 4.699183 4.707723 4.691541 3.920538 3.920934 4.029965 4.021338 4.008282 4.036587 4.040481
-9999.000000 -9999.000000 -9999.000000 -9999.000000 -9999.000000 -9999.000000 -9999.000000 -9999.000000 -9999.000000 -9999.000000 -9999.000000 -9999.000000 -9999.000000 -9999.000000 -9999.000000 -9999.000000 -9999.000000 -9999.000000 -9999.000000 -9999.000000 -9999.000000 -9999.000000 -9999.000000 -9999.000000 5.161082 5.841365 5.833869 5.773557 5.774581 5.770004 5.606683 5.595791 5.052506 5.049625 5.056453 4.891484 4.893815 4.835159 4.831036 4.825537 4.831612 4.849943 4.682426 4.682426 4.680190 4.968075 4.989064 4.712130 4.686076 4.720901 3.919969 3.908987 4.015113 3.998656 4.012291 4.063316 4.045311
