Data/ET/20200108.L3.pakistan.eto.forecast.txt
ncols    	169
nrows    	134
xllcorner	60.9
yllcorner	23.7
cellsize 	0.1
NODATA_value  -9999
[rows 75 to 99 of 134, columns 57 to 113 of 169]
2.597985 2.604435 2.604515 1.966350 1.970559 0.982211 0.948991 0.945072 3.982290 4.010721 6.460446 6.472895 6.474138 6.642681 6.641201 3.741831 3.731795 3.658321 2.600884 2.584759 2.064640 2.071420 2.075066 1.662803 1.662934 2.232993 2.236688 2.236384 2.402241 2.416646 3.522977 3.522767 3.477887 5.161833 5.231380 6.391530 6.394947 6.397907 7.177564 7.178800 6.717082 6.716842 6.716362 6.247268 6.247725 5.901292 5.901727 5.901509 5.219014 5.218431 4.843134 4.842594 4.842233 4.641377 4.641206 4.467525 4.466396
2.605160 2.600511 2.593951 1.965271 1.972075 0.987365 0.980461 0.970336 3.995734 4.021156 6.472181 6.474666 6.477563 6.646074 6.644385 3.742788 3.733716 3.710001 2.627063 2.616902 2.079165 2.075866 2.080899 1.664772 1.664901 2.241292 2.235176 2.239089 2.417375 2.421487 3.540776 3.543595 3.499302 5.199811 5.232734 6.392146 6.397383 6.400795 7.180274 7.181015 6.719878 6.719878 6.719878 6.249638 6.250094 5.904145 5.903928 5.903276 5.221475 5.220698 4.845387 4.845027 4.845207 4.643243 4.642388 4.468534 4.468050
2.812346 2.806160 2.805454 2.461502 2.462650 1.490536 1.488678 1.487594 4.006680 4.020247 6.549482 6.555800 6.556453 7.163915 7.164816 5.477074 5.464715 5.451178 2.748853 2.746159 2.584963 2.583977 2.584441 2.255509 2.255862 3.642098 3.642741 3.652894 4.204540 4.211517 5.295713 5.300663 5.286647 6.496247 6.536814 7.141063 7.147566 7.151314 6.959082 6.959082 6.627982 6.627261 6.628222 6.287287 6.287287 5.496892 5.496686 5.495450 5.608208 5.607789 5.710873 5.709591 5.708735 5.666468 5.665830 5.418602 5.417990
2.798097 2.781430 2.799520 2.420973 2.464495 1.490718 1.491234 1.489747 4.004974 4.029726 6.557817 6.559992 6.559558 7.167656 7.166981 5.481175 5.477760 5.467499 2.718090 2.710541 2.557570 2.570066 2.578017 2.260391 2.260117 3.645217 3.645003 3.646179 4.223837 4.226907 5.288605 5.302440 5.309081 6.494487 6.552405 7.147155 7.154397 7.154896 6.961804 6.961804 6.630738 6.630497 6.630257 6.290315 6.290315 5.499167 5.498961 5.498138 5.610784 5.610157 5.713314 5.712459 5.711391 5.669655 5.669230 5.421148 5.420741
2.800724 2.792080 2.789691 2.450440 2.445618 1.494588 1.496718 1.486024 3.999089 4.037750 6.560920 6.563093 6.562007 7.170718 7.168245 5.483187 5.482239 5.453524 2.748227 2.753049 2.608232 2.602821 2.595267 2.260065 2.251447 3.632387 3.642240 3.653875 4.211413 4.237303 5.294835 5.308981 5.372995 6.548632 6.562333 7.154733 7.157975 7.158225 6.964277 6.964277 6.632291 6.633971 6.632531 6.292643 6.292178 5.501852 5.501030 5.500619 5.612732 5.612313 5.714899 5.714258 5.713831 5.670929 5.670716 5.422877 5.422674
3.096831 3.070810 3.088188 1.431243 1.432036 1.604340 1.604016 1.603086 3.920560 3.925874 6.682670 6.682443 6.681535 7.218877 7.215877 6.713864 6.711213 6.704359 4.112580 4.102369 2.520335 2.524187 2.525861 2.757664 2.756035 4.678112 4.672006 4.660554 5.852582 5.887820 7.013678 7.025267 7.140762 7.684574 7.690350 7.342199 7.344013 7.344013 6.912229 6.911481 6.579788 6.579547 6.579307 6.487586 6.484953 6.542688 6.542198 6.540973 6.354662 6.354185 6.363514 6.362802 6.362090 6.279187 6.279187 6.033841 6.033391
3.086770 3.064678 3.089067 1.432064 1.428433 1.606074 1.605854 1.604879 3.927191 3.929181 6.685833 6.685153 6.684472 7.220828 7.219675 6.717159 6.714511 6.709874 4.122430 4.114789 2.514966 2.495584 2.511456 2.739805 2.721471 4.676163 4.689596 4.686320 5.904488 5.888590 7.125793 7.139360 7.159052 7.691164 7.695359 7.345115 7.346410 7.346410 6.914257 6.914257 6.582289 6.581808 6.582048 6.489965 6.488529 6.545072 6.544338 6.543114 6.357082 6.356606 6.366077 6.366077 6.364891 6.279833 6.280299 6.035023 6.035921
1.984348 1.991556 1.994495 1.355395 1.341839 2.205011 2.211895 2.212500 4.856400 4.858850 6.701458 6.701916 6.701000 7.083253 7.082787 6.765554 6.763056 6.761011 5.624539 5.612318 4.133013 4.121465 4.112682 5.814752 5.819063 7.144256 7.167078 7.121074 7.928161 7.932813 8.205616 8.223403 8.243529 7.802747 7.802206 7.234201 7.233168 7.233168 6.851503 6.850011 6.776180 6.775439 6.776427 6.901151 6.900392 6.858276 6.857516 6.856756 6.815951 6.814686 6.839975 6.840478 6.839219 6.886721 6.886217 6.752899 6.753397
1.990842 1.993184 1.996926 1.346534 1.346368 2.186608 2.193727 2.225880 4.858183 4.860807 6.704580 6.704351 6.704122 7.085653 7.085653 6.769452 6.768545 6.766276 5.629882 5.623987 4.140379 4.134252 4.131916 5.838405 5.838405 7.177584 7.184319 7.169839 7.929763 7.910850 8.216774 8.237465 8.254855 7.805377 7.806188 7.236200 7.235942 7.235167 6.853529 6.853032 6.778628 6.778382 6.778135 6.903731 6.902721 6.860111 6.859605 6.859099 6.816016 6.816521 6.841797 6.842048 6.841293 6.890046 6.889037 6.756486 6.753003
1.993468 1.999692 1.991642 1.347681 1.343585 2.194934 2.214577 2.228380 4.861013 4.863285 6.706327 6.707471 6.706327 7.088284 7.088749 6.772893 6.772893 6.771760 5.639883 5.635826 4.151952 4.145110 4.140301 5.847396 5.859809 7.184326 7.180835 7.196772 7.950698 7.959177 8.244526 8.255217 8.258420 7.807735 7.807735 7.238455 7.237939 7.237681 6.856298 6.856298 6.779348 6.780335 6.778855 6.905047 6.904289 6.862704 6.861692 6.861186 6.818103 6.818103 6.844623 6.843617 6.843114 6.890596 6.890092 6.756837 6.757086
2.053024 2.063991 2.063196 1.885727 1.899161 2.692435 2.716714 2.751967 5.459395 5.463549 6.878086 6.879975 6.878559 6.980377 6.981333 6.784337 6.784337 6.784566 5.781212 5.782260 4.580456 4.573845 4.574184 7.255981 7.251731 8.526615 8.522082 8.529163 8.755009 8.756714 8.170171 8.167655 8.172406 7.518834 7.518569 7.404753 7.404753 7.404490 7.278554 7.279077 7.111326 7.110549 7.110549 7.352075 7.351273 7.432638 7.430753 7.430753 7.185159 7.184632 7.088183 7.087663 7.087403 7.129162 7.128382 7.339327 7.341169
2.067180 2.066755 2.066674 1.894335 1.895703 2.714615 2.737177 2.750217 5.460574 5.463540 6.881864 6.882571 6.882100 6.983369 6.983130 6.786064 6.787212 6.787671 5.784013 5.784431 4.584828 4.584151 4.582966 7.263540 7.262744 8.542808 8.540550 8.539703 8.764168 8.763884 8.174725 8.175283 8.174446 7.521558 7.521823 7.407197 7.407197 7.406934 7.281507 7.281246 7.113475 7.113475 7.110885 7.353332 7.351462 7.432788 7.432250 7.431173 7.185917 7.187497 7.088710 7.088970 7.088191 7.130210 7.131509 7.341377 7.339535
2.828247 2.821131 2.833975 2.126544 2.144966 2.694184 2.716091 2.693513 5.478317 5.480477 6.893380 6.893143 6.893143 6.893725 6.894668 6.649190 6.649190 6.649878 5.998180 5.998399 5.074922 5.073971 5.073400 6.988442 6.988189 8.074377 8.074377 8.073542 8.017148 8.016317 7.911929 7.911929 7.912480 7.976191 7.976743 7.922619 7.922067 7.922343 7.776107 7.776938 7.749758 7.745868 7.746146 7.724419 7.722766 7.649402 7.648857 7.648040 7.479739 7.480547 7.340650 7.339324 7.337203 7.493627 7.493627 7.627471 -9999.000000
2.826857 2.796214 2.812419 2.146359 2.142335 2.679702 2.667901 2.721910 5.481914 5.483875 6.895739 6.895976 6.895976 6.897257 6.897492 6.651443 6.651672 6.651443 6.001011 5.999701 5.076436 5.076055 5.075675 6.990538 6.990032 8.076241 8.075963 8.075129 8.019295 8.019019 7.914381 7.915207 7.914105 7.979159 7.978884 7.924995 7.924168 7.924720 7.778451 7.776514 7.747354 7.747354 7.747076 7.724238 7.724238 7.650879 7.647883 7.648973 7.483916 7.483647 7.339505 7.339240 7.341625 7.497550 7.496212 -9999.000000 -9999.000000
2.839692 2.850938 2.854539 2.140508 2.143204 2.691768 2.648894 2.717316 5.480214 5.484331 6.898333 6.898570 6.898333 6.899607 6.899843 6.654839 6.654152 6.653465 6.002312 6.001439 5.078329 5.078519 5.078139 6.992633 6.991622 8.078382 8.076992 8.076992 8.021165 8.021441 7.917106 7.916831 7.917381 7.981298 7.980472 7.927094 7.926819 7.927094 7.778304 7.777474 7.750505 7.748839 7.748561 7.726260 7.727086 7.649360 7.647453 7.647998 7.481635 7.484324 7.342864 7.343659 7.341805 7.497459 -9999.000000 -9999.000000 -9999.000000
3.045798 3.042111 3.069723 2.549777 2.546491 2.865133 2.816070 2.874764 5.344034 5.366925 7.146966 7.146236 7.146723 7.202862 7.202370 6.640667 6.640197 6.640197 5.972333 5.972116 5.239402 5.238819 5.239013 6.002862 6.002862 7.332250 7.332512 7.332512 7.917059 7.917059 8.129601 8.129040 8.128479 8.163769 8.164340 8.112733 8.113016 8.110746 7.985244 7.980483 7.960952 7.956806 7.951273 7.787294 7.790836 7.701755 7.698491 7.705289 7.590869 7.591950 7.666608 7.664708 7.664166 -9999.000000 -9999.000000 -9999.000000 -9999.000000
3.029648 3.015019 3.018705 2.569672 2.551937 2.831285 2.841937 2.868948 5.276442 5.369908 7.148501 7.148988 7.148988 7.205306 7.204568 6.643145 6.642441 6.642206 5.975834 5.974099 5.241042 5.241236 5.241236 6.004579 6.004579 7.335387 7.335125 7.335650 7.920049 7.919500 8.131694 8.131413 8.131413 8.166127 8.166412 8.117900 8.113364 -9999.000000 -9999.000000 -9999.000000 7.954369 7.950772 7.959069 7.788736 7.788464 7.701831 7.705093 7.702375 7.594494 7.594224 7.666987 7.665631 7.664545 -9999.000000 -9999.000000 -9999.000000 -9999.000000
3.819908 3.762141 3.830130 3.151887 3.156923 2.761767 2.786669 2.815686 5.845697 6.045475 7.759131 7.759131 7.759131 7.214193 7.213450 6.588965 6.588501 6.588733 6.098295 6.097205 5.447130 5.445722 5.445722 5.958084 5.958533 7.410836 7.411375 7.410836 8.164388 8.163818 8.313116 8.312251 8.312828 8.366473 8.365895 8.340325 -9999.000000 -9999.000000 -9999.000000 -9999.000000 8.081723 8.085862 8.087517 7.967156 7.964683 7.829605 7.832093 7.832646 7.973048 7.969969 8.024732 -9999.000000 -9999.000000 -9999.000000 -9999.000000 -9999.000000 -9999.000000
3.835682 3.842283 3.820530 3.167439 3.171391 2.792926 2.765670 2.786910 5.984788 6.044691 7.761497 7.761497 7.761239 7.216311 7.215569 6.591273 6.591273 6.590577 6.100056 6.099839 5.449262 5.449664 5.448257 5.962444 5.961100 7.413413 7.413413 7.413144 8.162505 8.165357 8.311972 8.315143 8.312548 8.367600 8.364423 -9999.000000 -9999.000000 -9999.000000 -9999.000000 -9999.000000 -9999.000000 8.086158 8.085883 7.964480 7.969973 -9999.000000 -9999.000000 -9999.000000 -9999.000000 -9999.000000 -9999.000000 -9999.000000 -9999.000000 -9999.000000 -9999.000000 -9999.000000 -9999.000000
3.840922 3.847305 3.804098 3.124606 3.140903 2.759389 2.766631 2.822468 6.032362 6.047819 7.763089 7.763346 7.762832 7.218429 7.218181 6.593579 6.592651 6.592883 6.102470 6.102252 5.451795 5.451795 5.450791 5.963666 5.964114 7.416257 7.415988 7.413835 8.167750 8.165185 8.316881 8.314864 8.315729 8.368726 8.365839 -9999.000000 -9999.000000 -9999.000000 -9999.000000 -9999.000000 -9999.000000 -9999.000000 -9999.000000 -9999.000000 -9999.000000 -9999.000000 -9999.000000 -9999.000000 -9999.000000 -9999.000000 -9999.000000 -9999.000000 -9999.000000 -9999.000000 -9999.000000 -9999.000000 -9999.000000
4.132945 4.137321 4.135639 3.159378 3.181523 2.929769 2.926668 2.991641 6.490494 6.510574 8.355553 8.355553 8.355007 7.707830 7.707573 7.094183 7.093204 7.092714 6.208400 6.208400 5.809438 5.808797 5.809225 6.353747 6.366472 7.372871 7.371775 7.369858 8.279465 8.278298 8.558572 8.559164 8.555613 8.644828 -9999.000000 -9999.000000 -9999.000000 -9999.000000 -9999.000000 -9999.000000 -9999.000000 -9999.000000 -9999.000000 -9999.000000 -9999.000000 -9999.000000 -9999.000000 -9999.000000 -9999.000000 -9999.000000 -9999.000000 -9999.000000 -9999.000000 -9999.000000 -9999.000000 -9999.000000 -9999.000000
4.132849 4.136328 4.165620 3.159797 3.188759 2.936537 2.935602 2.996029 6.503294 6.516026 8.357910 8.356818 8.357091 7.710381 7.709611 7.096127 7.096372 7.095638 6.211629 6.211406 5.811929 5.811929 5.810220 6.364783 6.368380 7.374876 7.371865 7.374602 8.278058 8.284183 8.559699 8.560586 8.560586 -9999.000000 -9999.000000 -9999.000000 -9999.000000 -9999.000000 -9999.000000 -9999.000000 -9999.000000 -9999.000000 -9999.000000 -9999.000000 -9999.000000 -9999.000000 -9999.000000 -9999.000000 -9999.000000 -9999.000000 -9999.000000 -9999.000000 -9999.000000 -9999.000000 -9999.000000 -9999.000000 -9999.000000
3.305478 3.319336 3.336304 3.563347 3.568973 3.365602 3.434108 3.485490 6.905059 6.921512 8.468729 8.469005 8.468177 7.982932 7.982141 7.081135 7.082869 7.080391 6.704875 6.704400 6.886605 6.884381 6.869779 7.050727 7.054962 7.619126 7.616292 7.611471 8.423933 8.421535 8.765485 8.756969 -9999.000000 -9999.000000 -9999.000000 -9999.000000 -9999.000000 -9999.000000 -9999.000000 -9999.000000 -9999.000000 -9999.000000 -9999.000000 -9999.000000 -9999.000000 -9999.000000 -9999.000000 -9999.000000 -9999.000000 -9999.000000 -9999.000000 -9999.000000 -9999.000000 -9999.000000 -9999.000000 -9999.000000 -9999.000000
3.311066 3.322783 3.317647 3.567811 3.580629 3.323428 3.448707 3.491113 6.906326 6.922523 8.470791 8.471066 8.470515 7.984897 7.984107 7.084244 7.083254 7.083006 6.707043 6.706568 6.889093 6.881928 6.874012 7.053847 7.056757 7.619675 7.623356 7.615991 8.423042 8.424839 8.767254 -9999.000000 -9999.000000 -9999.000000 -9999.000000 -9999.000000 -9999.000000 -9999.000000 -9999.000000 -9999.000000 -9999.000000 -9999.000000 -9999.000000 -9999.000000 -9999.000000 -9999.000000 -9999.000000 -9999.000000 -9999.000000 -9999.000000 -9999.000000 -9999.000000 -9999.000000 -9999.000000 -9999.000000 -9999.000000 -9999.000000
3.320845 3.307354 3.305240 3.564845 3.570661 3.380537 3.437185 3.496033 6.921046 6.926517 8.473402 8.473126 8.472851 7.986861 7.985281 7.085372 7.085372 7.085867 6.709447 6.708972 6.891085 6.885901 6.879971 7.055906 7.055906 7.617391 7.623338 7.616541 8.421850 8.423648 -9999.000000 -9999.000000 -9999.000000 -9999.000000 -9999.000000 -9999.000000 -9999.000000 -9999.000000 -9999.000000 -9999.000000 -9999.000000 -9999.000000 -9999.000000 -9999.000000 -9999.000000 -9999.000000 -9999.000000 -9999.000000 -9999.000000 -9999.000000 -9999.000000 -9999.000000 -9999.000000 -9999.000000 -9999.000000 -9999.000000 -9999.000000
