Data/ET/20200108.L7.pakistan.eto.forecast.weekly.txt
ncols    	169
nrows    	134
xllcorner	60.9
yllcorner	23.7
cellsize 	0.1
NODATA_value  -9999
[rows 0 to 24 of 134, columns 112 to 167 of 169]
-9999.000000 -9999.000000 -9999.000000 -9999.000000 -9999.000000 -9999.000000 -9999.000000 -9999.000000 -9999.000000 -9999.000000 -9999.000000 -9999.000000 -9999.000000 -9999.000000 -9999.000000 -9999.000000 -9999.000000 -9999.000000 -9999.000000 -9999.000000 -9999.000000 -9999.000000 -9999.000000 -9999.000000 3.498973 3.678267 3.652729 3.641774 -9999.000000 -9999.000000 -9999.000000 -9999.000000 -9999.000000 -9999.000000 -9999.000000 -9999.000000 -9999.000000 -9999.000000 -9999.000000 -9999.000000 -9999.000000 -9999.000000 -9999.000000 -9999.000000 -9999.000000 -9999.000000 -9999.000000 -9999.000000 -9999.000000 -9999.000000 -9999.000000 -9999.000000 -9999.000000 -9999.000000 -9999.000000 -9999.000000
-9999.000000 -9999.000000 -9999.000000 -9999.000000 -9999.000000 -9999.000000 -9999.000000 -9999.000000 -9999.000000 -9999.000000 -9999.000000 -9999.000000 -9999.000000 -9999.000000 -9999.000000 -9999.000000 -9999.000000 -9999.000000 -9999.000000 -9999.000000 -9999.000000 -9999.000000 4.008911 3.454541 3.570729 3.678161 3.566744 3.707356 3.765086 3.749781 4.405030 4.426004 4.444617 -9999.000000 -9999.000000 -9999.000000 -9999.000000 -9999.000000 -9999.000000 -9999.000000 -9999.000000 -9999.000000 -9999.000000 -9999.000000 -9999.000000 -9999.000000 -9999.000000 -9999.000000 -9999.000000 -9999.000000 -9999.000000 -9999.000000 -9999.000000 -9999.000000 -9999.000000 -9999.000000
-9999.000000 -9999.000000 -9999.000000 -9999.000000 4.765595 4.635921 4.582284 4.455354 4.743924 4.743924 4.500541 4.531599 4.404955 4.558512 4.634006 4.391372 4.373197 4.300383 4.234377 4.289543 4.856050 4.801148 4.837420 4.061141 4.134340 3.477176 3.640362 3.673125 4.319657 4.218289 3.954767 4.016335 4.051374 4.177019 -9999.000000 -9999.000000 -9999.000000 -9999.000000 -9999.000000 -9999.000000 -9999.000000 -9999.000000 -9999.000000 -9999.000000 -9999.000000 -9999.000000 -9999.000000 -9999.000000 -9999.000000 -9999.000000 -9999.000000 -9999.000000 -9999.000000 -9999.000000 -9999.000000 -9999.000000
-9999.000000 5.386659 5.326874 4.737585 4.682213 4.270494 4.275551 4.375689 4.545962 4.737881 4.562043 4.528776 4.509033 4.668686 4.694581 4.379624 4.409637 4.435536 4.247102 4.260405 4.908381 4.906294 4.851100 4.120159 4.053373 3.619493 3.508400 3.344256 4.334908 4.151261 4.178787 4.063154 4.111708 4.232332 4.245874 4.513758 4.482607 -9999.000000 -9999.000000 -9999.000000 -9999.000000 -9999.000000 -9999.000000 -9999.000000 -9999.000000 -9999.000000 -9999.000000 -9999.000000 -9999.000000 -9999.000000 -9999.000000 -9999.000000 -9999.000000 -9999.000000 -9999.000000 -9999.000000
5.428192 5.334809 5.270804 4.618935 4.583142 4.413184 4.418110 4.457244 4.744770 4.745366 4.418550 4.488601 4.485476 4.522730 4.595054 4.358047 4.417285 4.281596 4.311039 4.093304 4.782482 4.885275 4.980618 4.124161 4.126616 3.750804 3.636842 3.307421 4.301429 4.402283 4.120382 4.043699 3.979926 4.188813 4.237873 4.553992 4.566918 4.541687 -9999.000000 -9999.000000 -9999.000000 -9999.000000 -9999.000000 -9999.000000 -9999.000000 -9999.000000 -9999.000000 -9999.000000 -9999.000000 -9999.000000 -9999.000000 -9999.000000 -9999.000000 -9999.000000 -9999.000000 -9999.000000
5.122593 4.993276 5.089184 5.169261 5.358459 5.641569 5.501457 5.536355 5.186712 5.244139 4.220057 4.108529 4.128161 4.095358 4.378297 4.599990 4.540116 4.519228 5.454071 5.279455 4.969264 5.028510 5.007063 4.973485 4.840672 5.224019 5.289182 5.363244 5.820941 5.758189 3.660449 3.878802 3.774422 3.900213 3.850552 4.557158 4.580301 4.556717 5.369084 -9999.000000 -9999.000000 -9999.000000 -9999.000000 -9999.000000 -9999.000000 -9999.000000 -9999.000000 -9999.000000 -9999.000000 -9999.000000 -9999.000000 -9999.000000 -9999.000000 -9999.000000 -9999.000000 -9999.000000
4.955770 5.089737 4.884679 5.153138 5.366207 5.486870 5.533995 5.792279 5.169825 5.115369 4.271227 4.120544 4.002109 4.105700 4.145323 4.598951 4.633560 4.336271 5.408217 5.503961 5.033561 4.879735 4.953179 4.969535 4.762529 5.518395 5.391721 5.225406 5.747161 5.810905 3.701718 3.572680 3.567683 3.785856 3.824502 4.532186 4.580600 4.562171 5.553924 -9999.000000 -9999.000000 -9999.000000 -9999.000000 -9999.000000 -9999.000000 -9999.000000 -9999.000000 -9999.000000 -9999.000000 -9999.000000 -9999.000000 -9999.000000 -9999.000000 -9999.000000 -9999.000000 -9999.000000
6.397338 6.488155 6.361485 5.924512 5.835135 5.158262 5.294626 5.292084 4.361894 4.448695 4.155673 4.159751 3.870675 4.988518 5.030297 4.523057 4.701775 4.301551 5.525587 5.706868 5.161072 5.105222 5.344972 5.907765 5.787539 6.344417 6.385063 6.294497 5.993604 6.080354 4.988756 4.923052 4.837235 5.601326 5.670420 5.445503 5.416866 5.414124 5.251961 -9999.000000 -9999.000000 -9999.000000 -9999.000000 -9999.000000 -9999.000000 -9999.000000 -9999.000000 -9999.000000 -9999.000000 -9999.000000 -9999.000000 -9999.000000 -9999.000000 -9999.000000 -9999.000000 -9999.000000
6.329106 6.370269 6.382865 5.927701 5.945543 5.250720 5.252218 5.295615 4.373099 4.455991 4.201408 4.123707 3.872426 4.861002 4.732045 4.532948 4.280383 4.646663 5.567328 5.587607 5.297554 4.961179 4.823429 5.618013 5.640476 6.311495 6.262292 6.428289 5.967284 6.016427 4.870986 4.959171 4.951955 5.681287 5.728829 5.397587 5.388623 5.407642 5.246960 5.301451 -9999.000000 -9999.000000 -9999.000000 -9999.000000 -9999.000000 -9999.000000 -9999.000000 -9999.000000 -9999.000000 -9999.000000 -9999.000000 -9999.000000 -9999.000000 -9999.000000 -9999.000000 -9999.000000
6.467807 6.591794 6.721431 5.898939 6.075932 5.199260 5.258962 5.156916 4.330029 4.456002 4.034100 4.056956 4.108746 4.996437 4.866957 4.799313 4.393227 4.271680 5.571826 5.481599 5.225026 5.090522 5.073692 6.131649 6.059212 6.442216 6.337376 6.342087 5.972609 5.907201 4.861652 4.940476 4.901378 5.712989 5.663123 5.439411 5.427461 5.411885 5.281507 -9999.000000 -9999.000000 -9999.000000 -9999.000000 -9999.000000 -9999.000000 -9999.000000 -9999.000000 -9999.000000 -9999.000000 -9999.000000 -9999.000000 -9999.000000 -9999.000000 -9999.000000 -9999.000000 -9999.000000
5.952121 5.983945 6.022524 6.072408 6.181639 5.679115 5.670837 5.827977 5.331369 5.210903 5.162420 5.065830 5.075760 5.384210 5.406515 5.257925 5.232294 5.033923 6.135737 6.034605 5.529553 5.701547 5.892904 5.725963 5.721679 5.577471 5.864479 5.812042 5.120798 5.006766 4.193377 4.299215 4.223616 4.458017 4.558646 4.072861 4.103008 4.028418 4.306989 4.273557 -9999.000000 -9999.000000 -9999.000000 -9999.000000 -9999.000000 -9999.000000 -9999.000000 -9999.000000 -9999.000000 -9999.000000 -9999.000000 -9999.000000 -9999.000000 -9999.000000 -9999.000000 -9999.000000
5.848691 6.018479 5.866471 6.185529 6.248357 5.792674 5.753482 5.795811 5.342481 5.294227 5.137353 5.153945 5.113568 5.334175 5.312349 5.199436 5.273812 5.161150 6.178772 6.210822 5.939235 5.673153 5.509428 5.801850 5.628156 5.725946 5.472176 5.634676 5.107021 5.004208 4.136577 4.261745 4.273174 4.406505 4.449606 4.032563 4.249329 3.984332 4.291614 4.274172 5.001020 -9999.000000 -9999.000000 -9999.000000 -9999.000000 -9999.000000 -9999.000000 -9999.000000 -9999.000000 -9999.000000 -9999.000000 -9999.000000 -9999.000000 -9999.000000 -9999.000000 -9999.000000
6.189862 6.109833 6.182473 6.083090 6.069905 5.832006 5.773434 5.814899 5.791144 5.906707 6.266342 6.180608 6.097570 7.648404 7.633804 7.487029 7.597417 7.578680 7.115002 7.071243 5.439941 5.563610 5.491475 6.773836 6.707912 6.584450 6.457038 6.908103 5.977005 5.854431 5.072879 4.827221 4.892953 4.247744 4.319394 5.031589 4.899083 5.040806 5.305219 5.440805 4.846986 4.805421 4.851939 4.425852 4.410924 -9999.000000 -9999.000000 -9999.000000 -9999.000000 -9999.000000 -9999.000000 -9999.000000 -9999.000000 -9999.000000 -9999.000000 -9999.000000
6.061827 6.149204 6.163612 6.061308 6.129695 5.791905 5.801455 5.855706 5.798774 5.738692 6.209770 6.178943 6.155949 7.670942 7.651762 7.477823 7.495559 7.558795 6.986370 7.097966 5.587682 5.523490 5.503841 6.857355 6.741847 6.431669 6.434977 6.688014 5.826296 5.618569 5.062350 5.047728 4.887865 4.245392 4.281106 4.830445 5.154073 4.870177 5.397788 5.412328 4.748259 4.771206 4.715945 4.351007 4.383656 4.330726 -9999.000000 -9999.000000 -9999.000000 -9999.000000 -9999.000000 -9999.000000 -9999.000000 -9999.000000 -9999.000000 -9999.000000
6.062159 6.178724 6.117116 6.110345 6.056957 5.745576 5.845615 5.745688 5.680384 5.839138 6.138774 6.203531 6.171667 7.460148 7.537868 7.436129 7.484411 7.423198 6.940212 7.031381 5.561765 5.638404 5.561917 7.048013 6.967519 6.448416 6.858170 6.822725 5.570975 5.618612 5.042126 4.942577 5.017185 3.977919 4.084152 5.065340 5.017076 4.868062 5.307089 5.264390 4.726388 4.889275 4.772016 4.409244 4.502987 4.292807 4.283334 4.219608 -9999.000000 -9999.000000 -9999.000000 -9999.000000 -9999.000000 -9999.000000 -9999.000000 -9999.000000
8.601455 8.514050 8.526697 8.727479 8.650817 7.767828 7.852739 7.731057 7.873196 7.757989 11.720991 11.714815 11.715377 9.490884 9.486371 8.997671 9.034527 8.996704 7.856943 7.921609 7.799751 7.996750 8.062546 9.845544 9.780217 8.342542 8.372700 8.536935 6.491239 6.358231 6.002311 6.001154 5.816546 4.460348 3.926142 5.491407 5.588044 5.767218 5.826053 5.873963 4.742575 4.734863 4.649519 4.420168 4.382508 3.743075 3.836259 3.819481 3.950038 4.030724 3.645234 3.608445 -9999.000000 -9999.000000 -9999.000000 -9999.000000
8.474677 8.469555 8.519765 8.659964 8.709114 7.802085 7.913563 7.806002 7.551621 7.561193 11.729672 11.733934 11.726317 9.529881 9.590614 9.118216 9.119617 9.028377 7.827047 7.846213 7.734933 7.791139 7.792591 9.750860 9.805322 8.452623 8.484795 8.419644 6.499666 6.505186 6.129996 6.076160 5.902143 3.903439 4.276468 5.469650 5.448346 5.552776 5.875152 5.723125 4.680513 4.655654 4.527756 4.347958 4.261926 3.590892 3.736876 3.768571 4.032095 3.927501 3.660562 3.608169 3.617814 3.906166 3.904906 3.851658
9.407050 9.527495 9.526536 12.054180 12.039458 7.931148 8.008837 7.941312 13.971270 13.966120 11.830648 11.835197 11.817943 8.507851 8.481697 6.925843 6.811460 6.824478 7.469554 7.383565 8.929575 8.974246 9.014255 5.741488 5.937335 7.344001 7.353011 7.165546 7.143577 7.124143 5.861418 5.878345 5.744614 5.999052 5.797862 5.141031 5.171079 5.271253 5.752264 5.859106 4.142523 4.514684 4.305405 4.489517 4.364179 4.738312 4.756702 4.960481 4.301331 4.275907 4.058118 4.179756 4.273811 4.178562 4.154041 3.764265
9.495593 9.480195 9.470497 12.072473 12.089148 7.969129 8.074011 7.956513 13.932692 13.942534 11.855622 11.850805 11.832652 8.468459 8.431514 6.964828 6.911819 6.876904 7.469629 7.472090 9.020097 9.080079 9.047524 5.928800 5.987559 7.439857 7.223749 7.197895 7.147705 7.166399 5.826110 5.808626 5.832974 6.043584 5.892362 5.253274 5.577063 5.215491 5.552746 5.786886 4.148218 4.053362 4.192319 4.053680 4.461955 4.799015 4.918458 4.910121 4.334192 4.307385 4.026838 4.061712 4.155707 4.199743 -9999.000000 -9999.000000
9.412274 9.474324 9.466160 12.077507 12.102340 7.870288 8.056486 8.039284 14.002806 14.067698 11.848996 11.854032 11.839783 8.431003 8.503713 6.918985 6.854638 6.900149 7.599850 7.538019 9.055205 9.105405 9.053069 6.016573 5.928025 7.329090 7.295200 7.340796 7.088971 7.175459 5.792911 5.847630 5.856625 6.051843 6.043736 5.513827 5.483502 5.428514 5.484846 5.666026 4.174022 4.302656 4.011932 3.968514 4.128932 4.848789 4.741455 4.776736 4.189834 4.253779 4.188090 4.075927 4.224405 -9999.000000 -9999.000000 -9999.000000
8.934191 8.968882 8.914695 14.173573 14.130161 14.537808 14.652828 14.685481 17.758919 17.545860 11.593864 11.575001 11.563008 8.132374 8.214742 7.740181 7.787652 7.763504 7.438293 7.506263 8.264606 8.259222 8.292214 6.937761 7.054366 7.977891 7.898678 7.857890 6.512852 6.447403 5.385691 5.364687 5.320299 5.314116 5.342244 5.516278 5.547178 5.537800 5.751924 5.665880 5.196085 5.418210 5.502147 5.616264 5.641424 5.213263 5.239533 5.253939 4.469305 4.555672 4.486078 -9999.000000 -9999.000000 -9999.000000 -9999.000000 -9999.000000
8.976460 8.986485 8.883769 14.233566 14.188306 14.686668 14.742820 14.691311 17.484113 17.502990 11.574567 11.570025 11.570284 8.141178 8.196906 7.716453 7.711872 7.725311 7.520381 7.488296 8.232439 8.194576 8.291084 6.942746 6.964016 7.924101 7.954318 7.900255 6.433405 6.492939 5.367493 5.334171 5.317379 5.318685 5.403607 5.556869 5.577232 5.602828 5.862134 5.809533 5.245674 5.124099 5.393499 5.672494 5.494015 5.076172 5.070565 5.298614 4.387150 -9999.000000 -9999.000000 -9999.000000 -9999.000000 -9999.000000 -9999.000000 -9999.000000
15.553770 15.809306 15.787487 14.377723 14.319034 17.007860 17.190184 17.072173 14.964308 14.834123 12.643169 12.582458 12.555338 11.877093 11.883947 9.580328 9.602184 9.609823 9.781822 9.775973 8.927952 8.863447 8.763732 9.474598 9.435574 8.984892 8.983829 8.972094 8.180577 8.185366 6.308527 6.270393 6.269555 5.516455 5.458601 5.006337 4.933268 4.986668 4.327050 4.286223 3.856796 4.096177 4.192325 5.081767 5.117868 5.132709 5.186022 -9999.000000 -9999.000000 -9999.000000 -9999.000000 -9999.000000 -9999.000000 -9999.000000 -9999.000000 -9999.000000
15.811504 15.831106 15.837768 14.304019 14.177334 17.157069 17.195560 17.290921 15.007557 14.789524 12.607782 12.619048 12.563262 11.887209 11.886578 9.547941 9.615337 9.611539 9.757871 9.725012 8.751703 8.849454 -9999.000000 -9999.000000 9.410044 8.863951 8.868094 8.918105 8.116642 8.103228 6.301158 6.252171 6.221084 5.513021 5.586049 5.027845 4.884681 5.001007 4.325011 4.178623 3.806259 3.823331 4.028322 5.135575 5.164021 5.158295 -9999.000000 -9999.000000 -9999.000000 -9999.000000 -9999.000000 -9999.000000 -9999.000000 -9999.000000 -9999.000000 -9999.000000
15.896164 15.830627 15.739415 14.344446 14.306820 17.121217 17.340235 17.158236 14.902157 14.941511 12.658484 12.686864 12.635463 11.905369 11.902926 9.572579 9.564184 9.614552 9.684231 -9999.000000 -9999.000000 -9999.000000 -9999.000000 -9999.000000 -9999.000000 -9999.000000 -9999.000000 8.945083 8.113769 8.106443 6.302072 6.322565 6.325470 5.558529 5.429051 4.886566 4.907991 4.838726 4.160029 4.192364 3.809809 3.977686 -9999.000000 -9999.000000 -9999.000000 -9999.000000 -9999.000000 -9999.000000 -9999.000000 -9999.000000 -9999.000000 -9999.000000 -9999.000000 -9999.000000 -9999.000000 -9999.000000
