Data/ET/20200108.L4.pakistan.eto.forecast.txt
ncols    	169
nrows    	134
xllcorner	60.9
yllcorner	23.7
cellsize 	0.1
NODATA_value  -9999
[rows 100 to 124 of 134, columns 0 to 56 of 169]
-9999.000000 -9999.000000 -9999.000000 -9999.000000 -9999.000000 -9999.000000 -9999.000000 -9999.000000 -9999.000000 -9999.000000 -9999.000000 -9999.000000 -9999.000000 -9999.000000 -9999.000000 -9999.000000 -9999.000000 -9999.000000 -9999.000000 -9999.000000 -9999.000000 -9999.000000 -9999.000000 5.710960 5.710173 6.411880 6.408842 5.373717 5.364636 5.350659 5.117168 5.115848 5.006842 5.007094 5.005584 4.336096 4.329815 3.732066 3.722718 3.733549 3.579518 3.583630 3.171068 3.171535 3.162627 3.143371 3.157575 3.387426 3.343007 3.412916 3.423049 3.403230 2.515263 2.505997 2.513688 2.676353 2.678251
-9999.000000 -9999.000000 -9999.000000 -9999.000000 -9999.000000 -9999.000000 -9999.000000 -9999.000000 -9999.000000 -9999.000000 -9999.000000 -9999.000000 -9999.000000 -9999.000000 -9999.000000 -9999.000000 -9999.000000 -9999.000000 -9999.000000 -9999.000000 -9999.000000 -9999.000000 -9999.000000 5.709161 5.713093 6.408637 6.413752 5.380896 5.379767 5.375951 5.134968 5.130908 5.016528 5.008502 5.001577 4.330921 4.316329 3.736924 3.744054 3.746422 3.582187 3.580290 3.168983 3.175121 3.152724 3.164269 3.153512 3.369887 3.415228 3.421978 3.419000 3.419287 2.515204 2.511469 2.515752 2.675091 2.690473
-9999.000000 -9999.000000 -9999.000000 -9999.000000 -9999.000000 -9999.000000 -9999.000000 -9999.000000 -9999.000000 -9999.000000 -9999.000000 -9999.000000 -9999.000000 -9999.000000 -9999.000000 -9999.000000 -9999.000000 -9999.000000 -9999.000000 -9999.000000 -9999.000000 -9999.000000 -9999.000000 4.829752 4.848115 5.507269 5.512972 5.171706 5.170035 5.168085 4.909561 4.896474 4.379262 4.362510 4.380596 3.952090 3.949335 3.798210 3.798293 3.796049 4.017522 4.012369 3.616828 3.607519 3.604321 4.763868 4.705971 4.781031 4.876037 4.849710 3.937709 3.973975 3.660987 3.637949 3.665260 3.695495 3.678862
-9999.000000 -9999.000000 -9999.000000 -9999.000000 -9999.000000 -9999.000000 -9999.000000 -9999.000000 -9999.000000 -9999.000000 -9999.000000 -9999.000000 -9999.000000 -9999.000000 -9999.000000 -9999.000000 -9999.000000 -9999.000000 -9999.000000 -9999.000000 -9999.000000 -9999.000000 -9999.000000 4.839487 4.838298 5.495465 5.504200 5.162581 5.171641 5.169275 4.913151 4.909958 4.400797 4.389216 4.379569 3.948240 3.949159 3.791148 3.791649 3.787138 4.033297 4.039946 3.610580 3.577895 3.649555 4.766006 4.772699 4.879789 4.876043 4.789182 3.946014 3.968018 3.662874 3.645844 3.667943 3.705373 3.660072
-9999.000000 -9999.000000 -9999.000000 -9999.000000 -9999.000000 -9999.000000 -9999.000000 -9999.000000 -9999.000000 -9999.000000 -9999.000000 -9999.000000 -9999.000000 -9999.000000 -9999.000000 -9999.000000 -9999.000000 -9999.000000 5.805911 5.800881 5.060682 5.052109 4.858230 4.861109 4.863071 5.511264 5.513399 5.172412 5.172273 5.171021 4.913281 4.905561 4.381543 4.373981 4.363145 3.944202 3.958601 3.799809 3.809801 3.820209 4.054657 4.063204 3.634596 3.654478 3.653661 4.797503 4.800620 4.877807 4.887144 4.843067 3.984069 3.985122 3.682032 3.654663 3.689560 3.720243 3.707827
-9999.000000 -9999.000000 -9999.000000 -9999.000000 -9999.000000 -9999.000000 -9999.000000 -9999.000000 -9999.000000 -9999.000000 -9999.000000 -9999.000000 -9999.000000 -9999.000000 5.607005 5.990455 5.983882 6.153106 6.135845 6.111738 5.008374 5.001912 4.891887 4.909815 4.901861 5.440857 5.454217 5.059629 5.056518 5.045881 4.692192 4.693757 4.664826 4.675391 4.674647 4.521963 4.510404 4.428812 4.399746 4.421217 4.796278 4.773381 5.157327 5.157751 5.168624 5.275855 5.300759 4.273508 4.272405 4.269708 3.277106 3.273025 4.159144 4.225082 4.251296 4.572813 4.519637
-9999.000000 -9999.000000 -9999.000000 -9999.000000 -9999.000000 -9999.000000 -9999.000000 -9999.000000 -9999.000000 -9999.000000 -9999.000000 -9999.000000 -9999.000000 5.635482 5.613923 5.890616 5.921126 6.103237 6.152572 6.140621 5.029352 5.032553 4.940578 4.938053 4.919324 5.468847 5.491943 5.080726 5.067660 5.083946 4.721688 4.721946 4.685885 4.690199 4.692046 4.535815 4.525132 4.421790 4.416810 4.417421 4.835826 4.852562 5.170468 5.174264 5.156210 5.318865 5.312346 4.288865 4.285330 4.288987 3.287551 3.256896 4.227578 4.244281 4.269355 4.568305 4.542722
-9999.000000 -9999.000000 -9999.000000 -9999.000000 -9999.000000 -9999.000000 -9999.000000 -9999.000000 -9999.000000 -9999.000000 -9999.000000 -9999.000000 6.271548 6.304957 6.275007 6.928794 6.911022 5.665497 5.675761 5.677810 5.096430 5.093894 5.302066 5.300180 5.304980 5.854869 5.840286 5.554113 5.550036 5.553799 5.303777 5.283376 5.162900 5.162900 5.151542 5.249667 5.243207 5.586122 5.631322 5.656305 5.780935 5.787967 5.347328 5.360802 5.365817 4.781418 4.807460 3.105050 3.107372 3.104600 3.347062 3.353924 4.966898 5.015452 5.012608 4.278258 4.249915
-9999.000000 -9999.000000 -9999.000000 -9999.000000 -9999.000000 -9999.000000 -9999.000000 -9999.000000 -9999.000000 6.162752 7.192078 7.221902 6.304982 6.310562 6.289927 6.957491 6.933685 5.678421 5.677862 5.686420 5.103798 5.105484 5.301650 5.305762 5.307645 5.868490 5.851131 5.554038 5.555135 5.558890 5.308375 5.306571 5.177505 5.162772 5.128257 5.300685 5.326215 5.668347 5.673527 5.667926 5.785953 5.771558 5.326892 5.359596 5.370502 4.811599 4.810215 3.103806 3.112107 3.111734 3.369226 3.366159 4.987185 5.026631 5.027227 4.273306 4.266942
-9999.000000 -9999.000000 -9999.000000 -9999.000000 -9999.000000 -9999.000000 -9999.000000 -9999.000000 -9999.000000 6.222289 7.257102 7.261665 6.342637 6.340294 6.340507 7.005848 6.971420 5.705746 5.679218 5.682381 5.104579 5.100025 5.262838 5.279067 5.259031 5.844545 5.780979 5.507359 5.498582 5.542663 5.303047 5.298075 5.159189 5.172567 5.184362 5.340080 5.343617 5.678361 5.677106 5.659163 5.766727 5.765250 5.345654 5.377524 5.385720 4.815593 4.786853 3.114369 3.119660 3.083531 3.373403 3.374846 4.972653 5.030779 5.031969 4.299881 4.285682
-9999.000000 -9999.000000 -9999.000000 -9999.000000 -9999.000000 -9999.000000 -9999.000000 -9999.000000 -9999.000000 6.220968 6.449749 6.438119 6.324110 6.333165 6.323181 5.247227 5.254634 5.222971 5.228056 5.225709 5.445115 5.446504 5.051314 5.036948 5.034694 5.742731 5.724539 5.911758 5.893691 5.901103 5.857564 5.848246 5.869688 5.871082 5.873713 6.112098 6.104761 5.902257 5.895735 5.908438 6.206149 6.228127 6.152529 6.160622 6.156051 3.610476 3.580600 3.386865 3.438533 3.425691 4.541556 4.504352 5.388381 5.461134 5.469570 4.866878 4.860735
-9999.000000 -9999.000000 -9999.000000 -9999.000000 -9999.000000 -9999.000000 -9999.000000 -9999.000000 -9999.000000 6.244971 6.471193 6.452978 6.345834 6.334251 6.326594 5.204111 5.253542 5.228160 5.227379 5.213101 5.442179 5.446939 5.047922 5.033554 5.003313 5.663449 5.677178 5.862111 5.878284 5.881058 5.850805 5.839987 5.844798 5.834603 5.857600 6.107644 6.096781 5.907659 5.923211 5.926601 6.224844 6.237235 6.161109 6.169527 6.141547 3.558115 3.609609 3.449559 3.445685 3.435271 4.513974 4.515607 5.416634 5.469070 5.473123 4.869863 4.868966
-9999.000000 -9999.000000 -9999.000000 -9999.000000 -9999.000000 -9999.000000 -9999.000000 -9999.000000 -9999.000000 6.724703 5.618753 5.624541 5.573862 5.586259 5.587997 4.963023 4.963023 4.247081 4.245536 4.237964 4.960724 4.956313 6.148160 6.148382 6.131893 6.255347 6.259969 6.053651 6.047977 6.001712 5.675820 5.669659 6.468851 6.564108 6.585098 7.003146 7.012092 6.843050 6.832483 6.875073 6.645709 6.652078 5.619833 5.626288 5.626967 3.327504 3.329072 3.566364 3.532916 3.549531 5.187489 5.194975 6.250777 6.260574 6.264660 5.678706 5.679411
-9999.000000 -9999.000000 -9999.000000 -9999.000000 -9999.000000 -9999.000000 -9999.000000 -9999.000000 6.717448 6.745210 5.645858 5.649631 5.590871 5.592825 5.593911 4.967338 4.968479 4.249960 4.247954 4.245484 4.970107 4.960745 6.173553 6.173774 6.164686 6.293176 6.276320 6.088219 6.044619 6.050499 5.758716 5.753938 6.596902 6.617486 6.599654 7.031231 7.008755 6.834443 6.870478 6.884613 6.645643 6.657058 5.630009 5.638134 5.644045 3.331311 3.306463 3.537832 3.556943 3.560636 5.224484 5.202505 6.165203 6.268261 6.267729 5.682976 5.682624
-9999.000000 -9999.000000 -9999.000000 -9999.000000 -9999.000000 -9999.000000 -9999.000000 -9999.000000 6.759308 6.743822 5.651380 5.657587 5.597214 5.595696 5.588534 4.963669 4.962719 4.238956 4.239882 4.235561 4.968840 4.969757 6.186461 6.190436 6.189994 6.317242 6.312456 6.105330 6.092312 5.991668 5.761741 5.774436 6.633640 6.640049 6.664978 7.036987 7.036181 6.875384 6.889493 6.891529 6.662028 6.663892 5.634401 5.624742 5.585320 3.307954 3.335893 3.564912 3.559089 3.555494 5.215894 5.248034 6.257478 6.271324 6.270793 5.685657 5.684428
-9999.000000 -9999.000000 -9999.000000 -9999.000000 -9999.000000 -9999.000000 -9999.000000 6.844731 6.848178 6.850829 6.562577 6.565908 6.375260 6.215688 6.332248 6.339207 6.365254 5.735456 5.738403 5.739763 5.633221 5.586433 5.967854 6.013083 6.022691 7.324241 7.326279 7.697234 7.699466 7.692021 7.512006 7.501707 7.639533 7.655694 7.672309 7.579195 7.535026 6.793505 6.720721 6.780187 6.374313 6.426324 4.980593 4.989972 4.988879 3.820252 3.851629 5.079152 5.079651 5.083305 6.297258 6.269865 6.951871 -9999.000000 -9999.000000 6.448361 6.448156
-9999.000000 -9999.000000 -9999.000000 -9999.000000 -9999.000000 -9999.000000 -9999.000000 6.856262 6.854673 6.854673 6.563639 6.564664 6.376597 6.365501 6.376844 6.367380 6.229391 5.702604 5.742093 5.745037 5.636227 5.636012 6.024935 6.021964 6.027447 7.339943 7.336640 7.725889 7.701427 7.713305 7.550943 -9999.000000 -9999.000000 7.695985 7.694716 7.589239 7.587590 6.864125 6.868190 6.868190 6.444327 6.430996 5.002409 4.975403 5.004430 3.852341 3.856376 5.117488 5.116335 5.116665 6.301937 6.302133 -9999.000000 -9999.000000 -9999.000000 6.449675 -9999.000000
-9999.000000 -9999.000000 -9999.000000 -9999.000000 -9999.000000 -9999.000000 -9999.000000 8.280759 8.280154 8.280456 8.251100 8.249582 7.980969 7.997774 7.991973 8.421408 8.421408 8.550605 8.553632 8.558673 6.868477 6.832163 4.873838 4.874220 4.873457 6.953486 -9999.000000 -9999.000000 -9999.000000 -9999.000000 6.960750 6.961014 7.414500 7.414761 7.414500 7.180484 7.180231 7.202644 7.203160 7.202128 7.465612 7.469369 7.276572 -9999.000000 -9999.000000 -9999.000000 -9999.000000 -9999.000000 -9999.000000 -9999.000000 -9999.000000 -9999.000000 -9999.000000 -9999.000000 -9999.000000 -9999.000000 -9999.000000
-9999.000000 -9999.000000 -9999.000000 -9999.000000 -9999.000000 -9999.000000 -9999.000000 8.283445 8.283143 8.283143 8.257451 8.255935 8.004478 8.005088 8.004173 8.431582 -9999.000000 -9999.000000 8.522796 8.563185 6.868649 6.871372 -9999.000000 4.877627 4.877246 6.952394 -9999.000000 -9999.000000 -9999.000000 -9999.000000 -9999.000000 -9999.000000 -9999.000000 -9999.000000 -9999.000000 7.179656 -9999.000000 -9999.000000 -9999.000000 -9999.000000 -9999.000000 -9999.000000 -9999.000000 -9999.000000 -9999.000000 -9999.000000 -9999.000000 -9999.000000 -9999.000000 -9999.000000 -9999.000000 -9999.000000 -9999.000000 -9999.000000 -9999.000000 -9999.000000 -9999.000000
-9999.000000 -9999.000000 -9999.000000 -9999.000000 -9999.000000 -9999.000000 -9999.000000 -9999.000000 8.285827 8.283713 8.242870 8.260765 -9999.000000 -9999.000000 -9999.000000 -9999.000000 -9999.000000 -9999.000000 -9999.000000 -9999.000000 -9999.000000 -9999.000000 -9999.000000 -9999.000000 -9999.000000 -9999.000000 -9999.000000 -9999.000000 -9999.000000 -9999.000000 -9999.000000 -9999.000000 -9999.000000 -9999.000000 -9999.000000 -9999.000000 -9999.000000 -9999.000000 -9999.000000 -9999.000000 -9999.000000 -9999.000000 -9999.000000 -9999.000000 -9999.000000 -9999.000000 -9999.000000 -9999.000000 -9999.000000 -9999.000000 -9999.000000 -9999.000000 -9999.000000 -9999.000000 -9999.000000 -9999.000000 -9999.000000
-9999.000000 -9999.000000 -9999.000000 -9999.000000 -9999.000000 -9999.000000 -9999.000000 -9999.000000 9.843181 9.829411 -9999.000000 -9999.000000 -9999.000000 -9999.000000 -9999.000000 -9999.000000 -9999.000000 -9999.000000 -9999.000000 -9999.000000 -9999.000000 -9999.000000 -9999.000000 -9999.000000 -9999.000000 -9999.000000 -9999.000000 -9999.000000 -9999.000000 -9999.000000 -9999.000000 -9999.000000 -9999.000000 -9999.000000 -9999.000000 -9999.000000 -9999.000000 -9999.000000 -9999.000000 -9999.000000 -9999.000000 -9999.000000 -9999.000000 -9999.000000 -9999.000000 -9999.000000 -9999.000000 -9999.000000 -9999.000000 -9999.000000 -9999.000000 -9999.000000 -9999.000000 -9999.000000 -9999.000000 -9999.000000 -9999.000000
-9999.000000 -9999.000000 -9999.000000 -9999.000000 -9999.000000 -9999.000000 -9999.000000 -9999.000000 -9999.000000 -9999.000000 -9999.000000 -9999.000000 -9999.000000 -9999.000000 -9999.000000 -9999.000000 -9999.000000 -9999.000000 -9999.000000 -9999.000000 -9999.000000 -9999.000000 -9999.000000 -9999.000000 -9999.000000 -9999.000000 -9999.000000 -9999.000000 -9999.000000 -9999.000000 -9999.000000 -9999.000000 -9999.000000 -9999.000000 -9999.000000 -9999.000000 -9999.000000 -9999.000000 -9999.000000 -9999.000000 -9999.000000 -9999.000000 -9999.000000 -9999.000000 -9999.000000 -9999.000000 -9999.000000 -9999.000000 -9999.000000 -9999.000000 -9999.000000 -9999.000000 -9999.000000 -9999.000000 -9999.000000 -9999.000000 -9999.000000
-9999.000000 -9999.000000 -9999.000000 -9999.000000 -9999.000000 -9999.000000 -9999.000000 -9999.000000 -9999.000000 -9999.000000 -9999.000000 -9999.000000 -9999.000000 -9999.000000 -9999.000000 -9999.000000 -9999.000000 -9999.000000 -9999.000000 -9999.000000 -9999.000000 -9999.000000 -9999.000000 -9999.000000 -9999.000000 -9999.000000 -9999.000000 -9999.000000 -9999.000000 -9999.000000 -9999.000000 -9999.000000 -9999.000000 -9999.000000 -9999.000000 -9999.000000 -9999.000000 -9999.000000 -9999.000000 -9999.000000 -9999.000000 -9999.000000 -9999.000000 -9999.000000 -9999.000000 -9999.000000 -9999.000000 -9999.000000 -9999.000000 -9999.000000 -9999.000000 -9999.000000 -9999.000000 -9999.000000 -9999.000000 -9999.000000 -9999.000000
-9999.000000 -9999.000000 -9999.000000 -9999.000000 -9999.000000 -9999.000000 -9999.000000 -9999.000000 -9999.000000 -9999.000000 -9999.000000 -9999.000000 -9999.000000 -9999.000000 -9999.000000 -9999.000000 -9999.000000 -9999.000000 -9999.000000 -9999.000000 -9999.000000 -9999.000000 -9999.000000 -9999.000000 -9999.000000 -9999.000000 -9999.000000 -9999.000000 -9999.000000 -9999.000000 -9999.000000 -9999.000000 -9999.000000 -9999.000000 -9999.000000 -9999.000000 -9999.000000 -9999.000000 -9999.000000 -9999.000000 -9999.000000 -9999.000000 -9999.000000 -9999.000000 -9999.000000 -9999.000000 -9999.000000 -9999.000000 -9999.000000 -9999.000000 -9999.000000 -9999.000000 -9999.000000 -9999.000000 -9999.000000 -9999.000000 -9999.000000
-9999.000000 -9999.000000 -9999.000000 -9999.000000 -9999.000000 -9999.000000 -9999.000000 -9999.000000 -9999.000000 -9999.000000 -9999.000000 -9999.000000 -9999.000000 -9999.000000 -9999.000000 -9999.000000 -9999.000000 -9999.000000 -9999.000000 -9999.000000 -9999.000000 -9999.000000 -9999.000000 -9999.000000 -9999.000000 -9999.000000 -9999.000000 -9999.000000 -9999.000000 -9999.000000 -9999.000000 -9999.000000 -9999.000000 -9999.000000 -9999.000000 -9999.000000 -9999.000000 -9999.000000 -9999.000000 -9999.000000 -9999.000000 -9999.000000 -9999.000000 -9999.000000 -9999.000000 -9999.000000 -9999.000000 -9999.000000 -9999.000000 -9999.000000 -9999.000000 -9999.000000 -9999.000000 -9999.000000 -9999.000000 -9999.000000 -9999.000000
