Data/ET/20200108.L3.pakistan.eto.forecast.txt
ncols    	169
nrows    	134
xllcorner	60.9
yllcorner	23.7
cellsize 	0.1
NODATA_value  -9999
[rows 75 to 99 of 134, columns 0 to 56 of 169]
-9999.000000 -9999.000000 6.353866 6.408946 6.487925 5.699033 5.712520 7.416559 7.415974 7.411100 9.212130 -9999.000000 -9999.000000 -9999.000000 -9999.000000 -9999.000000 -9999.000000 -9999.000000 -9999.000000 -9999.000000 -9999.000000 -9999.000000 -9999.000000 -9999.000000 -9999.000000 -9999.000000 -9999.000000 -9999.000000 -9999.000000 -9999.000000 -9999.000000 -9999.000000 -9999.000000 -9999.000000 -9999.000000 6.713215 6.740832 6.864226 6.932503 6.950195 5.505250 5.501581 4.359828 4.354922 4.353993 3.626451 3.627315 1.612679 1.612684 1.612684 2.172036 2.169157 4.542719 4.505755 4.509835 3.034709 3.031640
-9999.000000 -9999.000000 -9999.000000 6.394856 6.437505 5.657774 5.692614 7.408399 7.407422 7.399005 9.179419 9.192513 9.702489 9.701531 -9999.000000 -9999.000000 -9999.000000 -9999.000000 -9999.000000 -9999.000000 8.172056 8.164865 7.471331 7.458615 7.450074 6.594123 6.587572 6.582898 6.583525 6.587351 6.698389 -9999.000000 6.490457 6.488910 6.503994 6.762554 6.751043 6.929606 6.948238 6.951274 5.506469 5.505194 4.361110 4.359786 4.358991 3.630119 3.629364 1.614510 1.614509 1.614547 2.175257 2.167648 4.515247 4.488475 4.503604 3.009345 3.033503
-9999.000000 -9999.000000 -9999.000000 -9999.000000 5.312437 6.461948 6.534838 7.454579 7.464414 7.456192 8.360390 8.370747 8.543399 8.545116 8.542110 8.087264 8.070850 7.098521 7.098728 7.101833 7.304366 7.303317 7.060113 7.045939 7.031946 6.426241 6.522627 6.374665 6.365053 6.359625 6.323944 6.328114 6.418723 6.430418 6.435931 6.568512 6.582391 6.013016 6.020037 6.020037 3.687738 3.687082 3.408819 3.408233 3.407647 4.264729 4.264194 2.969118 2.969040 2.972490 5.486427 5.485228 5.311078 5.301651 5.298027 3.428671 3.430986
-9999.000000 -9999.000000 -9999.000000 -9999.000000 5.371322 6.463201 6.505760 7.425714 7.447398 7.419531 8.360379 8.345930 8.531387 8.535138 8.529075 8.070311 8.048848 7.072938 7.072938 7.084894 7.299116 7.310996 7.069764 7.062004 7.040653 6.516136 6.541184 6.402131 6.390564 6.391033 6.376356 6.356967 6.431317 6.461014 6.464331 6.574206 6.594546 6.016465 6.021641 6.021141 3.689553 3.688898 3.411204 3.410619 3.409839 4.262264 4.269351 2.977257 2.976083 2.968332 5.491072 5.425433 5.305350 5.314288 5.287419 3.423962 3.400670
-9999.000000 -9999.000000 -9999.000000 -9999.000000 -9999.000000 6.467728 6.508286 7.403451 7.399413 7.425534 8.357648 8.343013 8.524216 8.521455 8.503154 8.041309 8.048046 7.073203 7.034913 7.044924 7.297716 7.316665 7.081732 7.075664 7.063659 6.552147 6.545759 6.416539 6.411512 6.406179 6.386578 6.387626 6.447724 6.467142 6.478819 6.589382 6.600743 6.019575 6.022578 6.022578 3.690276 3.688858 3.410470 3.415047 3.416020 4.276230 4.275164 2.974826 2.902070 2.949283 5.454932 5.443978 5.329671 5.317028 5.261327 3.425694 3.422997
-9999.000000 -9999.000000 -9999.000000 -9999.000000 -9999.000000 -9999.000000 6.477218 6.116019 6.110079 6.113750 7.861929 7.873122 8.047210 8.042913 8.013331 7.697912 7.694080 6.818002 6.795808 6.781572 7.089055 7.112180 7.484846 7.478252 7.474787 7.210635 7.209036 6.997567 6.992298 6.982821 6.496221 6.496221 6.133158 6.137667 6.138133 6.426751 6.416760 5.259418 5.249923 5.260864 1.638075 1.638045 4.432273 4.429993 4.431468 5.575892 5.498850 5.227953 5.242211 5.223953 6.177951 6.142463 5.741624 5.714754 5.723685 4.817682 4.800122
-9999.000000 -9999.000000 -9999.000000 -9999.000000 -9999.000000 -9999.000000 6.523665 6.125919 6.124702 6.130261 7.890007 7.892289 8.054088 8.060408 8.055987 7.717319 7.715500 6.847898 6.842791 6.850572 7.123131 7.129511 7.498261 7.494681 7.490000 7.223626 7.223194 7.011105 7.006297 7.005333 6.505547 6.506725 6.144676 6.146686 6.152245 6.437002 6.443049 5.267745 5.268386 5.268546 1.640101 1.640092 4.426794 4.420749 4.364178 5.514457 5.542640 5.259661 5.250534 5.233412 6.130788 6.101306 5.729964 5.718727 5.737960 4.800075 4.796529
-9999.000000 -9999.000000 -9999.000000 -9999.000000 -9999.000000 -9999.000000 -9999.000000 5.499590 5.478237 5.503365 8.133510 8.137120 8.198994 8.202695 8.201873 8.126074 8.123161 7.886699 7.888461 7.892957 8.198007 8.195692 8.216401 8.214206 8.206137 7.730504 7.725761 7.536545 7.534821 7.532578 6.840053 6.837025 7.119529 7.128906 7.126864 7.550338 7.549230 6.998238 6.997495 6.990646 5.826801 5.908190 4.367406 4.451168 4.467307 3.373380 3.363118 4.532091 4.518242 4.487682 6.134687 6.143164 5.883520 5.867028 5.875495 4.639189 4.629380
-9999.000000 -9999.000000 -9999.000000 -9999.000000 -9999.000000 -9999.000000 -9999.000000 -9999.000000 5.490206 5.492270 8.134609 8.146897 8.212281 8.213917 8.208595 8.134912 8.141476 7.900340 7.903258 7.907726 8.211441 8.210291 8.230384 8.227476 8.221284 7.743284 7.739753 7.555118 7.551530 7.550504 6.858864 6.852500 7.132563 7.127803 7.122692 7.542202 7.540294 6.973767 6.858241 6.922223 5.908215 5.884058 4.465360 4.437881 4.505907 3.386405 3.373768 4.542514 4.524104 4.483006 6.164614 6.135304 5.858737 5.876924 5.881165 4.637845 4.619511
-9999.000000 -9999.000000 -9999.000000 -9999.000000 -9999.000000 -9999.000000 -9999.000000 -9999.000000 -9999.000000 5.508120 8.109690 8.133372 8.212434 8.221421 8.218974 8.144486 8.151405 7.917769 7.905757 7.916416 8.220028 8.222698 8.239756 8.236319 8.232695 7.755811 7.753807 7.567250 7.566402 7.561474 6.860827 6.824573 7.114235 7.100488 7.068354 7.488410 7.485130 6.919653 6.928182 6.948942 5.918756 5.909412 4.472088 4.523635 4.521140 3.396681 3.398984 4.549568 4.529950 4.478613 6.161333 6.137426 5.881056 5.882585 5.884290 4.622295 4.604601
-9999.000000 -9999.000000 -9999.000000 -9999.000000 -9999.000000 -9999.000000 -9999.000000 -9999.000000 -9999.000000 -9999.000000 6.733255 6.728325 7.134531 7.146008 7.153052 8.311892 8.319608 8.415762 8.405214 8.416434 8.521132 8.520425 8.547105 8.545688 8.544068 8.269143 8.262224 7.885924 7.881484 7.873137 7.434806 7.419247 6.603874 6.591796 6.596184 5.653269 5.646383 3.935839 3.948808 3.941913 4.516349 4.565633 4.121826 4.121159 4.118094 2.476295 2.474885 5.620964 5.587478 5.502758 5.569141 5.574520 5.432987 5.436061 5.417272 3.344928 3.328471
-9999.000000 -9999.000000 -9999.000000 -9999.000000 -9999.000000 -9999.000000 -9999.000000 -9999.000000 -9999.000000 -9999.000000 -9999.000000 -9999.000000 -9999.000000 7.153269 7.158322 8.318877 8.321078 8.411669 8.415032 8.429559 8.525528 8.525528 8.551294 8.553919 8.552304 8.276556 8.273877 7.894022 7.884428 7.872377 7.422323 7.394965 6.636612 6.658771 6.655853 5.702083 5.712006 3.971723 3.978434 3.990757 4.575384 4.574229 4.125706 4.124242 4.123178 2.478128 2.476019 5.617787 5.585642 5.507852 5.576098 5.576862 5.428860 5.438011 5.413748 3.328333 3.388539
-9999.000000 -9999.000000 -9999.000000 -9999.000000 -9999.000000 -9999.000000 -9999.000000 -9999.000000 -9999.000000 -9999.000000 -9999.000000 -9999.000000 -9999.000000 -9999.000000 -9999.000000 -9999.000000 7.988538 8.792862 8.805801 8.813102 8.746101 8.745834 9.395583 9.392571 9.386538 8.383973 8.381936 7.165881 7.166075 7.157753 6.677372 6.665242 6.162180 6.158832 6.166267 5.995814 5.992309 6.069518 6.067426 6.065715 5.818296 5.816036 4.561210 4.560604 4.560149 5.819031 5.814422 6.818206 6.771638 6.720752 5.594308 5.609621 5.051809 5.042556 5.045622 3.713865 3.721355
-9999.000000 -9999.000000 -9999.000000 -9999.000000 -9999.000000 -9999.000000 -9999.000000 -9999.000000 -9999.000000 -9999.000000 -9999.000000 -9999.000000 -9999.000000 -9999.000000 -9999.000000 -9999.000000 -9999.000000 8.806277 8.811875 8.814305 8.746616 8.746616 9.395950 9.394793 9.393403 8.383413 8.381376 7.170353 7.169196 7.168231 6.686894 6.684443 6.172829 6.171532 6.169308 6.001356 5.999516 6.070761 6.069051 6.066960 5.819873 5.818555 4.563941 4.560308 4.556824 5.816049 5.799236 6.786434 6.767971 6.714742 5.611722 5.615318 5.051927 5.024838 5.042846 3.694510 3.714106
-9999.000000 -9999.000000 -9999.000000 -9999.000000 -9999.000000 -9999.000000 -9999.000000 -9999.000000 -9999.000000 -9999.000000 -9999.000000 -9999.000000 -9999.000000 -9999.000000 -9999.000000 -9999.000000 -9999.000000 -9999.000000 -9999.000000 8.815022 8.747932 8.747398 9.396550 9.395855 9.389598 8.379592 8.381019 7.165945 7.165945 7.168069 6.688482 6.686975 6.176231 6.171233 6.170862 6.003213 5.996955 6.072574 6.070485 6.069156 5.821260 5.818438 4.565309 4.557440 4.549710 5.808454 5.726845 6.750423 6.772446 6.726002 5.602408 5.618232 5.053396 5.046032 5.053480 3.704904 3.724613
-9999.000000 -9999.000000 -9999.000000 -9999.000000 -9999.000000 -9999.000000 -9999.000000 -9999.000000 -9999.000000 -9999.000000 -9999.000000 -9999.000000 -9999.000000 -9999.000000 -9999.000000 -9999.000000 -9999.000000 -9999.000000 8.279890 8.280608 7.461353 7.461118 8.865068 8.863272 8.862373 8.526657 8.523467 6.846722 6.846328 6.847115 6.308281 6.308848 5.929183 5.926965 5.925300 5.539259 5.538007 5.053789 5.052434 5.052942 5.006103 5.002509 7.507823 7.502439 7.485784 7.936624 7.907135 6.606223 6.639203 6.621862 5.326292 5.358536 4.617613 4.603464 4.617520 3.981577 3.985161
-9999.000000 -9999.000000 -9999.000000 -9999.000000 -9999.000000 -9999.000000 -9999.000000 -9999.000000 -9999.000000 -9999.000000 -9999.000000 -9999.000000 -9999.000000 -9999.000000 -9999.000000 -9999.000000 -9999.000000 -9999.000000 -9999.000000 8.273415 7.459854 7.461740 8.866726 8.864706 8.862686 8.529586 8.523635 6.849320 6.846373 6.846963 6.309709 6.308577 5.931144 5.928373 5.927449 5.541707 5.541529 5.054962 5.052253 5.049882 5.005432 4.999443 7.509573 7.488901 7.447413 7.884500 7.877467 6.617338 6.633166 6.629995 5.358240 5.363760 4.594734 4.620187 4.606354 3.982070 3.991629
-9999.000000 -9999.000000 -9999.000000 -9999.000000 -9999.000000 -9999.000000 -9999.000000 -9999.000000 -9999.000000 -9999.000000 -9999.000000 -9999.000000 -9999.000000 -9999.000000 -9999.000000 -9999.000000 -9999.000000 -9999.000000 -9999.000000 9.615565 8.773403 8.780278 9.411033 9.413866 9.410561 9.347967 9.345276 8.460743 8.453530 8.453304 7.900491 7.901595 8.028052 8.024489 8.026494 8.007104 8.007104 8.840251 8.831690 8.832154 9.417173 9.407963 8.455677 8.404074 8.369947 6.502948 6.485222 6.217946 6.223443 6.225270 5.160762 5.180280 4.652301 4.627420 4.608031 4.637197 4.618711
-9999.000000 -9999.000000 -9999.000000 -9999.000000 -9999.000000 -9999.000000 -9999.000000 -9999.000000 -9999.000000 -9999.000000 -9999.000000 -9999.000000 -9999.000000 -9999.000000 -9999.000000 -9999.000000 -9999.000000 -9999.000000 -9999.000000 9.597125 8.753807 8.764420 9.400752 9.404778 9.403121 9.347071 9.346623 8.456495 8.458072 8.453563 7.899904 7.898137 8.027650 8.026982 8.024087 8.009459 8.005230 8.840706 8.831453 8.813558 9.368103 9.373314 8.423005 8.385633 8.351924 6.481580 6.494007 6.225031 6.223326 6.230135 5.172566 5.195938 4.673101 4.674971 4.662196 4.647335 4.632993
-9999.000000 -9999.000000 -9999.000000 -9999.000000 -9999.000000 -9999.000000 -9999.000000 -9999.000000 -9999.000000 -9999.000000 -9999.000000 -9999.000000 -9999.000000 -9999.000000 -9999.000000 -9999.000000 -9999.000000 -9999.000000 -9999.000000 9.579233 8.735589 8.744277 9.375890 9.384721 9.390672 9.334037 9.335388 8.451338 8.452918 8.452918 7.901303 7.900420 8.025244 8.025467 8.023239 7.998447 7.989057 8.796724 8.808655 8.801876 9.363160 9.310493 8.351318 8.329601 8.316071 6.487696 6.485641 6.226374 6.226861 6.233651 5.200392 5.205566 4.686594 4.686710 4.664298 4.578800 4.645152
-9999.000000 -9999.000000 -9999.000000 -9999.000000 -9999.000000 -9999.000000 -9999.000000 -9999.000000 -9999.000000 -9999.000000 -9999.000000 -9999.000000 -9999.000000 -9999.000000 -9999.000000 -9999.000000 -9999.000000 -9999.000000 -9999.000000 9.525170 10.060796 10.064373 10.163261 10.174468 10.181050 10.488256 10.505452 10.343495 10.346796 10.347827 10.283317 10.283104 10.172823 10.165138 10.150334 9.748121 9.766265 8.985946 8.981334 8.943412 8.123866 8.137656 7.439772 7.439136 7.432880 6.021247 6.062157 5.647493 5.674168 5.659149 4.635297 4.570863 4.975242 4.962495 4.947164 3.678833 3.641690
-9999.000000 -9999.000000 -9999.000000 -9999.000000 -9999.000000 -9999.000000 -9999.000000 -9999.000000 -9999.000000 -9999.000000 -9999.000000 -9999.000000 -9999.000000 -9999.000000 -9999.000000 -9999.000000 -9999.000000 -9999.000000 -9999.000000 9.506371 10.035596 10.040745 10.136922 10.144013 10.160331 10.482612 10.495609 10.344434 10.325151 10.332843 10.235403 10.257969 10.148810 10.149671 10.128040 9.772956 9.759863 8.946966 8.896332 8.907318 8.133077 8.153169 7.450847 7.440459 7.397507 6.068282 6.061352 5.634832 5.682967 5.651014 4.630956 4.605250 4.992857 4.988465 4.966658 3.652655 3.681557
-9999.000000 -9999.000000 -9999.000000 -9999.000000 -9999.000000 -9999.000000 -9999.000000 -9999.000000 -9999.000000 -9999.000000 -9999.000000 -9999.000000 -9999.000000 -9999.000000 -9999.000000 -9999.000000 -9999.000000 -9999.000000 -9999.000000 8.099722 7.973005 7.982513 8.595411 8.601837 8.591881 9.571414 9.610114 9.679558 9.672615 9.653575 9.782723 9.762323 9.151275 9.157460 9.151852 8.642369 8.611882 8.284625 8.294841 8.299780 7.834069 7.828249 7.735761 7.686386 7.754017 6.441684 6.406301 4.504767 4.536647 4.501662 4.606639 4.626189 5.621370 5.591729 5.590674 4.307599 4.229432
-9999.000000 -9999.000000 -9999.000000 -9999.000000 -9999.000000 -9999.000000 -9999.000000 -9999.000000 -9999.000000 -9999.000000 -9999.000000 -9999.000000 -9999.000000 -9999.000000 -9999.000000 -9999.000000 -9999.000000 -9999.000000 -9999.000000 8.062447 7.932467 7.892484 8.467351 8.594354 8.640725 9.590116 9.560434 9.594917 9.587880 9.618193 9.764398 9.759780 9.140346 9.113640 9.091238 8.630564 8.638536 8.313825 8.310894 8.309356 7.830055 7.814055 7.748734 7.769825 7.767320 6.434981 6.350426 4.518398 4.533019 4.505378 4.639404 4.640092 5.618603 5.602466 5.578045 4.289714 4.295236
-9999.000000 -9999.000000 -9999.000000 -9999.000000 -9999.000000 -9999.000000 -9999.000000 -9999.000000 -9999.000000 -9999.000000 -9999.000000 -9999.000000 -9999.000000 -9999.000000 -9999.000000 -9999.000000 -9999.000000 -9999.000000 -9999.000000 -9999.000000 -9999.000000 -9999.000000 -9999.000000 -9999.000000 8.642672 9.595077 9.579931 9.645591 9.647594 9.638636 9.754353 9.730801 9.113860 9.107178 9.123014 8.646173 8.651385 8.316919 8.307848 8.295752 7.808833 7.849205 7.787032 7.787032 7.782226 6.431846 6.476856 4.540888 4.496418 4.556012 4.637594 4.618550 5.589299 5.558485 5.584016 4.327062 4.301447
